Scaled from
PEER NGA STRONG MOTION DATABASE RECORD
ACCELERATION TIME SERIES IN UNITS OF G
NPTS= 1969.000000, DT= 0.020000, Scalar= 1.000000
  4.8379532e-02  6.1865363e-02  8.3837356e-02  6.6152689e-02  6.7024313e-02
  8.0156184e-02  9.4849899e-02  8.1215849e-02  6.3478088e-02  7.9711524e-02
  1.1606973e-01  1.1465611e-01  9.2462890e-02  9.1967347e-02  1.2197863e-01
  8.4012123e-02  1.0329403e-01  1.4270292e-01  1.6478774e-01  1.1794792e-01
  8.3992213e-02  3.2084154e-02 -3.3157091e-04  2.3244032e-02  4.1136650e-02
  6.5935889e-02  9.7637325e-02  1.2365772e-01  1.4588191e-01  1.4197067e-01
  8.4233347e-02  8.9407783e-02  1.1281110e-01  1.0315466e-01  1.1927969e-01
  1.2657567e-01  1.0458598e-01  6.8413601e-02 -9.6276796e-03 -9.5871955e-02
 -1.9063558e-01 -2.4168750e-01 -1.9363538e-01 -1.5347875e-01 -1.4890605e-01
 -1.9500918e-01 -2.1500785e-01 -2.1144614e-01 -1.8965113e-01 -1.8298564e-01
 -1.8829724e-01 -2.1848992e-01 -1.9994248e-01 -1.7952348e-01 -1.4465190e-01
 -1.0539345e-01 -5.9874345e-02 -3.5455611e-02 -4.4101055e-02  6.4597482e-02
  1.9625246e-01  3.0079862e-01  3.3738911e-01  1.4958520e-01  4.6773444e-04
 -1.9555560e-01 -3.9663297e-01 -4.6715926e-01 -4.6249143e-01 -4.8616242e-01
 -4.6926089e-01 -4.6120833e-01 -5.4191094e-01 -6.7451275e-01 -5.4914497e-01
 -4.9713515e-01 -3.9382342e-01 -2.9146296e-01 -1.8316705e-01 -9.0620092e-02
  1.0417893e-02  1.6554432e-01  3.9145632e-01  5.3113731e-01  6.3871867e-01
  7.4313652e-01  7.9908413e-01  6.6338517e-01  6.2553370e-01  5.7980665e-01
  6.1522465e-01  4.9111785e-01  2.7197310e-01 -6.9765281e-03 -5.8042608e-01
 -7.3795987e-01 -6.7772051e-01 -7.4776010e-01 -6.9951109e-01 -6.9121518e-01
 -6.7601708e-01 -6.6334093e-01 -6.5444771e-01 -6.3515696e-01 -6.1524678e-01
 -5.2361569e-01 -4.6408424e-01 -2.0786452e-01  1.0213260e-01  5.4713183e-01
  4.9149393e-01  3.6320598e-01  2.2702033e-01  1.2811760e-02 -2.5049222e-01
 -3.5424640e-01 -2.3870097e-01 -1.6844678e-01 -2.7062363e-02  1.1808730e-01
  2.6009336e-01  4.4930646e-01  5.6018406e-01  4.2718404e-01  3.3544234e-01
  1.1910493e-01 -5.8535938e-02 -2.9909519e-01 -2.8254762e-01 -3.4413645e-02
  6.7092892e-02  2.1077362e-01  3.3340707e-01  4.6012433e-01  5.2863748e-01
  3.1053249e-01  1.2736102e-01 -7.4672035e-02  4.0484039e-02  1.0688229e-01
  3.1803199e-01  5.1883725e-01  7.2373515e-01  8.1284428e-01  6.6853970e-01
  5.2609340e-01  3.3491140e-01  1.1638387e-01  1.0868748e-01  1.7180497e-01
  2.2644515e-01  2.8239276e-01  2.7792403e-01  2.3823640e-01  1.9918811e-01
  1.6898878e-01  2.0424972e-01  2.1247262e-01  2.4591288e-01  6.3792226e-02
 -7.9890715e-02 -2.6007123e-01 -1.7589319e-01 -8.9184346e-02 -1.0934672e-02
  8.5879256e-02  1.6575227e-01  4.0010619e-01  3.0475853e-01  1.5182178e-01
  7.5076875e-02  1.3836913e-01  1.6676327e-01  4.0001770e-01  4.6211535e-01
  2.0139593e-01 -1.0791098e-03 -2.2556025e-01 -4.2107825e-01 -4.5419552e-01
 -4.5143021e-01 -3.9734088e-01 -4.0711900e-01 -3.5300754e-01 -3.1586399e-01
 -2.6956175e-01 -2.3173241e-01 -1.8349225e-01 -1.4027830e-01 -5.4250824e-02
 -1.2049421e-01 -2.1754751e-01 -3.6462182e-01 -3.4300821e-01 -2.0338916e-01
 -1.2605358e-01 -4.5866425e-02 -2.3845762e-01 -4.1278234e-01 -3.2214676e-01
 -7.4800345e-02  4.5395217e-03  2.8203880e-02  5.2202287e-02  1.5960003e-01
  1.7293321e-01  1.5764662e-01 -7.6129903e-01 -5.1509856e-01 -5.7343539e-01
 -4.0678716e-01 -2.4232905e-01 -2.4982855e-02  1.1214300e-01  2.9741389e-01
  3.2128399e-01  2.7405261e-01  2.7184036e-01  3.3066389e-01  2.2936531e-01
  2.8759153e-01  4.6131894e-01  3.7546181e-01  4.5355397e-01  3.8187731e-01
  3.7849258e-01 -3.9358007e-01 -3.5763113e-01 -4.3994868e-01 -5.2352720e-01
 -4.9288764e-01 -5.2233259e-01 -7.8240382e-01 -6.8595005e-01 -5.1273146e-01
 -3.9804880e-01 -3.1037763e-01 -1.6294936e-01 -7.1192178e-02  8.4753224e-02
  1.7178948e-01  1.4149061e-01  1.8228657e-01  3.6530761e-01  3.2053182e-01
  4.0256178e-01  3.1971329e-01  2.4726235e-01  2.6889808e-01  3.5409154e-01
  3.6375904e-01  3.2278831e-01  1.6285866e-01  3.1270048e-02 -1.7598168e-02
  4.6848660e-02  2.6451784e-01  5.1113864e-01  2.1340177e-01 -1.0699511e-02
  1.2043448e-01  2.4653231e-01  3.4902551e-01  4.6410636e-01  5.8706281e-01
  5.8823529e-01  2.8920647e-01  7.1050594e-02  4.9569719e-02 -4.6819901e-02
 -6.0139814e-02 -1.8170475e-01 -3.8981926e-01 -4.6105347e-01 -4.3853284e-01
 -3.9807092e-01 -3.0759020e-01 -2.0956795e-01 -1.2854014e-01 -4.2800257e-02
  1.8067164e-02  1.7050638e-01  1.3474769e-01 -2.5294781e-02 -5.4755215e-02
 -1.7171648e-01 -2.3549322e-01 -2.2283919e-01 -1.4284008e-01 -3.9888945e-02
 -1.6853749e-01 -3.1608522e-01 -1.7728027e-01 -1.4422715e-01 -2.0878482e-02
  7.7915183e-02  1.7197752e-01  2.1537066e-02 -1.2293653e-01 -1.8686813e-01
 -9.1285977e-02 -4.2598943e-02  8.5051877e-02  1.4220959e-01  2.0281176e-01
  1.6554432e-01  9.8053227e-02  1.3557507e-02 -9.2350065e-02 -1.7404376e-01
 -4.5875274e-02  5.3644670e-02  2.3179877e-01  3.1652766e-01  1.3468354e-01
  6.0166361e-03 -1.5476185e-01 -2.5827932e-01 -2.0450191e-01 -1.8219587e-01
 -1.1868681e-01 -4.1977302e-02  2.9053381e-02  1.1139084e-01  1.1379333e-01
  1.2467535e-01  1.0407495e-01  1.8886800e-01  1.7547287e-01  1.1360308e-01
  7.6574564e-02 -8.2970157e-03 -3.5287481e-02 -1.1767582e-01 -8.8060527e-02
  3.9081477e-02  1.6589164e-01  1.5235051e-01  8.6244276e-02  7.3928722e-02
 -2.2103400e-02 -8.9830321e-02 -1.8526425e-01 -2.4232905e-01 -1.9147180e-01
 -2.6303564e-01 -1.8547442e-01 -7.4884410e-02  8.4775347e-02  3.3913678e-01
  4.3457293e-01  3.3679181e-01  2.4719598e-01  9.0509479e-03 -2.0361702e-01
 -3.8389045e-01 -3.6090525e-01 -2.4573590e-01 -1.4790169e-01 -2.4611198e-01
 -2.7004845e-01 -1.1216070e-01  2.6847776e-02  1.5640555e-01  2.8531292e-01
  3.8150123e-01  4.4620932e-01  3.9163330e-01  3.0747959e-01  2.4438643e-01
  1.5486140e-01  6.6267726e-02 -7.5831250e-02 -2.1228016e-01 -3.0971396e-01
 -2.0703714e-01 -1.3489149e-01 -2.2794947e-02 -8.7861425e-02 -1.2083932e-01
 -1.9945136e-01 -1.7077406e-01 -1.1189965e-01 -2.3135633e-02  9.4883083e-02
  2.1352123e-01  2.6418601e-01  1.7545517e-01  1.5217353e-01  8.0733580e-02
  3.9499591e-02 -2.5339026e-02 -9.9940269e-02 -1.3017499e-01 -1.0031635e-01
 -3.5535252e-02 -6.0115479e-02 -1.1869124e-01 -1.8764241e-01 -2.5376634e-01
 -2.7993717e-01 -2.9352034e-01 -2.1458310e-01 -1.5957127e-01 -1.2816627e-01
 -2.5155410e-01 -2.6513727e-01 -2.0855474e-01 -1.3340929e-01 -7.7764750e-02
  4.8049908e-02 -5.9925226e-02 -1.7198858e-01 -5.8436387e-02 -5.8162069e-02
  1.8264496e-02  8.7142446e-02 -2.1757848e-02 -1.2939407e-01 -2.3387828e-01
 -3.5159171e-01 -4.6297812e-01 -5.7374511e-01 -4.4063447e-01 -1.3572108e-01
  1.5535031e-01  4.8324226e-01  4.2506028e-01  5.7739531e-01  6.1489282e-01
  5.5766210e-01  2.3582506e-01  3.2966838e-01  2.6460633e-01  3.8992987e-01
  5.5188815e-03 -1.1111209e-01 -6.5688118e-02 -1.4989271e-01 -1.5007411e-01
 -1.0461916e-01  4.6255779e-02  1.9116430e-01  2.3381192e-01  8.7372520e-02
  2.0554609e-02 -5.9788067e-02  4.9618388e-02  2.8237064e-01  4.8934805e-01
  4.7702586e-01  4.9304250e-01  3.4258788e-01  3.5482158e-01  3.4789726e-01
  3.4537531e-01  3.6395814e-01  3.8444351e-01  3.5648076e-01  3.5619317e-01
  1.0136274e-02 -1.0180519e-01 -1.8959361e-02 -1.4768489e-02  1.7116342e-02
  6.8223348e-02  1.2216667e-01  1.3553304e-01  5.6708626e-02  8.7624715e-04
 -1.1032896e-01 -1.7619848e-01 -1.5144349e-01 -1.7608123e-01 -1.7961861e-01
 -2.1650997e-01 -4.0503949e-01 -4.1860054e-01 -3.5289693e-01 -2.3363494e-01
 -4.6746897e-02  1.2222861e-01  1.4615844e-01 -3.3805278e-02 -1.5710904e-01
 -2.6750437e-01 -4.6317722e-01 -3.3314161e-01 -2.3016171e-01  2.5111165e-02
  9.6953742e-02  5.3337168e-02 -6.0071234e-03 -1.1734177e-03  5.6562618e-02
  1.2499170e-01  1.1068071e-01 -3.5466673e-02 -1.3220361e-01 -3.0192686e-01
 -3.8196580e-01 -4.4501471e-01 -2.3932040e-01 -2.6489392e-01 -4.4906312e-01
 -2.0589563e-01  2.9402916e-02  2.6469482e-01  4.3143154e-01  4.3797978e-01
  1.9567064e-01 -2.1157445e-02 -1.9581444e-01 -8.5704489e-02 -3.1896113e-02
  7.1612504e-02  2.6639825e-01  1.7453045e-01 -1.6339845e-01 -1.4852996e-02
 -1.0985112e-01  2.3292702e-02 -5.9739398e-02 -1.6636949e-01 -1.1754972e-01
 -1.2599385e-01 -9.0378957e-02 -5.3817225e-02 -1.5045462e-02 -5.6507311e-02
 -1.0677831e-01 -1.8316262e-01 -2.7495963e-01 -2.0344446e-01 -3.5017587e-02
  1.6519921e-01  3.0247992e-01  9.5840984e-02  1.0003761e-01 -1.1068071e-01
  1.0250426e-02  1.1922660e-01  2.1750769e-01  1.8048581e-01  4.4979316e-02
 -7.8255868e-02 -1.5554941e-01 -3.7125854e-02  8.9794925e-02  3.0639559e-01
  2.6748225e-01  2.0939761e-01  1.4090879e-01  5.8582395e-02 -4.2625489e-02
 -2.4389974e-01 -4.4233790e-01 -6.1843240e-01 -6.0823397e-01 -5.3261952e-01
 -2.9683871e-01 -2.5016039e-01 -2.8783488e-01 -2.1032454e-01 -9.4734863e-02
  5.4140212e-03  1.9807535e-01  3.9358007e-01  5.6230781e-01  6.7314116e-01
  7.9344291e-01  8.9797137e-01  1.0000000e+00  9.3462823e-01  8.5852709e-01
  7.7047984e-01  6.7393757e-01  5.6982944e-01  5.3558392e-01  5.3624759e-01
  3.0973608e-01  1.5149437e-01 -6.6542044e-02 -2.5816871e-01 -4.5890759e-01
 -6.4798797e-01 -7.8928390e-01 -4.3782492e-01 -2.6602217e-01 -8.3861691e-02
  1.2786541e-01  7.4037121e-02 -8.3330752e-02 -2.4292635e-01 -4.6669469e-01
 -5.0609473e-01 -5.5053868e-01 -5.6257328e-01 -5.8029334e-01 -4.1676437e-01
 -2.5387696e-01 -7.2426609e-02 -2.8798974e-02 -1.6833838e-01 -2.4712962e-01
 -3.4072960e-01 -3.5820631e-01 -2.9920580e-01 -2.5029312e-01 -1.8093268e-01
 -1.1189744e-01 -4.3519235e-02  3.2743402e-02  1.1213194e-01  1.8458952e-01
  2.4571378e-01  3.0305511e-01  2.6880959e-01  1.6061102e-01  1.2258478e-01
  9.0834679e-02  2.4142203e-02 -2.5874389e-02 -7.8733712e-02 -8.8494126e-02
 -1.2217109e-01 -1.1559631e-01 -1.2192332e-01 -1.0308829e-01 -2.8250337e-02
  4.4373161e-02  1.0031193e-01  8.0094242e-02  4.2875473e-02  3.4468951e-03
 -4.4488198e-02  1.9611309e-01  3.3285401e-01  2.8489260e-01  2.7626485e-01
  2.0248877e-01  1.4758313e-01  7.7565648e-02  4.4667389e-02  3.7563879e-02
  2.4474039e-02 -6.6657080e-02 -2.8159635e-02  4.2428600e-02 -3.1418269e-02
 -8.5450081e-02 -2.0619649e-01 -1.5451408e-01 -6.6347366e-02  2.6279229e-03
  1.3578745e-01  1.3142048e-01  7.8917328e-02  3.0183837e-02 -9.4706104e-02
 -1.3432516e-01 -9.9059797e-02 -8.0799947e-02 -4.7439329e-02 -8.4158131e-03
  2.3993983e-02  6.1748114e-02  3.8453200e-02 -2.8896312e-02 -1.1513174e-01
 -2.1647236e-01 -2.0045130e-01 -1.0042033e-01  2.2584784e-02  5.7471849e-02
 -4.8923744e-02 -1.0277194e-01 -1.7550163e-01 -1.1670686e-01 -8.4660310e-02
 -1.9259562e-02  3.3548658e-02  9.5168462e-02  1.5080636e-01  1.9574807e-01
  2.6617702e-01  2.3151118e-01  5.9956198e-02 -3.9849125e-02 -1.6639604e-01
 -2.4418733e-01  1.2674380e-01  2.4405460e-01  1.6469482e-01  1.6528107e-01
 -2.4841272e-02 -1.1959826e-01 -8.0638453e-02 -1.0774949e-01 -1.7544853e-01
 -1.7172090e-01 -2.6708404e-02  1.7022322e-01  3.5079530e-01  4.7032277e-01
  5.2222198e-01  2.7549056e-01  1.2914851e-01 -7.7607681e-02 -2.1292613e-01
 -1.3900847e-01 -1.0754596e-01  1.7050417e-02  1.0746411e-02 -6.4137336e-02
 -1.1385085e-01 -2.2208703e-01 -2.9632989e-01 -2.0379842e-01 -8.5775280e-02
 -3.5086167e-02  9.6478110e-02  3.0577617e-01  4.0304847e-01  2.4569166e-02
 -2.6075703e-01 -3.7302834e-01 -3.0814326e-01 -2.0201978e-01 -7.2289450e-02
  7.1601442e-02  1.9788067e-01  2.8546778e-01  2.3144482e-01  8.8095923e-02
  9.2467314e-03 -2.0584253e-01 -1.9499812e-01 -1.7753910e-01 -2.6232772e-01
 -1.8633277e-01 -1.1724886e-01 -1.0133619e-01 -1.5746079e-01 -1.5474194e-01
 -1.0481826e-01 -2.4991704e-02  7.4037121e-02  2.7973807e-01  3.3190275e-01
  1.7891733e-01  7.1877973e-02 -4.8680397e-02 -1.9345619e-01 -2.7184036e-01
 -1.7494635e-01 -1.1454328e-01 -2.1723337e-02  2.9887397e-02 -1.8241046e-02
 -8.6500896e-02 -9.3706170e-02 -5.1189080e-02  1.9974780e-02  1.4557883e-01
  2.0259275e-01  1.4320288e-01  1.0017698e-01  1.7197752e-02  1.6669026e-02
  1.5648298e-01  1.8712032e-01  1.9196735e-01  1.2350286e-01  8.1791032e-02
  3.2854014e-02  5.8181979e-02  6.3378537e-02  7.5191912e-02  5.0828485e-02
  1.4827777e-02  1.8794991e-02  1.3018163e-02  4.4129814e-03  1.9423932e-02
  3.0964759e-02  8.3423667e-02  1.5036613e-01  1.8458952e-01  2.4903214e-01
  3.2196978e-01  2.8980377e-01  1.1952968e-01  3.6099374e-02  1.5605601e-02
  3.2991173e-03  1.4281574e-02 -1.2805345e-02 -1.3459947e-01 -2.3027233e-01
 -2.0323209e-01 -2.1015419e-01 -1.6138973e-01 -1.2489215e-01 -7.0139150e-02
 -2.7969383e-02  4.0320333e-02  1.0042918e-01  1.8193925e-01  2.6029246e-01
  3.1256775e-01  2.3611265e-01  1.1404774e-01  2.1244386e-02 -1.2315997e-01
 -1.3100015e-01  3.4218968e-02 -5.4171183e-02 -9.3792447e-02 -1.4662744e-01
 -2.0953255e-01 -2.4947459e-01 -1.7581134e-01 -8.0760127e-02  3.2542088e-02
  1.7636219e-01  2.0376524e-01  1.5532376e-01  1.3646439e-01  7.4492843e-02
  6.1292392e-02  2.4489525e-02 -2.5606708e-03 -6.4856315e-02 -1.1362299e-01
 -1.4162556e-01 -1.7875805e-01 -1.9827224e-01 -1.9104484e-01 -1.7972922e-01
 -1.4985510e-01 -1.3162401e-01 -1.2000531e-01 -1.1468708e-01 -1.1000597e-01
 -1.0532708e-01 -9.6860828e-02 -9.4080039e-02 -7.4944141e-02 -5.6438732e-02
  5.1700108e-03  5.5445435e-02  1.3025684e-01  1.7422959e-01  2.3801518e-01
 -4.8412716e-02 -1.3944650e-01 -1.0934672e-01 -1.2456032e-01 -4.0351304e-02
  1.9624140e-02  9.2177510e-02  5.2711103e-02  1.9212663e-02 -3.8205429e-02
 -8.2100746e-02 -6.7473398e-02 -4.4674026e-02 -9.6108665e-03  2.2932106e-02
  4.6653983e-02  5.7783775e-02  2.9259120e-02  1.3000907e-02 -1.1760281e-02
  1.0041369e-02  1.3504192e-01  2.3675420e-01  3.8375772e-01  3.9391191e-01
  2.2403380e-01  1.1678650e-01 -5.9692941e-02 -1.8457846e-01 -3.0285601e-01
 -3.7962082e-01 -4.1107891e-01 -3.4119417e-01 -2.7763644e-01 -2.6630976e-01
 -2.3454196e-01 -1.5873283e-01 -9.8969095e-02 -4.9282127e-02 -7.5433046e-02
 -5.9111121e-02 -1.3218370e-02  8.9622370e-02  8.9248501e-02  3.2548725e-02
 -2.2901135e-02 -3.0526735e-02  5.8958476e-03  2.8150786e-02  7.3687587e-02
  1.0002655e-01  1.1943455e-01  1.3506626e-01  1.6610844e-01  2.0092472e-01
  2.0143796e-01  1.8873084e-01  1.6374798e-01  1.2869500e-01  7.2238568e-02
  1.8612924e-02 -3.7849258e-02 -7.6694025e-02 -2.8380860e-02  2.6849988e-02
  1.2330155e-01  1.2849811e-01  5.8173130e-02  4.8383957e-03 -8.8772869e-02
 -1.2260248e-01 -1.2056501e-01 -1.0688450e-01 -7.0866978e-02 -1.4954981e-03
  7.1650112e-02  1.3692896e-01  1.9402473e-01  2.1902529e-01  2.6321262e-01
  2.9577683e-01  3.2767737e-01  2.6489392e-01  1.3319691e-01  1.3768998e-02
 -1.3429418e-01 -2.4615623e-01 -3.5143685e-01 -4.0541557e-01 -3.2314227e-01
 -2.5819083e-01 -1.2872376e-01  5.7863416e-03  4.3063513e-02  2.0242241e-02
  2.9832091e-02  1.9915050e-02  2.4790390e-02 -4.7109705e-02 -5.6392275e-02
 -6.5986771e-02 -1.2025972e-01 -1.4872685e-01 -1.8914674e-01 -2.1887707e-01
 -1.1926863e-01 -1.9974338e-02  2.5830144e-02 -9.8566467e-03 -4.0194235e-02
 -9.9473486e-02 -4.6419485e-02  1.9192974e-03  7.4806982e-02  1.2913081e-01
  1.9887618e-01  2.0915647e-01  2.4115656e-01  2.5710683e-01  2.1075814e-01
  1.4427803e-01  8.2523284e-02  9.4626463e-04 -4.9158242e-02 -9.7055505e-02
 -1.3897086e-01 -1.8843218e-01 -2.3252881e-01 -2.6564609e-01 -2.0809460e-01
 -1.5748070e-01 -8.5147004e-02 -7.7744840e-03  7.7468310e-02  1.5705595e-01
  2.3790456e-01  3.1781076e-01  3.2692520e-01  2.1930845e-01  1.6109550e-01
  7.3941995e-02 -1.6670575e-02 -1.0035617e-01 -2.2651151e-01 -2.9478132e-01
 -2.1231113e-01 -1.7576931e-01 -8.5113820e-02 -2.4341305e-02  6.1292392e-02
  1.3402650e-01  2.1337522e-01  1.6591819e-01  1.1909829e-01  4.4278035e-02
 -3.5260934e-02 -9.4962724e-02 -1.1219609e-01 -8.6310643e-02 -4.5948278e-02
  1.3406190e-03  6.3734708e-02  1.5035728e-01  2.1339513e-01  2.9217087e-01
  3.4199058e-01  3.3957923e-01  3.7681127e-01  3.1904962e-01  2.5372210e-01
  1.6289848e-01  6.7362786e-02 -2.7537995e-02 -1.2747163e-01 -2.1765148e-01
 -2.8675088e-01 -1.9252926e-01 -2.0780922e-01 -2.4511647e-01 -2.7203947e-01
 -3.1124040e-01 -3.6993120e-01 -3.4053050e-01 -2.2175519e-01 -7.2156715e-02
  1.3314382e-01  3.7240891e-01  3.8798310e-01  2.9217087e-01  2.3817003e-01
  1.4139991e-01  5.0299759e-02 -6.5668208e-02 -1.5017145e-01 -9.1190850e-02
 -5.5182178e-02 -6.9015331e-03 -3.0995730e-02 -4.3448444e-02 -8.3594009e-02
 -3.1230228e-02  4.9138332e-02  1.4396390e-01  1.9160896e-01  1.5617326e-01
  1.3363494e-01  8.9381236e-02  3.0969183e-02 -3.3429197e-02 -9.6568812e-02
 -1.6475013e-01 -2.1687720e-01 -1.9036347e-01 -1.7328053e-01 -1.4140654e-01
 -1.0073668e-01 -7.8001460e-02 -1.3645554e-01 -1.4960069e-01 -2.0019689e-01
 -2.1178019e-01 -1.2204721e-01 -3.3893768e-02  5.6772781e-02  1.6442272e-01
  1.2606907e-01  4.0826936e-02 -3.4353915e-02 -1.3848860e-01 -1.6836714e-01
 -1.1046612e-01 -6.4214765e-02  1.3812800e-02  7.5787005e-02  1.3492246e-01
  1.5818198e-01  1.7482247e-01  1.0839104e-01  8.7587107e-02  5.5750725e-02
  3.7444417e-02  1.4408557e-02 -1.4610535e-02 -5.4020751e-02 -9.2807999e-02
 -1.1366945e-01 -1.3422118e-01 -8.6182333e-02 -3.5006526e-02 -2.4042652e-03
  5.3478751e-02  7.0336040e-02  7.3654403e-02  1.0906577e-01  1.4698803e-01
  1.8960467e-01  1.5294339e-01  9.9588523e-02  3.9933190e-02 -2.4133354e-02
  2.6013760e-02  7.3006216e-02  1.2628587e-01  2.0976484e-01  1.4880871e-01
  3.8329314e-03 -5.2731013e-02 -1.6059111e-01 -2.8608721e-01 -2.9137447e-01
 -1.3368361e-01 -5.4980864e-02  9.3257085e-02  2.2418866e-01  3.5917970e-01
  2.5064708e-01  1.6192067e-01  1.8123797e-02 -2.1127359e-01 -2.5531491e-01
 -2.3772758e-01 -1.9936287e-01 -1.1946552e-01 -6.6639382e-02 -2.8018052e-03
  5.1589496e-02  1.1006349e-01  8.1687056e-02  6.1803420e-02  2.0831803e-02
 -3.2101852e-02 -9.1332434e-02 -1.3640909e-01 -2.0004867e-01 -1.5798067e-01
 -7.2488552e-02 -2.0351304e-02  5.3494237e-02  1.0215915e-01  1.6120833e-01
  1.7494193e-01  1.3297569e-01  9.9820808e-02  4.4948344e-02 -1.3700197e-02
 -7.3924297e-02 -1.4579563e-01 -1.5630821e-01 -1.0357720e-01 -7.3820322e-02
 -1.8574431e-02  3.1320930e-02  4.9432560e-02  8.7038471e-03  2.8389709e-02
  4.9016658e-02  7.4678672e-02  6.1009225e-02  3.5380395e-02  5.0660354e-02
  6.4683760e-02  4.3147579e-02  2.3819216e-02  1.6566378e-03 -3.2774373e-02
 -8.6084994e-02 -1.3593124e-01 -1.7381590e-01 -2.0163042e-01 -2.2881225e-01
 -2.6575670e-01 -3.1431542e-01 -2.6502666e-01 -2.1511404e-01 -1.3277880e-01
 -5.4843705e-02  4.5432825e-02  1.6837378e-01  2.7936199e-01  4.1143287e-01
  4.1041524e-01  3.4079596e-01  2.6584519e-01  1.2418866e-01  2.5018251e-02
 -9.7115236e-02 -1.5536801e-01 -2.3876734e-02  1.0290467e-01  2.2024866e-01
  3.4075172e-01  2.0198217e-01  5.3784041e-02 -1.1485963e-01 -2.8161848e-01
 -4.4424043e-01 -4.3636484e-01 -3.6174590e-01 -2.6697343e-01 -1.5456717e-01
  2.8376435e-03  1.9045196e-01  3.5889211e-01  4.5811119e-01  3.0783355e-01
 -9.7011260e-02 -3.7504148e-01 -3.1918236e-01 -2.8064509e-01 -1.7726700e-01
 -6.8842776e-02  1.8823087e-02  1.1908944e-01  2.0646417e-01  3.1272261e-01
  2.9723691e-01  2.0403292e-01  1.3319027e-01  1.9558215e-02 -1.0381612e-01
 -2.1396146e-01 -3.0174988e-01 -4.0178749e-01 -4.9585205e-01 -5.3326107e-01
 -4.4886401e-01 -3.8778400e-01 -2.9203814e-01 -1.9755105e-01 -1.0147335e-01
 -5.0680265e-03  9.2600049e-02  1.6921001e-01  2.4173174e-01  3.0860784e-01
  3.6827202e-01  4.4335553e-01  5.2286353e-01  6.0803486e-01  5.5728602e-01
  4.4490410e-01  3.3095149e-01  1.7955667e-01  6.4048846e-02 -7.4099064e-02
 -2.2575935e-01 -3.5192354e-01 -2.2792735e-01 -8.0317678e-02  8.4613853e-02
  2.5208504e-01  4.0256178e-01  2.9754662e-01  1.4786187e-01 -4.5539013e-02
 -2.2004955e-01 -1.7115236e-01 -1.4645931e-01 -4.6547796e-02  7.0663452e-02
  1.7530916e-01  2.8152999e-01  3.2263345e-01  2.5332389e-01  2.0349534e-01
  1.1216070e-01  3.2066456e-03 -9.3465036e-02 -1.9169303e-01 -1.7475168e-01
 -1.4961396e-01 -1.2321970e-01 -1.1286419e-01 -1.3711037e-01 -1.7078734e-01
  1.9256465e-02  1.6431432e-01  3.5594983e-01  4.5917306e-01  3.6196713e-01
  2.9717054e-01  1.8488153e-01  4.6147380e-02 -1.3599540e-01 -2.8478198e-01
 -2.7434020e-01 -2.8719333e-01 -2.5283720e-01 -2.1061434e-01 -1.5202531e-01
 -1.0916532e-01 -6.0635356e-02 -1.0682477e-01 -2.1531093e-01 -2.9734752e-01
 -3.4165874e-01 -3.2931443e-01 -2.8299007e-01 -2.3947526e-01 -1.5697631e-01
 -4.0780479e-02  4.4238214e-02  8.9615733e-02  1.4632878e-01  1.8478641e-01
  2.0278300e-01  2.2297193e-01  2.0825166e-01  1.1107670e-01  2.0820742e-02
 -7.9507997e-02 -1.9242749e-01 -1.4865164e-01 -5.0759905e-02  4.4293520e-02
  1.6892020e-01  2.8221578e-01  2.6774772e-01  1.9601354e-01  1.3905493e-01
  4.7165011e-02 -2.5852266e-02 -1.0265690e-01 -1.0363029e-01 -6.5599628e-02
 -7.2884543e-02 -5.5007411e-02 -2.2980776e-02  1.3757936e-02  5.4264098e-02
  1.0231179e-01  9.6228126e-02  7.8490366e-02  5.6653319e-02  3.6694467e-02
  1.3890892e-02  3.3871646e-02  9.3801296e-02  1.5088822e-01  1.8468022e-01
  1.2028626e-01  6.7207929e-02 -2.3642236e-02 -1.0820963e-01 -2.0254408e-01
 -1.7480698e-01 -9.0755038e-02 -1.3010198e-02  7.2902241e-02  3.6400239e-02
 -2.9471495e-03 -3.6329447e-02 -8.1366281e-02 -1.2641639e-01 -1.6487401e-01
 -1.3475212e-01 -9.6458200e-02 -5.6918789e-02 -2.5892087e-02 -8.7222087e-03
 -5.2925691e-02 -6.3473663e-02 -7.3092494e-02 -5.8810256e-02 -1.6850430e-02
 -1.9902440e-02 -5.0974493e-02 -5.7513882e-02 -8.5149216e-02 -1.0587793e-01
 -8.8230870e-02 -7.3114616e-02 -6.3363051e-02 -5.3622547e-02 -4.8930381e-02
 -4.6769020e-02 -4.3362166e-02 -4.3428534e-02 -3.5329514e-02 -1.5283278e-02
  1.1040639e-02  2.7599938e-02  4.5401854e-02  3.8338163e-02  4.8291043e-03
 -2.5546977e-02 -6.9462204e-02 -7.7521403e-02 -5.6011769e-02 -5.4967591e-02
 -3.9773909e-02 -2.3646661e-02  1.2779462e-03  1.9584983e-02 -1.7181382e-02
 -3.7911201e-02 -7.3442028e-02 -3.2517753e-02  1.6892020e-02  9.6500232e-02
  9.0511692e-02  1.7177400e-02 -6.4480234e-03 -4.9591841e-02 -9.0854589e-02
 -1.3086742e-01 -9.7570958e-02 -5.3270801e-02  1.8085747e-02  7.2442095e-02
  1.2238789e-01  1.5627945e-01  9.0420990e-02  6.6404885e-02  2.5075769e-02
  1.3643785e-03 -1.2598721e-02 -1.3291817e-04  3.4353915e-02  4.7125191e-02
 -3.6681194e-03 -3.9990709e-02 -7.4742827e-02 -6.1352123e-02 -1.5556932e-02
  3.9046081e-02  9.3018163e-02  1.1867575e-01  9.7750149e-02  6.2672831e-02
  9.9723470e-03 -4.3357742e-02 -9.4172953e-02 -9.2752693e-02 -6.3644006e-02
 -4.1141075e-02 -9.1976196e-03  1.8969980e-02  4.9972347e-02  8.2231268e-02
  1.1984603e-01  1.3417472e-01  1.0697299e-01  8.0403955e-02  4.2820167e-02
 -1.0476296e-04 -3.9251820e-02 -7.2103621e-02 -6.1214964e-02 -2.0426520e-02
  1.9103157e-02  2.0881800e-02 -1.5658916e-03 -1.2681680e-02 -1.3093158e-02
 -1.1611840e-02  1.3160410e-02  7.4123399e-02  1.0016371e-01  1.3596443e-01
  9.6568812e-02  2.1308099e-02 -3.8214278e-02 -5.9657545e-02 -1.8161184e-02
  2.9947127e-02  8.5301860e-02  1.3059310e-01  1.7778024e-01  1.9791164e-01
  1.8721545e-01  1.5985001e-01  1.3406411e-01  9.1923102e-02  5.4826007e-02
  2.1194832e-02 -1.2112249e-02 -4.1634405e-02 -4.6295600e-02 -5.8498330e-02
 -6.2825476e-02 -7.7844391e-02 -9.4743712e-02 -1.0125213e-01 -1.0334712e-01
 -1.1266951e-01 -8.3912572e-02 -2.9973674e-02  1.6105789e-02  6.1564498e-02
  1.0828706e-01  1.2009380e-01  1.1680419e-01  1.2642081e-01  1.4769816e-01
  1.6015972e-01  1.6350242e-01  1.1368272e-01  6.2610889e-02  2.0041369e-02
 -2.0946176e-02 -7.1997434e-02 -1.1768909e-01 -1.6652213e-01 -1.7003739e-01
 -1.6347588e-01 -1.3204876e-01 -9.4009247e-02 -5.4387983e-02 -3.4269849e-02
 -1.3513926e-02  8.5067363e-03  2.6757074e-02  4.7530031e-02  5.9186337e-02
  6.2354269e-02  4.6330996e-02  2.4965157e-02  6.7515430e-03 -1.8693228e-02
 -4.3501538e-02 -7.2081499e-02 -9.8453642e-02 -1.2356260e-01 -1.4551910e-01
 -1.6463952e-01 -1.7462779e-01 -1.6478995e-01 -1.0176979e-01 -5.3219919e-02
  6.3462602e-03  6.9064000e-02  1.2077517e-01  9.6969228e-02  9.1104573e-02
  6.4159458e-02  3.8477535e-02  9.6531204e-03 -1.2559786e-02 -7.8844324e-04
  1.5391235e-02  9.8621773e-03  4.3362166e-03 -4.3328983e-03 -1.1112758e-02
 -5.9332345e-03 -1.3812358e-03 -4.6930513e-03 -3.1916023e-02 -3.9001836e-02
 -4.5140809e-02 -5.1593921e-02 -5.9617724e-02 -4.8443687e-02 -2.8462713e-02
 -1.0053757e-02  8.6726545e-03  8.8343694e-03  1.0254408e-02  1.9542729e-02
  3.2292105e-02  4.5669535e-02  6.3139615e-02  8.5012057e-02  7.9198283e-02
  5.7018339e-02  3.4838396e-02  9.1989470e-03  3.5477734e-02  5.2627038e-02
  8.2994492e-02  9.3221689e-02  6.2540097e-02  3.9727452e-02  3.0655045e-03
 -1.6604650e-02 -1.2048537e-02 -5.6053802e-03 -3.5033073e-02 -8.1459195e-02
 -1.1592593e-01 -9.3757052e-02 -8.1660509e-02 -5.1315178e-02 -2.3803730e-02
  7.4820255e-03  3.4360551e-02  5.9659757e-02  3.9019534e-02  2.1523129e-02
  1.1919784e-03 -2.1343716e-02 -3.1612946e-02 -3.5588346e-02 -4.2399841e-02
 -4.1034887e-02 -4.2187465e-02 -2.8241488e-02 -2.9710417e-03  1.6318607e-02
  4.5359821e-02  4.7023428e-02  2.6027034e-02  1.1320488e-02 -1.3457071e-02
 -3.8238612e-02 -5.5155631e-02 -5.0994403e-02 -5.4704334e-02 -5.2438997e-02
 -4.6085437e-02 -1.2045439e-02  1.3180762e-02  5.1620468e-02  5.4812734e-02
  3.0312147e-02  1.2732341e-02 -1.6493817e-02 -2.1808951e-02 -2.6498241e-02
 -3.1192620e-02 -3.2427051e-02 -2.7057939e-02 -1.7914298e-02 -2.7341106e-02
 -4.8096365e-02 -6.4135124e-02 -8.3640466e-02 -6.1299029e-02 -4.4306794e-02
 -2.1656748e-02 -1.2538770e-02 -1.0661239e-02 -8.7865850e-03 -9.3639803e-04
  1.1315842e-02  1.9475256e-02  2.3226335e-02  3.6415725e-02  5.4949893e-02
  7.5999381e-02  6.6212420e-02  3.9428799e-02  1.7047320e-02 -1.1313851e-02
 -1.8280866e-02 -3.1228016e-02 -4.6065527e-02 -5.2724377e-02 -4.9945800e-02
 -5.2834989e-02 -5.7925359e-02 -5.0432493e-02 -2.5951817e-02 -5.5600292e-03
  2.3009535e-02  4.9689180e-02  7.8255868e-02  9.6752428e-02  1.0958122e-01
  1.1611619e-01  1.0534478e-01  8.7334911e-02  6.2400726e-02  3.8408955e-02
  2.6060217e-02  1.7169878e-02  2.0865429e-02  2.8964892e-02  2.3219698e-02
  4.5724841e-03 -9.9849568e-03 -2.5175320e-02 -3.9734088e-02 -4.7370750e-02
 -3.7389111e-02 -1.6078136e-02  8.6930071e-03  3.4092870e-02  5.8863350e-02
  3.9895582e-02  2.5648740e-02  2.2759551e-03 -3.1615158e-03 -3.8802734e-03
  4.8417140e-03  1.8597659e-02  2.6690706e-02  6.7796385e-03 -1.0615225e-02
 -3.4931310e-02 -5.7989514e-02 -7.8527974e-02 -6.6657080e-02 -5.7303719e-02
 -4.5120899e-02 -3.7652368e-02 -2.8613145e-02 -1.7369865e-02 -2.9801119e-03
  1.1095503e-02  2.6746012e-02  3.4216756e-02  4.4833308e-02  5.2304051e-02
  6.4179369e-02  6.5044355e-02  4.9863947e-02  3.4053050e-02  1.3837798e-02
 -1.0276973e-03 -9.2825697e-03 -1.7853240e-02 -2.7681791e-02 -3.5305179e-02
 -3.9782758e-02 -3.0413911e-02 -5.6252904e-03  1.8848749e-02  3.3884919e-02
  3.0670531e-02  2.2109594e-02  9.7736876e-03  6.8780833e-03  1.3107095e-02
 -1.7442426e-03 -1.3448222e-02 -2.1372918e-02 -2.5522642e-02 -2.9984736e-02
 -3.2873924e-02 -2.8524655e-02 -1.2218658e-02 -6.9234343e-03 -7.2911090e-03
 -1.0806141e-02  3.9327036e-03  3.2829679e-02  3.8444351e-02  4.1227352e-02
  4.3067938e-02  4.2076853e-02  4.3291374e-02  3.2860651e-02  1.9602018e-02
  6.6575227e-03 -5.9723912e-03 -9.7772272e-04  3.3851736e-03  1.3728292e-02
  1.9981860e-02  2.5292569e-02  2.1163861e-02 -1.2144990e-03 -2.2648939e-02
 -3.7787315e-02 -3.7196646e-02 -3.0936000e-02 -1.2720395e-02  2.9781209e-03
  2.4969582e-02  4.1614495e-02  4.4727120e-02  3.8402318e-02  2.1694799e-02
  1.1909165e-02  1.0619870e-02  7.7574497e-03  6.4688184e-03 -9.6084331e-03
 -2.3797093e-02 -4.2390992e-02 -6.2560007e-02 -7.3915448e-02 -5.2233259e-02
 -3.5269783e-02 -1.0124107e-02  5.8956264e-03  1.3104882e-02  2.0628498e-02
  2.3434285e-02  2.8440590e-02  2.6210650e-02  1.7687985e-02  4.1304781e-03
 -1.3517244e-02 -3.0221445e-02 -4.8496781e-02 -6.0166361e-02 -5.2956662e-02
 -4.3859921e-02 -1.9029047e-02  4.2280380e-03  3.0632923e-02  5.2631463e-02
  6.2358693e-02  6.2332146e-02  5.3494237e-02  4.6543371e-02  3.3929164e-02
  1.9743601e-02 -4.2238347e-04 -1.7440214e-02 -3.1942570e-02 -2.0012831e-02
 -1.5006969e-02 -1.3774749e-02 -1.0655709e-02 -9.1104573e-03 -1.1026702e-02
 -1.6719244e-02 -1.7059930e-02 -9.8497887e-03 -2.9553348e-03  5.1981063e-03
  1.1463841e-02  8.2901577e-03  2.9141871e-03 -4.3503750e-03 -1.0984448e-02
 -1.7934650e-02 -2.2996261e-02 -2.2706458e-02 -2.2103400e-02 -1.8668230e-02
 -1.6492268e-02 -1.3055549e-02 -1.4338208e-02 -2.2230825e-02 -2.8860916e-02
 -3.7066124e-02 -4.4326704e-02 -4.5293454e-02 -4.3426321e-02 -3.8729730e-02
 -3.3086300e-02 -2.8701635e-02 -3.2181492e-02 -3.7864743e-02 -4.3862133e-02
 -5.0801938e-02 -5.7741743e-02 -6.4995686e-02 -6.3119704e-02 -6.1248147e-02
 -5.8113400e-02 -5.4666726e-02 -4.4609871e-02 -2.7312347e-02 -1.2846492e-02
  2.3646661e-02  4.3147579e-02  5.0065261e-02  4.6912816e-02  4.0302635e-02
  3.3690242e-02  2.4566954e-02  1.5755591e-02  6.5385041e-04 -1.0670088e-02
 -2.7026967e-02 -2.1042851e-02  2.5637679e-03  1.9878769e-02  4.7264562e-02
  5.7031613e-02  4.2570183e-02  3.2517753e-02  2.5611132e-02  1.8392363e-02
  1.3692896e-02  2.0637126e-02  2.5066920e-02  3.2013362e-02  3.2356260e-02
  3.1438179e-02  3.3042055e-02  3.6849324e-02  3.9400040e-02  4.1638829e-02
  3.6641373e-02  3.2904896e-02  2.4133354e-02  1.6937150e-02  7.8561157e-03
 -2.1677544e-03 -7.7846603e-03  7.9965931e-03  2.3148906e-02  4.2081278e-02
  6.0385373e-02  5.5089264e-02  4.7280048e-02  3.8842555e-02  3.0721412e-02
  2.5117802e-02  1.8571334e-02  2.2724155e-02  2.7825587e-02  3.0723625e-02
  3.2048758e-02  3.3061965e-02  3.5019800e-02  3.4460102e-02  1.9744265e-02
  6.6019954e-03 -2.1343274e-03 -6.1498131e-03 -1.4254806e-02 -1.8898082e-02
 -2.6686282e-02 -2.6608853e-02 -1.7718735e-02 -1.0402628e-02 -8.4346172e-03
 -4.5771298e-03 -7.3287171e-03 -1.1651882e-02 -1.2513329e-02 -1.5892529e-02
 -2.0529611e-02 -2.6427450e-02 -2.4456341e-02 -1.4932637e-02 -6.3540031e-03
  1.3865894e-02  2.0869190e-02  3.0705927e-02  3.0787780e-02  2.5834569e-02
  2.0565670e-02  1.9073513e-02  2.1354114e-02  2.1432648e-02  1.5847842e-02
  9.0009513e-03  5.8146583e-04 -5.6356879e-03 -1.0281397e-02 -2.1535960e-02
 -3.7510785e-02 -4.8454749e-02 -4.4924009e-02 -3.5415791e-02 -2.5595646e-02
 -1.2629250e-02 -1.2384576e-03  9.5217132e-03  1.3043603e-02  9.6400681e-03
  8.4379355e-03  4.7167223e-03  9.4894144e-03  1.5833241e-02  1.1476672e-02
  4.9156029e-03 -1.0185165e-03 -1.0416123e-02 -1.4467181e-02 -1.3169701e-02
 -1.1876203e-02 -9.3248236e-03 -6.4628454e-03 -1.0524523e-02 -1.8995199e-02
 -2.7781342e-02 -3.1223591e-02 -2.7429595e-02 -1.4196403e-02  5.0102869e-03
  2.2956441e-02  4.3731611e-02  6.1987036e-02  6.9855983e-02  6.2617525e-02
  5.2861536e-02  4.0583590e-02  3.0820963e-02  3.3013296e-02  3.2685884e-02
  3.2351835e-02  1.6286751e-02  3.6789594e-03 -1.0819857e-02 -2.7210583e-02
 -3.5420215e-02 -3.4822910e-02 -3.7373626e-02 -3.5840542e-02 -3.3360618e-02
 -3.2458023e-02 -3.9114661e-02 -4.2937416e-02 -4.8963564e-02 -5.3107095e-02
 -5.8511603e-02 -6.3601973e-02 -6.6493374e-02 -6.1834392e-02 -5.7805898e-02
 -4.9691392e-02 -4.5981461e-02 -5.2029733e-02 -5.6819238e-02 -6.3816561e-02
 -7.0181183e-02 -6.9942260e-02 -6.4986837e-02 -5.2792956e-02 -3.9028383e-02
 -2.4637745e-02 -1.3076787e-02  5.5385704e-05  9.0958565e-03  1.1212751e-02
  8.6089419e-03  5.3753069e-03  1.1969338e-03 -5.4991925e-03 -1.7230272e-02
 -2.7703913e-02 -3.4400372e-02 -2.7880893e-02 -2.1677765e-02 -1.1697232e-02
 -2.3465257e-03  1.0150654e-02  2.0759684e-02  3.2314227e-02  3.2227949e-02
  2.8995863e-02  3.2371745e-02  3.6692255e-02  4.1329115e-02  4.5023560e-02
  4.0851271e-02  3.6997544e-02  3.0940424e-02  2.2998474e-02  1.6002699e-02
  1.2469305e-02  1.5231511e-02  1.7680464e-02  2.2019999e-02  1.6922549e-02
  1.4345729e-02  1.0512355e-02  1.0141362e-02  1.8585050e-02  2.6400903e-02
  3.2964626e-02  3.3865009e-02  3.3508838e-02  3.0325421e-02  2.8719333e-02
  1.7362343e-02  2.2330376e-03 -1.1319160e-02 -2.6440723e-02 -3.4322943e-02
 -4.2514877e-02 -5.0074110e-02 -5.4164547e-02 -4.8813132e-02 -4.5660686e-02
 -3.8099241e-02 -2.5812446e-02 -1.4149946e-02 -7.8313386e-03 -3.3975621e-03
  1.3559277e-03  7.6884278e-03  1.4968918e-02  2.2252948e-02  2.7341106e-02
  2.2994049e-02  1.8023804e-02  1.2113798e-02  6.8391478e-03 -4.7257925e-03
 -1.1879742e-02 -1.5565339e-02 -2.0819857e-02 -2.4182023e-02 -2.8796761e-02
 -2.9630777e-02 -2.5111165e-02 -2.1528660e-02 -3.4670265e-03  1.4284893e-02
  3.0469217e-02  3.1553215e-02  3.5791872e-02  3.6258655e-02  3.7674491e-02
  3.7207707e-02  3.4230029e-02  3.1254563e-02  2.9230361e-02  3.1301020e-02
  3.4006592e-02  4.2065792e-02  4.8870650e-02  5.3792890e-02  6.0294671e-02
  6.4909409e-02  6.7960091e-02  6.2201624e-02  5.7075858e-02  5.1958941e-02
  4.8100790e-02  4.3304648e-02  3.9141207e-02  3.1208106e-02  2.4219631e-02
  1.5978143e-02  1.3718780e-02  1.5553171e-02  1.8020485e-02  1.5456717e-02
  9.1199699e-03  5.9330133e-03  8.6122602e-04 -3.8931044e-03 -4.5543437e-03
 -3.0101984e-03 -1.7782891e-03  1.9733425e-03  5.0974493e-03  1.0111939e-02
  6.6323032e-03  3.7838197e-03 -1.8952946e-03 -5.0547530e-03 -4.1238413e-03
 -5.7089131e-03 -1.1381988e-02 -1.6425901e-02 -2.3356857e-02 -2.9343185e-02
 -3.7218769e-02 -4.0373427e-02 -4.1324691e-02 -4.1961817e-02 -4.0711900e-02
 -4.6384090e-02 -5.1430215e-02 -5.7418755e-02 -6.4037785e-02 -6.5309825e-02
 -5.9659757e-02 -4.6459306e-02 -2.8854280e-02 -1.2196978e-02  4.1435303e-03
  1.5762449e-02  2.6119948e-02  2.9553348e-02  2.7004845e-02  2.5712895e-02
  2.2529478e-02  2.3117935e-02  2.9053381e-02  3.2469084e-02  3.7453266e-02
  4.1802535e-02  4.5519103e-02  4.2937416e-02  3.9096963e-02  2.9270181e-02
  2.0384045e-02  1.0233834e-02  4.7987965e-03 -1.5855585e-03 -6.7163684e-03
 -1.1852532e-02 -1.7308807e-02 -1.9939606e-02 -1.5966639e-02 -1.2945822e-02
 -8.3554189e-03 -1.1325133e-02 -1.6816804e-02 -2.4518284e-02 -3.2225737e-02
 -3.9627901e-02 -3.5705595e-02 -3.1475787e-02 -2.6626551e-02 -2.0208614e-02
 -1.2225295e-02 -6.1374245e-03 -1.0440457e-02 -1.4751012e-02 -1.7495741e-02
 -1.1123377e-02 -5.7024976e-03  3.1716921e-03  9.8362941e-03  2.0171449e-03
 -5.8095702e-03 -1.7104617e-02 -2.8407407e-02 -3.5944517e-02 -4.1601221e-02
 -3.6882508e-02 -2.9340973e-02 -1.1736389e-02  4.9133907e-03  2.3443134e-02
  3.7875805e-02  4.3488264e-02  3.9023959e-02  3.4864943e-02  2.6920780e-02
  1.7711878e-02  1.6045395e-02  1.9089883e-02  1.7720948e-02  1.0364578e-02
  3.9444285e-03 -1.5406721e-03 -1.0552839e-03 -1.8371126e-03  5.1950092e-04
  1.2944495e-03  1.4320952e-03 -4.4169635e-03 -1.0274318e-02 -1.7712762e-02
 -2.3584718e-02 -2.0027211e-02 -1.6476340e-02 -1.1674668e-02 -1.0342013e-02
 -1.8455855e-02 -2.4690839e-02 -3.3134969e-02 -3.8125788e-02 -4.2806893e-02
 -4.7182709e-02 -5.0936885e-02 -5.3122580e-02 -5.5943190e-02 -5.3739796e-02
 -5.2485455e-02 -5.1235537e-02 -4.7791076e-02 -3.7114793e-02 -2.6759286e-02
 -1.4522930e-02 -2.6055793e-03  4.2713979e-03  9.5694976e-03  1.5806031e-02
  2.0780258e-02  2.7007057e-02  2.6936265e-02  2.2768400e-02  2.0486030e-02
  1.0332500e-02 -4.8596332e-03 -1.4706546e-02 -2.4872243e-02 -2.7172975e-02
 -2.2241887e-02 -1.7000863e-02 -1.5536137e-02 -1.5019357e-02 -1.4191536e-02
 -1.0846625e-02 -2.1563834e-03  5.5876822e-03  1.4589297e-02  2.1699666e-02
  2.9440524e-02  3.2143884e-02  2.9495830e-02  2.9051169e-02  2.7345530e-02
  3.5081742e-02  4.1242838e-02  4.4255912e-02  4.7271199e-02  5.0286485e-02
  4.4490410e-02  3.7751919e-02  2.8498109e-02  1.7669845e-02  1.1247262e-02
  7.6603323e-03  5.3326107e-03  5.5246333e-03  1.6279672e-03 -2.8956043e-03
 -7.4169856e-03 -1.2250957e-02 -1.7710993e-02 -2.5055859e-02 -3.3971197e-02
 -3.6904630e-02 -3.3542022e-02 -2.8914010e-02 -2.1767803e-02 -1.3044267e-02
 -8.0912771e-03 -8.1689268e-03 -8.2419308e-03 -8.9394509e-03 -7.7441763e-03
 -7.1729752e-03 -6.5966861e-03 -5.7002854e-03 -5.7423180e-03 -8.6096056e-03
 -1.0528505e-02 -1.3385837e-02 -8.6828308e-03 -1.4582218e-03  4.8295467e-03
  1.0179855e-02  9.8732385e-03  1.1146384e-02  1.2112249e-02  1.1511847e-02
  6.8278654e-03  2.4659868e-03 -3.1469150e-03 -8.7518528e-03 -8.6861491e-03
 -6.7234476e-03 -4.4410769e-03 -8.9009579e-04  2.0398204e-03  5.6080349e-03
  7.9246953e-03  9.3044709e-03  1.2267106e-02  1.8071367e-02  2.0106409e-02
  1.6172157e-02  1.2875030e-02  1.1160321e-02  1.7636440e-02  2.2547176e-02
  2.9984736e-02  3.5541889e-02  3.0409486e-02  2.5916421e-02  2.0802823e-02
  1.9473486e-02  1.9097184e-02  1.9044532e-02  1.8056987e-02  1.7078512e-02
  1.6738048e-02  1.9238767e-02  2.1432869e-02  2.5524855e-02  2.3960799e-02
  2.1777094e-02  1.8658496e-02  1.6176802e-02  1.3704843e-02  1.1241289e-02
  9.4157467e-03  8.5425746e-03  9.2515983e-03  5.5635688e-03 -4.7238015e-03
 -1.3429640e-02 -2.4328031e-02 -3.2389443e-02 -3.6351570e-02 -4.2822379e-02
 -4.2992722e-02 -3.7488662e-02 -3.2922594e-02 -2.5832356e-02 -1.7160587e-02
 -6.2792293e-03  1.0902595e-02  2.6518151e-02  4.3085636e-02  4.9903767e-02
  5.7675376e-02  6.3564365e-02  6.7570736e-02  5.7741743e-02  4.8545451e-02
  3.7154614e-02  2.8285733e-02  2.6661947e-02  2.5040373e-02  2.3741787e-02
  2.2761764e-02  1.7383581e-02  9.8055439e-03  3.8074907e-03  3.7924474e-03
  4.4112116e-03  3.1442603e-03  9.4015884e-04 -2.2040794e-03 -9.3841117e-04
  6.4402805e-04  2.8599872e-03 -1.2137248e-03 -8.4315200e-03 -1.5016039e-02
 -2.3171028e-02 -2.7232706e-02 -3.1922660e-02 -3.6294051e-02 -4.0346880e-02
 -4.4401920e-02 -4.6249143e-02 -4.6209322e-02 -4.5222662e-02 -4.3919651e-02
 -4.2302502e-02 -4.3514811e-02 -4.4410769e-02 -4.6253567e-02 -4.5890759e-02
 -3.5457824e-02 -2.7860983e-02 -2.0261266e-02 -1.3921200e-02 -6.6378338e-03
 -5.6485189e-03 -7.1771785e-03 -4.6162865e-03  4.6036767e-04  3.9625689e-03
  1.1697675e-03 -2.8834369e-03 -6.9386988e-03 -1.1939915e-02 -1.7258147e-02
 -2.1634847e-02 -2.6644249e-02 -2.3788244e-02 -2.1880185e-02 -1.9346282e-02
 -1.7129837e-02 -8.6239851e-03  4.5981461e-03  1.5299648e-02  2.0018362e-02
  2.4732872e-02  2.9128598e-02  3.6667920e-02  4.2941840e-02  5.1731080e-02
  5.3277437e-02  4.9470168e-02  4.6284539e-02  4.4039112e-02  4.9025507e-02
  5.4321616e-02  4.7656129e-02  3.5948941e-02  2.4867819e-02  1.1261421e-02
 -3.6090525e-03 -7.7873150e-03 -5.6788266e-03 -3.2612880e-03  7.2269540e-04
 -7.2565980e-03 -1.3354202e-02 -2.2290556e-02 -2.4940823e-02 -1.6899321e-02
 -1.1696348e-02 -8.0735792e-03 -3.8285070e-03 -1.7933102e-03 -6.0584474e-03
 -1.0015928e-02 -1.3665907e-02 -1.8896091e-02 -1.9729000e-02 -1.3331859e-02
 -1.0088711e-02 -4.6505763e-03 -2.6807955e-03 -8.2704688e-03 -7.8888569e-03
 -4.3685154e-03 -1.4848572e-03  4.2231710e-03  8.6649116e-03  1.4043316e-02
  1.7211468e-02  1.5966861e-02  1.5658695e-02  1.4084463e-02  1.0300201e-02
  6.5084176e-03  4.2824591e-03  2.6785833e-03  1.0671858e-03 -2.3677632e-04
 -1.5480388e-03 -6.0128753e-03 -1.0799947e-02 -1.6223038e-02 -2.4170962e-02
 -3.0551070e-02 -3.8512931e-02 -3.8614694e-02 -3.3059753e-02 -1.3666128e-02
 -2.2598058e-02 -4.8529965e-02 -6.9114882e-02 -9.3170807e-02 -8.9540517e-02
 -9.3157534e-02 -8.2616198e-02 -5.3832710e-02 -2.1279561e-02  9.3805721e-03
  4.8215826e-02  4.5198328e-02  2.1091520e-02  2.5613344e-02 -3.5369334e-03
 -2.6398690e-02 -4.5490344e-02 -6.9305135e-02 -6.8895870e-02 -6.1256996e-02
 -4.7640643e-02 -2.9307789e-02 -1.0034953e-02 -2.2230825e-02 -2.9082141e-02
 -1.3249784e-03  2.1081123e-02  6.3307745e-02  6.2110922e-02  3.0701502e-02
  5.5830365e-03 -3.7470964e-02 -2.2945380e-02 -9.0509479e-03  2.0574298e-02
  4.5795633e-02  4.9302037e-02  5.6268389e-02  4.4355463e-02  2.4575802e-02
  9.2009380e-03  2.1830631e-02  3.0055527e-02  3.1672677e-02  3.8324890e-02
  4.1517156e-02  4.5968188e-02  6.0489348e-02  5.5819304e-02  3.3842887e-02
  1.3443798e-02  4.0581377e-03  1.5127536e-02  1.9592726e-02  2.4374488e-02
  2.1293719e-02  1.6328783e-02  1.0421875e-02  7.3508395e-03  1.4667832e-02
  2.0730261e-02  2.8369798e-02  3.0351968e-02  2.8876402e-02  2.7405261e-02
  2.9717054e-02  3.6751985e-02  4.2220649e-02  4.8952503e-02  4.5625290e-02
  4.2300290e-02  3.5838329e-02  2.0887552e-02  4.3691790e-03 -1.2770391e-02
 -2.5496095e-02 -1.5560693e-02 -3.7280711e-03  2.7635334e-03 -5.8394354e-03
 -1.6007787e-02 -2.8998075e-02 -2.9391855e-02 -3.4811849e-02 -3.3615026e-02
 -2.8944982e-02 -2.7411897e-02 -2.6498241e-02 -2.6832290e-02 -2.6212862e-02
 -2.3690905e-02 -1.3362387e-03 -8.2335243e-03 -2.0467004e-02 -2.4507223e-02
 -2.6646462e-02 -2.5626618e-02 -1.8931044e-02 -1.4110789e-02 -9.2761542e-03
 -6.6305334e-03 -1.7684224e-03  1.5344336e-03  5.7956330e-03  9.1270491e-03
  5.5511802e-03 -3.3590691e-03 -6.2748048e-03 -6.6592925e-03 -4.5098777e-03
 -2.0289140e-03  1.0965423e-03  3.9247395e-03  1.0859235e-02  1.5922837e-02
  2.5409818e-02  2.7675154e-02  2.4611198e-02  2.2821494e-02  1.7276508e-02
  1.2692742e-02  9.0715218e-03  1.0503949e-02  1.4157910e-02  1.5628609e-02
  1.1769794e-02 -1.8235294e-03 -1.9802004e-02 -3.6816141e-02 -5.4753003e-02
 -4.6868571e-02 -2.6376568e-02 -1.1211645e-02  1.3414154e-02  1.6035661e-02
  5.1489945e-03  5.7752804e-04 -1.0579165e-02 -4.4070084e-03 -3.2458023e-03
  4.5448311e-03  2.2916621e-03  6.0392009e-03  9.8115169e-03  0.0000000e+00
