Scaled from
PEER NGA STRONG MOTION DATABASE RECORD
ACCELERATION TIME SERIES IN UNITS OF G
NPTS= 1969.000000, DT= 0.020000, Scalar= 1.000000
 -5.5181933e-03 -3.3269973e-02 -2.9050507e-02 -2.6974716e-02 -2.8975078e-02
 -3.5481535e-02 -4.0913891e-02 -3.8192433e-02 -3.4398383e-02 -2.5451062e-02
 -2.2082428e-02 -3.6308231e-02 -5.2249276e-02 -5.8104031e-02 -4.5291757e-02
 -4.3635349e-02 -3.0818549e-02 -1.9290068e-02 -4.9687726e-03 -1.7039283e-02
 -4.0050990e-02 -6.3276913e-02 -6.8476949e-02 -2.6470854e-02  4.8099203e-03
  4.1241250e-02 -1.4161688e-02 -3.6090997e-02 -3.8706855e-02 -5.7414615e-02
 -8.0195510e-02 -9.9971337e-02 -9.1852221e-02 -5.1758991e-02 -5.8012008e-02
 -4.6669080e-02 -4.9269853e-02 -2.2903090e-02 -2.3268163e-03  2.7691287e-02
  4.5053403e-02  4.5036809e-02  7.5274559e-02  1.1817674e-01  1.2739712e-01
  1.0077993e-01  8.0381064e-02  5.3772930e-02  4.4757724e-02  7.7371470e-02
  9.9256276e-02  1.3251569e-01  1.6770758e-01  1.9819575e-01  1.7716630e-01
  1.6473570e-01  1.0809800e-01  1.1047098e-01  6.6349867e-03 -1.6007422e-01
 -2.3085626e-01 -1.6431330e-01 -1.2438450e-01 -7.0507483e-02 -2.6280775e-02
  1.4300326e-02  4.8450700e-02  1.0039977e-01  1.6544473e-01  2.5066377e-01
  3.2106867e-01  4.1681752e-01  3.8465484e-01  2.8190623e-01  2.2681330e-01
  2.1869720e-01  2.3912322e-01  2.2242336e-01  2.5185554e-01  2.8902667e-01
  3.6502836e-01  1.1016323e-01 -4.2042300e-01 -5.8794955e-01 -5.5423304e-01
 -5.5782344e-01 -4.8547248e-01 -4.7040188e-01 -4.8215363e-01 -4.8684528e-01
 -4.9923063e-01 -4.5735276e-01 -3.9142831e-01 -3.3838704e-01 -2.9949614e-01
 -2.0655322e-01 -7.4115979e-02  3.4710657e-02  1.6972906e-01  2.8691468e-01
  4.2128289e-01  5.3376177e-01  6.7327420e-01  7.7223630e-01  8.6860367e-01
  9.2764905e-01  1.0000000e+00  8.4211320e-01  7.1961743e-01 -3.1672399e-01
 -6.8209932e-01 -4.6964760e-01 -5.5138185e-01 -3.3570179e-01 -2.5607953e-01
 -8.8260319e-02  1.0677800e-02  1.4609582e-01  2.7077299e-01  3.7400434e-01
  5.6262069e-01  2.1911960e-01 -7.5289645e-01 -4.3338161e-01 -4.9775223e-01
 -2.9862117e-01 -1.8295921e-01  4.4273473e-02 -2.3209329e-01 -6.0973329e-01
 -4.9601738e-01 -4.9559498e-01 -4.2114712e-01 -3.3232259e-01 -2.5531016e-01
 -1.9952329e-01 -1.4697532e-01 -8.9272568e-02 -8.3979001e-03  6.9256879e-02
  2.7202510e-03 -8.1636194e-02 -1.8593109e-01 -2.1213493e-01 -1.5381366e-01
 -1.3152607e-01 -6.8679097e-02 -2.0222363e-02  6.9003440e-02  1.4685463e-01
  2.2963432e-01 -8.4048395e-04 -8.5421192e-02  1.2383689e-02  2.4358858e-02
  1.2345221e-01  1.9465062e-01  2.9287352e-01  3.7180183e-01  4.2559739e-01
  6.1430425e-02  5.0873461e-02  1.9437907e-01  2.0441105e-01  4.0476406e-01
  4.2467717e-01  6.4284637e-01 -2.4509715e-01 -3.6959932e-01 -1.9561610e-01
 -1.5812817e-01  3.7086652e-02  2.2479182e-01 -2.8679399e-01 -4.1001388e-01
 -3.0705407e-01 -3.5452872e-01 -2.5349988e-01 -2.0999276e-01 -1.0769823e-01
 -8.0483647e-02 -2.4318127e-01 -1.3700670e-01 -1.3576515e-01 -6.2426080e-02
 -1.9332308e-02  7.0748853e-02  1.3314627e-01  1.7408882e-01  6.3984432e-02
 -2.0376237e-02 -9.4861815e-02 -1.0357983e-02  3.2520215e-02  1.5544292e-01
  2.4188390e-01  3.6588825e-01  4.3086230e-01  4.9328687e-01  9.8667934e-02
  2.2998129e-03  8.0168356e-02  9.3022870e-02 -1.1491824e-02 -2.9531740e-02
  6.0786266e-02  7.8367125e-02  8.0067282e-02  1.4850803e-01  2.3839911e-01
  3.0663167e-01  4.2012129e-01  4.9671132e-01  6.0656529e-01  5.9692554e-01
  6.3853186e-01  5.6815713e-01  4.0873160e-01 -3.3861332e-01 -1.4464458e-01
 -9.0787171e-02 -5.1736363e-02 -3.0728035e-01 -4.6649469e-01 -7.1924028e-01
 -5.8514362e-01 -6.0099867e-01 -4.3878228e-01 -3.3749698e-01 -1.5081614e-01
 -1.2375543e-03  1.9873884e-01  3.2770637e-01  4.8993785e-01 -6.8366824e-02
 -9.1530895e-02  5.6108195e-02  1.1963402e-01  2.9279809e-01  4.4279508e-01
  5.8227734e-01  7.6404477e-01  5.3166486e-01 -3.8990466e-01 -2.7768224e-01
 -2.9739923e-01 -2.4975863e-01 -1.2249728e-01 -3.5980871e-01 -6.1555636e-01
 -4.6320601e-01 -4.9001328e-01 -3.8723449e-01 -3.4022749e-01 -2.4152184e-01
 -1.5482440e-01 -1.4430214e-01 -3.2174753e-01 -3.5327661e-01 -3.5905443e-01
 -3.4274680e-01 -1.9941769e-01 -1.3738987e-01  6.0664072e-02 -1.9380582e-01
 -4.4807507e-01 -2.3928916e-01 -2.9163650e-01 -1.2062213e-01 -5.3457639e-02
  8.7946536e-02  1.7698528e-01  2.2678313e-01  9.6110910e-02  1.4357802e-02
 -5.0871953e-02  5.5347876e-02  1.1178192e-01  2.2356988e-01  3.0768767e-01
  4.1134142e-01  5.0360548e-01  5.7826454e-01  3.8494147e-01  1.8582549e-01
  4.0776611e-02  6.8457338e-02  8.7777577e-02  1.3283551e-01  6.2676503e-02
 -4.7394702e-02 -8.7516594e-02 -5.7254707e-02 -8.9649710e-02 -8.3636556e-02
 -4.6293447e-02 -1.0452721e-02  4.1051171e-02  9.8351134e-02  1.5349686e-01
  6.3394581e-02 -2.2636073e-02 -1.2905051e-01 -3.3339368e-02  4.2417934e-02
  8.0197019e-02 -3.6513396e-02 -2.0189175e-02  9.4394159e-03  4.1429821e-02
  1.0582006e-01  1.5497526e-01  6.3804912e-02  1.4057295e-02 -2.7335264e-02
 -4.1349867e-03  1.9007965e-03 -2.0386797e-02 -5.5117065e-02 -3.4914313e-02
 -2.2651159e-02  1.2000513e-03  2.2479182e-02 -1.2886948e-02 -8.8592204e-02
 -1.2331191e-01 -7.0914796e-02 -6.0357832e-02 -4.3790731e-02 -3.4947502e-02
 -4.4311188e-03  5.5269430e-02 -4.2525042e-02 -4.5047369e-02 -2.4825006e-02
 -3.4639754e-02 -2.4067705e-02 -2.1649469e-02  2.0128832e-03  2.3744871e-02
  6.4361574e-02  9.4680787e-02  1.9281016e-01  2.1024922e-01  3.2655986e-02
 -1.1082096e-01 -6.0754586e-02 -2.5061851e-02  5.1826877e-02  4.2245957e-02
 -3.0198528e-02 -1.1552166e-01 -1.1200670e-01 -6.9873884e-02 -3.6962950e-02
  7.7549481e-03  5.9333514e-02  1.0082971e-01  1.9807507e-02 -7.6451243e-02
 -9.2018163e-02 -3.9363082e-02 -6.3948226e-02 -3.0169865e-02  7.4713372e-03
  4.9835566e-02  8.1049360e-02  1.1632120e-01  9.7967958e-02  4.5063963e-02
  1.0185101e-02  6.5640840e-02  1.2410240e-01  1.2849385e-01  2.7317161e-02
  6.8119418e-03 -2.1198407e-02 -9.9410150e-03  6.2519611e-03  1.6007422e-02
  5.8162865e-02  9.5813722e-02  1.4977371e-01  1.6316679e-01  1.3902818e-01
  1.4234552e-01  1.9673244e-01  2.4876297e-01  1.2698377e-01  1.3416305e-01
  3.4487388e-02 -6.4117186e-02 -8.4831342e-02 -1.3537141e-01 -1.3463221e-01
 -1.4612147e-01 -1.3658279e-01 -1.4979483e-01 -3.3182476e-02  3.2569998e-02
 -8.8139633e-02 -1.7623099e-01 -1.8021361e-01 -1.2326213e-01 -1.3347514e-01
 -1.1535874e-01 -1.1891745e-01 -9.7794473e-02 -9.0201846e-02 -8.6036688e-02
 -9.7108074e-02 -9.6380944e-02 -7.8700519e-02 -2.5188571e-02  2.5746741e-02
  9.2559739e-02  1.0830467e-01  1.1267650e-01  9.7305696e-02  9.2663831e-02
  5.9700097e-02  5.4616220e-02 -1.4816860e-02  2.9228518e-02  3.4674451e-02
  1.3881095e-01 -2.1129013e-01 -3.6635590e-01 -3.4955045e-01 -3.4926382e-01
 -3.0542481e-01 -2.8970553e-01 -2.1539343e-01 -1.6704381e-01 -9.1450941e-02
 -7.1221035e-02 -2.1592143e-02 -2.6679037e-02 -6.2665943e-02 -5.1660934e-02
  2.3927408e-02  6.2397417e-02  4.1856746e-02  1.1165068e-01  1.9496741e-01
  2.7591721e-01  3.7038378e-01  5.3287171e-01  3.7607108e-01 -2.8152909e-01
 -5.7464398e-02 -8.0153271e-02 -3.0528904e-02 -2.5105600e-01 -1.5852040e-01
 -1.4065140e-01 -1.6120565e-01 -1.2295287e-01  3.5457398e-02  1.5953114e-01
  3.3917149e-01  5.1154055e-01  2.9830437e-01  1.3356565e-01  2.1601195e-01
  5.7069153e-02 -7.2483707e-03 -1.3615436e-01 -2.3779568e-01 -3.4267137e-01
 -3.5270336e-01 -2.5245897e-01 -1.1700459e-01  2.7766715e-03  1.6054188e-01
  3.5092324e-01  4.6533309e-01 -1.1202329e-01 -1.2619479e-02 -2.8664313e-02
  1.2585838e-02  6.7354574e-02  1.8971760e-01  2.5241371e-01 -6.6811489e-02
 -1.9528421e-01 -8.4942976e-02 -7.4384504e-02 -1.9185976e-02  3.6437968e-02
  1.3776702e-01  1.9039645e-01  2.4171796e-01  2.5699976e-01  1.9848238e-01
  1.1676774e-01  2.9270758e-02  2.7814989e-02 -1.2534546e-01 -1.5533732e-01
 -4.9075247e-02  2.0694545e-02  1.6257845e-01  1.4989440e-02 -4.8055455e-02
  5.6278663e-03 -2.2871410e-02 -4.9223087e-02 -8.0729544e-02 -5.4092747e-02
 -4.7406770e-02 -2.4201967e-02  5.6076515e-02  1.6274439e-01  2.7048636e-01
  3.6920710e-01  2.6194786e-01  1.0126116e-01 -1.1651279e-01 -7.2506336e-02
 -6.4980087e-02 -2.5334902e-01 -2.9217958e-01 -1.8446778e-01 -1.0249216e-01
  2.3248552e-02  8.2471941e-02  1.6208062e-01  1.2087406e-01  3.0963372e-02
 -1.6037594e-02 -7.0121289e-02 -1.1197351e-01 -8.1096126e-02 -1.0729544e-01
 -1.4143887e-01 -1.8116401e-01 -2.2581764e-01 -1.3959540e-01 -1.0379858e-01
  8.3819092e-03  4.2027215e-02  2.0309860e-02  2.6481414e-02 -3.6655202e-02
 -1.2275525e-01 -2.9047490e-02  3.0755189e-02  1.3325338e-01  2.2780895e-01
  2.3910813e-01  1.0771633e-01  5.7091781e-03 -1.3020004e-01 -1.0389512e-01
 -8.8755129e-02 -4.8076575e-02 -1.1478096e-02  6.6722484e-02  3.1649771e-02
 -8.9479242e-02 -1.4688481e-01 -2.2746198e-01 -2.1450338e-01 -1.8200881e-01
 -1.4887612e-01 -9.8583454e-02 -4.9794835e-02 -2.0534637e-02 -9.4276490e-02
 -1.0965786e-01 -1.8555395e-01 -2.3698105e-01 -1.7426985e-01 -1.4760138e-01
 -9.8628711e-02 -7.4766172e-02 -4.1889935e-02 -4.2879556e-03  6.2691588e-02
  9.9203476e-02  1.5138487e-01  1.8594617e-01  2.1451846e-01  2.4588161e-01
  2.6841962e-01  2.7424270e-01  3.2511163e-01  3.5988414e-01  4.0346669e-01
  5.0325851e-01  5.6011646e-01  6.1849807e-01  3.5736483e-01  9.2377203e-02
 -8.9785482e-02 -2.5565713e-01 -2.2305696e-01 -2.6725803e-01 -3.4107229e-01
 -4.0588040e-01 -3.6833213e-01 -3.2477975e-01 -2.9840997e-01 -2.5206674e-01
 -2.8148383e-01 -2.9587557e-01 -2.9373341e-01 -2.9032404e-01 -2.8668839e-01
 -2.7897960e-01 -2.7771241e-01 -1.6422279e-01  2.3939476e-02  8.0353910e-02
  9.5139392e-02  2.0305334e-01  1.1806511e-01  8.3500784e-02  1.5601617e-01
  1.8475441e-01  1.5833937e-01  1.0124608e-01  4.7372073e-02  4.6930063e-02
  1.3316890e-01  8.8101919e-02  7.0281197e-02  1.1597423e-01  6.3826032e-02
  2.4336230e-02  2.6262672e-02 -4.4765267e-02 -2.6958122e-02 -1.3227281e-02
  1.1020094e-02  2.4325670e-02 -2.0727734e-02 -7.8011103e-02 -5.6120263e-02
  2.0406408e-03  6.1060825e-02  1.2866431e-01  1.2932657e-01  1.5102281e-01
  1.3559015e-01  1.3046554e-01  4.6382452e-02  6.1861875e-02  7.0693036e-02
  1.0162624e-01  1.2398021e-01  1.5105298e-01  1.6268405e-01  2.4105419e-01
  2.4604755e-01  2.9201364e-01  1.0174541e-01  5.0336411e-03 -5.8630521e-02
 -1.3108858e-01 -1.5204864e-01 -1.4725290e-01 -1.0125965e-01 -9.6030956e-02
  1.2411749e-02  1.2450368e-01 -7.9678071e-02 -1.3408611e-01 -4.9446355e-02
  9.0158098e-03  1.0417421e-01 -1.4589518e-02 -2.2455045e-01 -2.5167451e-01
 -9.4923666e-02 -6.4548636e-02 -5.8457036e-03 -6.0003319e-02 -9.8492940e-02
 -1.1723841e-01 -9.2636676e-02 -9.6785240e-02 -6.0375935e-02 -1.5381366e-02
  2.2409788e-04  4.0720794e-02  8.2723872e-02  8.7825851e-02  2.6351678e-01
  2.3815774e-01  5.3152909e-02 -1.0136978e-01 -3.0245293e-01 -2.4520275e-01
 -2.4414675e-01 -1.9051714e-01 -1.2251991e-01 -6.3097393e-02 -2.1052076e-02
  1.5204864e-02  1.3965273e-01 -3.8934649e-03 -1.2984552e-01 -7.8125754e-02
 -1.7509957e-01 -1.4525555e-01 -1.1477040e-01  6.2702148e-03  1.6013456e-01
  2.3141443e-01  3.6768344e-01  4.1386073e-01  3.5360850e-01  2.1095824e-01
  4.5136375e-02 -6.1027637e-02 -1.1054188e-01 -9.4244811e-03  3.4834359e-02
  1.5076334e-01  1.1928554e-01  3.0948286e-02  1.4082187e-03 -6.6324222e-02
 -4.3075670e-02 -4.5567825e-02 -7.7033551e-02 -9.5401883e-02 -1.1140478e-01
 -1.6152245e-01 -2.1507664e-01 -1.6113022e-01 -7.0255552e-02 -5.7070661e-02
  2.2544050e-03 -4.2888607e-04  1.2768525e-02  4.0343652e-02  9.8604574e-02
  2.0204260e-05 -1.8911417e-01 -1.8964217e-01 -9.9393555e-02 -4.9272870e-02
  5.7066136e-02  1.1384413e-01  5.3680908e-02  9.6133538e-03 -5.1615677e-02
  3.8786809e-03  7.3968139e-02  1.3440442e-01  2.1307024e-01  1.5636314e-01
  7.6691105e-02 -2.3150495e-02 -6.9561610e-02 -8.0566618e-02 -7.4191407e-02
 -4.9360367e-02 -9.2701545e-04  6.2101738e-02 -1.5414555e-02 -5.8813058e-02
 -1.3138577e-01 -1.0397659e-01 -5.6393314e-02 -9.8800688e-03  4.7791455e-02
 -1.5126418e-02  1.4008267e-02  8.3484190e-02  1.2098872e-01  1.8703234e-01
  1.5630280e-01  1.3330165e-01  1.0686550e-01  1.5746440e-01  2.0054912e-01
  2.0652305e-01  5.0482742e-02 -5.4697683e-02 -1.6481113e-01 -2.0519551e-01
 -1.1919050e-01 -6.3228639e-02  1.3163770e-03  5.1270215e-02 -1.8077178e-02
 -7.9487992e-02 -1.3231052e-01 -9.3516172e-02 -6.5449252e-02 -4.3392469e-03
  4.1749638e-02  2.0893676e-02 -2.2065834e-02 -5.1077118e-02 -1.2193761e-01
 -1.2670619e-01 -4.9073739e-02  6.0216027e-03  8.1928856e-02  1.3723600e-01
  1.8139030e-01  1.7983647e-01  1.1047098e-01 -5.2397116e-03 -2.1322110e-01
 -1.5619720e-01 -1.1141081e-01 -5.2683744e-02  1.1837437e-02  9.6098841e-02
  7.7793869e-02  4.1033068e-02  9.9111453e-02  8.9168477e-02  6.5063058e-02
  4.4386616e-02  3.8086833e-02  3.8006879e-02  1.6103971e-04 -3.9405322e-02
 -8.6481716e-02 -8.2499095e-02 -2.7655081e-02  6.5827902e-03  6.1202631e-02
 -2.1290430e-02 -7.3530654e-02 -8.3503802e-02 -1.2266172e-01 -8.2643917e-02
 -7.6961139e-02 -7.0207277e-02 -6.9463553e-02 -2.7311127e-02 -2.2711501e-02
 -6.8108858e-02 -4.7206131e-02  1.8108858e-02  9.7154839e-02  2.0537654e-01
  2.7197985e-01  2.5531016e-01  2.2705467e-01  1.5331583e-01  5.5114048e-02
  8.6164917e-03 -4.9470492e-02 -3.0314687e-02 -2.1494086e-03  3.2663529e-02
  3.8507724e-02  5.6150434e-02  6.2079109e-04 -4.6328144e-02 -1.0100471e-01
 -1.5331583e-01 -2.0435071e-01 -1.6870323e-01 -1.3584812e-01 -9.3980811e-02
 -4.8470311e-02 -5.5341842e-03 -5.5726527e-02 -9.4548033e-02 -1.3637612e-01
 -1.1168990e-01 -9.6447321e-02 -9.0219949e-02 -1.2841087e-01 -1.4793628e-01
 -1.4085958e-01 -1.1189657e-01 -8.4221880e-02 -4.4535964e-02 -3.7687063e-02
 -1.7526551e-02 -6.1698950e-03  1.5324041e-01  2.0708122e-01  2.4352824e-01
  2.0659848e-01  1.9842204e-01  1.0526641e-01  1.3866311e-03 -1.7956493e-02
 -5.7687666e-02 -1.6307627e-02  2.9664494e-03  3.0393133e-02  2.7993000e-02
  5.6704079e-02  6.4815653e-02  3.4516051e-02 -5.6535119e-03 -1.5999879e-02
  2.2145788e-02  3.2396512e-02  4.8651340e-02  2.8970553e-03 -3.8996500e-02
 -4.5056420e-02  1.1963251e-02  6.2975199e-02  5.0687907e-02 -1.3523866e-02
 -7.0656831e-02 -7.4149167e-02 -1.0909214e-02 -3.0295076e-03  1.0430395e-02
  1.0369901e-02  1.3956825e-02  1.2393042e-02  2.9070118e-02  4.5744328e-02
  6.8214458e-02  8.1240949e-02  8.7403452e-02  9.4851255e-02  9.9297007e-02
  1.0846156e-01  1.3565200e-01  1.1198860e-01  6.7939899e-02  3.6768344e-02
 -1.5862600e-02 -2.3215363e-02  3.6804550e-02  3.0740104e-02 -4.9784275e-02
 -1.4382090e-01 -1.6017982e-01 -1.5444726e-01 -1.1244569e-01 -1.8301955e-02
  7.1764120e-02  6.2481897e-02 -3.8844135e-02 -5.6269611e-02 -6.3617849e-02
 -9.1343833e-02 -1.3859975e-01 -1.5752474e-01 -6.2942011e-02  1.2115617e-02
  2.8166486e-02  4.5507483e-02  5.5768767e-02  7.3755431e-02  9.4532947e-02
  1.1424089e-01  3.9536568e-02 -5.5334299e-02 -1.1629858e-01 -1.0946627e-01
 -9.8545740e-02 -9.4277999e-02 -1.0073769e-01 -7.5223268e-02 -2.6319998e-02
  2.9451786e-02  1.1161900e-01  1.2405262e-01  8.2843049e-02  6.0733466e-02
  7.5129737e-03 -2.6178192e-02 -6.4808110e-02 -7.1453355e-02 -1.2875181e-02
  4.3559920e-02  1.1137159e-01  1.7725682e-01  1.2598208e-01  3.5446838e-02
 -1.4533098e-02 -5.8502293e-02 -1.0396904e-01 -1.2905805e-01 -1.2838221e-01
 -1.3543930e-01 -1.3025887e-01 -1.4910994e-01 -1.3856203e-01 -1.0827148e-01
 -1.0071959e-01 -7.5791999e-02 -2.4886857e-02  4.7640599e-03  3.0347876e-02
  2.7179882e-03 -2.2118634e-02 -5.9828325e-02 -5.5263396e-02  1.1957820e-02
  9.0986302e-02  1.8546343e-01  2.1299481e-01  2.3301352e-01  2.3437123e-01
  2.0720191e-01  1.7080014e-01  9.8995293e-02  1.6004405e-04 -8.1723691e-02
 -1.1875905e-01 -1.5729846e-01 -1.3939627e-01 -1.3329713e-01 -8.6427408e-02
 -1.2948950e-02  8.1559257e-02  1.4795438e-01  2.0857470e-01  1.6962346e-01
  1.2294835e-01  7.4561007e-02  2.3180666e-02 -5.0101074e-02 -1.0149348e-01
 -3.4217355e-02  1.0527546e-02  7.9303946e-02  1.3907042e-01  1.7974596e-01
  1.4638849e-01  1.1239289e-01  4.1057205e-02 -3.3707458e-02 -1.1426352e-01
 -1.8774137e-01 -2.4749578e-01 -3.1194183e-01 -2.8071446e-01 -1.9496741e-01
 -9.6999457e-02  6.7912744e-02  1.3734613e-01  2.1408098e-01  2.1678132e-01
  1.3750754e-01  1.1832609e-01  9.5062455e-02  6.7080014e-02  3.4763456e-03
 -5.9482863e-02 -4.2408882e-02 -8.7365737e-04  3.3150797e-02  8.6486242e-02
  1.2909124e-01  1.8436218e-01  1.8381909e-01  1.2193761e-01  7.2915158e-02
  1.2950006e-02 -4.1651581e-02 -7.3726768e-02 -1.0902124e-01 -1.3916697e-01
 -1.7146392e-01 -1.6061731e-01 -1.2619931e-01 -9.9063179e-02 -6.5274258e-02
 -5.7668055e-02 -4.7703958e-02 -4.0747948e-02 -2.1777697e-02 -9.8895728e-03
  6.7159969e-03 -9.7252896e-03 -2.8530051e-02 -4.8195752e-02 -7.3873099e-02
 -9.7406770e-02 -9.1117548e-02 -8.1830799e-02 -1.0429942e-01 -1.3149288e-01
 -1.5032434e-01 -1.6894461e-01 -1.8648926e-01 -1.5319515e-01 -1.1410210e-01
  2.2397719e-02  1.0417723e-01  1.4604302e-01  2.1558955e-01  1.9264422e-01
  1.5876177e-01  1.2894792e-01  1.2638034e-01  1.0900163e-01  1.1050266e-01
  1.4944334e-03 -8.0696355e-02 -1.3929067e-01 -1.3780624e-01 -5.8440442e-02
 -4.8247043e-03  6.6808472e-02  1.2577842e-01  1.7487328e-01  1.3770969e-01
  1.1361785e-01  7.2798998e-02  3.1755371e-02  5.2973389e-03  1.3596126e-02
  2.5537050e-02  4.6914977e-02  6.2708182e-02  5.8328808e-02  4.1283490e-02
  1.6294050e-02 -5.4797248e-03 -1.5888245e-02 -1.7288197e-02 -2.6851014e-02
 -4.1991009e-02 -6.8510138e-02 -1.0683683e-01 -1.3251267e-01 -1.7212769e-01
 -6.6704381e-02  7.5960958e-03  3.8337256e-02  8.7961622e-02  1.2962829e-01
  1.4083695e-01  9.7960415e-02  1.0057024e-01  9.4591781e-02  9.3974777e-02
  9.2494871e-02  6.8478458e-02  1.2702450e-02 -5.2733526e-02 -1.0379707e-01
 -9.2211260e-02 -9.3932537e-02 -9.3297429e-02 -8.6440985e-02 -9.1612358e-02
 -9.6353790e-02 -1.0925356e-01 -9.9625875e-02 -8.0132151e-02 -3.9400797e-02
  2.6647357e-02  7.6597574e-02  6.2174149e-02  4.7103548e-02  4.4475622e-02
  2.9611694e-02  2.1827480e-02  1.5542783e-02  1.9336833e-02  6.0267318e-04
 -4.0238052e-02 -7.1424692e-02 -1.2771995e-01 -1.3058774e-01 -8.8399107e-02
 -5.3721639e-02 -7.4606264e-03  3.5581101e-02  5.4587557e-02  4.9561007e-02
  5.8266956e-02  2.6843471e-02 -1.6808472e-02 -6.7543145e-02 -7.6867608e-02
  7.7881366e-03  6.4764362e-02  6.2948045e-02  3.1957519e-03 -3.7673485e-02
 -9.8497466e-02 -5.7398021e-02 -1.9952329e-02  3.0798938e-02  7.7475561e-02
  1.3659486e-01  1.3971458e-01  6.1297671e-02  3.0519853e-03 -8.8026490e-02
 -1.0291908e-01 -4.7872918e-02 -1.2348238e-02  7.1243664e-02  7.4802378e-02
  2.0214820e-02 -2.0423003e-02 -6.2133418e-02 -1.1564235e-01 -1.6099445e-01
 -2.1578566e-01 -1.7959510e-01 -8.2889814e-02 -7.4265327e-03  1.0280443e-01
  1.8706252e-01  2.8551171e-01  2.4662081e-01  1.1332217e-01  1.1355147e-02
 -1.2986815e-01 -2.5262491e-01 -3.5330678e-01 -2.3295317e-01 -1.7159969e-01
 -9.1582187e-02 -2.7629435e-03  1.0259021e-01  5.8816075e-02  4.5524077e-02
  9.0595583e-03  5.7571506e-02  1.0093984e-01  1.6040611e-01  1.9756215e-01
  1.7315351e-01  1.7426985e-01  1.8033430e-01  1.7611031e-01  1.5664977e-01
  1.0716419e-01  4.2508448e-03 -7.7409184e-02 -1.3352945e-01 -1.5960657e-01
 -1.5969708e-01 -1.6452450e-01 -1.9421313e-01 -2.3720734e-01 -2.4736000e-01
 -2.5686399e-01 -2.6679037e-01 -1.7350048e-01 -5.7245655e-02  5.2584178e-02
  1.3560071e-01  1.7549179e-01  1.4502323e-01  1.1841661e-01  8.5380461e-02
  1.4161085e-01  1.9721518e-01  1.9382090e-01  1.0288137e-01  4.2852402e-02
 -2.5965484e-02 -4.3059076e-02 -5.7363324e-02 -1.1177890e-01 -1.2477522e-01
 -1.3218380e-01 -1.3229242e-01 -2.2551593e-01 -1.9427347e-01 -7.8269068e-02
  2.1006819e-02  1.2372677e-01  1.9833152e-01  2.0966087e-01  1.6369479e-01
  1.4092596e-01  1.7288197e-01  2.1062636e-01  2.3357169e-01  2.6553826e-01
  2.8035240e-01  2.8486302e-01  2.6172158e-01  2.1732440e-01  5.0642650e-02
 -1.1646150e-01 -3.0117065e-01 -4.4185976e-01 -2.8902667e-01 -1.7223329e-01
  1.4300477e-02  1.8561429e-01  2.7452933e-01  2.0273654e-01  1.1572381e-01
  1.3899499e-02 -1.0958545e-01 -1.1246983e-01 -2.9527215e-02  1.7802619e-02
  1.5782645e-01  2.7339790e-01  3.1044835e-01  3.0995052e-01  2.6481414e-01
  2.2783913e-01  1.7242940e-01  1.3782283e-01  3.4989742e-02 -9.7017560e-02
 -2.1486544e-01 -3.5074222e-01 -4.4154296e-01 -4.0425115e-01 -3.9055334e-01
 -3.1741793e-01 -2.3420529e-01 -1.6386073e-01 -1.3986544e-01 -1.1028995e-01
 -7.3197260e-02 -3.5891866e-02 -2.6264181e-02 -2.1788257e-02 -1.5595583e-02
 -3.8242216e-03  4.5142409e-03 -4.7426382e-03 -1.4428856e-02 -1.4889422e-02
  5.6761405e-03  2.3241009e-02  4.9381487e-02  8.2387461e-02  1.1474626e-01
  1.4388728e-01  1.7603488e-01  1.6440381e-01  1.3452209e-01  8.8338764e-02
  2.8846850e-02 -3.1820239e-03 -8.8209027e-03 -1.5965182e-02 -2.1397538e-02
 -4.7003983e-02 -4.3431692e-02  2.0430545e-02  5.1888728e-02  8.3772327e-02
  8.8827540e-02  9.0874668e-02  6.3094376e-02  1.5781137e-02 -4.0726828e-03
 -4.7105057e-02 -3.6928252e-02 -3.1050869e-02 -2.1743000e-02 -5.0422399e-02
 -5.8078385e-02 -5.8660693e-02 -6.6114531e-02 -5.5978458e-02 -4.0486966e-02
 -2.8219286e-02 -5.0073920e-02 -7.8585868e-02 -1.0066980e-01 -1.0795468e-01
 -1.4099535e-01 -1.2983949e-01 -9.6376418e-02 -5.6266594e-02 -1.0158551e-02
  1.5989319e-02  6.7245957e-03 -2.3360186e-02 -2.0409426e-02 -3.5059136e-02
 -3.9631608e-02 -6.5025344e-02 -9.1713432e-02 -1.2420197e-01 -1.3695692e-01
 -1.1667723e-01 -1.0069394e-01 -7.1629858e-02 -4.4291576e-02  2.7830075e-03
  5.7144581e-02  9.6479001e-02  1.2057084e-01  1.1890538e-01  9.4919141e-02
  4.6035482e-02  2.9385409e-03 -1.9996078e-02 -5.7315049e-02 -5.5587738e-02
 -2.6832911e-02 -1.3317946e-02  1.2204321e-02  3.7291818e-02  7.0311369e-02
  9.7958907e-02  1.2366944e-01  1.0946325e-01  7.1433744e-02  1.9879918e-02
 -3.7474354e-02 -9.0757000e-02 -5.6287714e-02 -2.0751871e-02  2.7652064e-02
  6.9185976e-02  1.0685041e-01  8.7432114e-02  5.0414856e-02  3.6136254e-02
  8.1188149e-03  9.0880702e-04  1.2053765e-03  3.6413831e-03  5.2142168e-03
 -2.6593049e-03 -1.9763758e-02 -2.4214036e-02 -4.4225199e-03  1.4720764e-02
  6.3951243e-03 -3.4335023e-02 -5.7046524e-02 -9.9502172e-02 -9.5830316e-02
 -6.5553343e-02 -4.2576334e-02 -7.8963010e-05  5.2072773e-02  1.0186007e-01
  1.3490677e-01  1.4391745e-01  1.3962708e-01  1.2030533e-01  7.2017560e-02
  4.9046585e-02  2.6930968e-02  9.1704381e-05 -2.0312877e-02 -3.6857350e-02
 -3.4307869e-02 -2.7468018e-02 -2.1061127e-02 -1.2722816e-02 -2.7133116e-02
 -4.3475441e-02 -6.1965967e-02 -8.9467174e-02 -9.5086592e-02 -7.9892288e-02
 -6.2768525e-02  8.4239983e-03  2.9836471e-02  6.2620685e-02  8.2315049e-02
  6.8534275e-02  5.6471760e-02  3.7754948e-02  5.1653391e-02  6.4263517e-02
  7.7733526e-02  4.8716208e-02  2.8066920e-02 -6.5283309e-03 -1.3016081e-02
  4.7436942e-03  1.0059739e-02  2.9964699e-02  2.6054490e-02  1.2702752e-02
  5.1452752e-03 -9.9215544e-03 -1.5975742e-02 -1.4732380e-02 -1.4777184e-02
 -2.0830316e-02 -3.5247707e-02 -4.7304188e-02 -2.2455045e-02  2.3980208e-03
  1.8881245e-02  3.8157736e-02  5.7005793e-02  5.5900012e-02  4.5355117e-02
  3.6741190e-02  2.4698286e-02  2.8534576e-02  3.5161719e-02  3.0204562e-02
  2.2889512e-02  1.9223691e-02  1.2985005e-02 -9.7732621e-03 -1.2358949e-02
 -1.8375875e-02 -4.6492578e-02 -9.0913891e-02 -1.2052559e-01 -1.4863927e-01
 -1.3339820e-01 -1.0935765e-01 -8.2529266e-02 -3.2523232e-02  1.2120293e-02
  3.3380099e-02  3.5759112e-02  3.7498491e-02  3.7951062e-02  5.6004103e-02
  7.9637340e-02  8.1603005e-02  6.1901098e-02  4.1128108e-02  3.6213191e-03
 -3.4310886e-02 -6.4515448e-02 -7.4975863e-02 -9.6162201e-02 -8.6659727e-02
 -7.1362841e-02 -5.6704079e-02 -4.2687968e-02 -4.6261767e-02 -4.9616824e-02
 -3.7091178e-02 -2.3274197e-02 -6.2361212e-03 -7.7980932e-04 -6.0483044e-03
 -9.3828446e-03 -6.4900133e-03  1.3356264e-02  3.5566015e-02  5.9927890e-02
  8.4935433e-02  8.8061188e-02  7.8531559e-02  6.5571446e-02  4.8538197e-02
  5.4898322e-02  6.5123401e-02  7.7069756e-02  8.0651098e-02  4.9476527e-02
  2.3456734e-02 -2.1658520e-02 -6.0332187e-02 -1.0972876e-01 -1.1449131e-01
 -7.8481776e-02 -5.6200217e-02 -1.4390086e-02 -1.0768314e-02 -3.1176080e-02
 -4.6213493e-02 -5.4596609e-02 -6.0615798e-02 -5.5257362e-02 -4.5604031e-02
 -3.4016715e-02 -1.5772085e-02 -3.1414434e-04  1.6005914e-02  3.8982923e-02
  6.5179218e-02  9.0953114e-02  9.9351315e-02  9.4448467e-02  6.1655202e-02
  1.6849203e-02 -4.7770336e-03 -1.4599777e-02 -2.2058291e-02 -2.8869479e-02
 -3.9968018e-02 -4.9776732e-02 -4.0268224e-02 -2.4105419e-02 -1.2230871e-02
 -1.3226527e-02 -1.2717234e-02 -6.6251810e-03  3.2853608e-04  3.8530352e-03
  4.8044895e-03  1.0910421e-02  2.0023232e-02  2.9997888e-02  4.0619720e-02
  5.2101436e-02  7.2171434e-02  9.3315532e-02  8.2278844e-02  6.3518284e-02
  2.3090152e-02 -1.1541455e-02 -1.5486966e-02 -2.3292300e-02 -2.9162141e-02
 -3.8035542e-02 -2.8451605e-02 -1.3287020e-02  2.7382030e-03  2.2842747e-02
  4.4023051e-02  5.9411960e-02  3.8755129e-02  1.5954622e-02 -2.1221035e-03
 -1.7623099e-02 -3.3764784e-02 -4.2393797e-02 -3.4929399e-02 -2.8107651e-02
 -1.9781861e-02 -1.1882694e-02 -4.8405443e-03 -1.2299059e-03 -2.3382814e-03
 -6.0205467e-03 -7.1263275e-03 -7.5871953e-03 -6.7589911e-03 -2.4971337e-03
  8.6320299e-03  1.8689657e-02  3.1966570e-02  4.1381547e-02  3.3847755e-02
  2.2880461e-02  7.4072230e-03 -9.5664374e-03 -2.1175778e-02 -3.7290309e-02
 -3.4093652e-02 -1.7808653e-02 -5.5992035e-03  6.6099445e-03  1.1738324e-02
  2.0299300e-02  1.6202028e-02  1.4677921e-02  8.0049179e-03  3.6908641e-03
 -2.3403934e-03 -2.7916063e-03 -1.9573678e-03 -2.6517620e-04 -2.6504043e-03
 -6.7531077e-03 -9.3540309e-03 -1.4960928e-02 -1.4130914e-02 -6.0066679e-03
  3.9999698e-04  8.3075368e-03  1.6642530e-02  1.8540309e-02  1.7217294e-02
  6.0219044e-03 -6.8899348e-03 -1.3368030e-02 -7.8296223e-03 -6.5859582e-03
 -1.8647417e-02 -3.6074403e-02 -4.1701364e-02 -2.6301895e-02 -1.4123974e-02
 -4.7375091e-03 -2.0047369e-03  5.4468380e-03  8.1752353e-03  1.7767922e-02
  3.0148745e-02  3.8878832e-02  2.4004345e-02  1.2988324e-02 -2.3201786e-03
 -6.0448347e-03 -6.3387038e-03 -5.9914313e-03 -4.7888004e-03 -8.3085928e-03
 -2.7066739e-02 -2.7158762e-02 -2.6609643e-02 -2.3704140e-02 -1.8439235e-02
 -1.6182416e-02 -2.5085988e-02 -3.2705769e-02 -4.3116401e-02 -3.8082308e-02
 -3.6054791e-02 -3.2312032e-02 -3.3294111e-02 -2.8914736e-02 -2.7970372e-02
 -1.6088885e-02  3.7314446e-03  2.1616280e-02  4.0143012e-02  5.4373341e-02
  6.9674753e-02  6.2872616e-02  5.4350712e-02  4.4109039e-02  3.3004465e-02
  1.7608014e-02 -5.7336169e-03 -1.8991371e-02 -2.5386194e-02 -3.2212467e-02
 -4.2262551e-02 -5.8108557e-02 -7.5458605e-02 -7.7790852e-02 -6.1033671e-02
 -4.9425235e-02 -2.9667511e-02 -1.0127776e-02  1.0911025e-02  2.8943399e-02
  4.2251991e-02  5.5343350e-02  6.7143374e-02  8.0657133e-02  9.0520154e-02
  8.6863384e-02  7.7194967e-02  5.9369720e-02  4.5406408e-02  2.2639090e-02
 -8.4976165e-03 -3.9421916e-02 -5.6618091e-02 -6.9739621e-02 -6.9130159e-02
 -6.7236906e-02 -6.0196416e-02 -4.3074161e-02 -2.9388426e-02 -1.2485367e-02
  8.4908279e-03  2.6246078e-02  3.9922761e-02  4.1366462e-02  4.0876177e-02
  3.9740224e-02  3.9673847e-02  4.9904960e-02  4.5542180e-02  4.0103790e-02
  3.1876056e-02  1.6134142e-02  1.2498793e-03 -1.7929339e-02 -3.4749879e-02
 -5.4147055e-02 -5.5522870e-02 -3.8017439e-02 -2.4376961e-02 -6.0182839e-03
 -3.9684407e-03 -1.2768525e-03 -2.6635288e-03 -4.4824101e-03 -3.0830618e-03
  1.3180364e-03  7.8244931e-04  2.1762612e-03  2.0665882e-03  1.7407374e-03
  1.2607863e-04  1.0525284e-02  2.0709631e-02  3.3896029e-02  3.0130642e-02
  1.9282525e-02  9.7201605e-03 -3.4906770e-03 -1.7561248e-02 -2.1118453e-02
 -2.1029447e-02 -2.1584601e-02 -2.1067161e-02 -2.0122797e-02 -1.1025676e-02
 -3.8599747e-03  5.6649771e-03  1.1111966e-02  8.6201122e-03  9.1310644e-03
  8.3546042e-03  1.4013849e-02  2.0315894e-02  2.6618694e-02  3.4208303e-02
  3.5575066e-02  3.2434226e-02  2.9294895e-02  2.5724113e-02  2.8591902e-02
  3.0815532e-02  3.3253379e-02  3.4404417e-02  2.6543266e-02  2.2973992e-02
  1.6399650e-02  1.9267439e-02  2.4710355e-02  2.9939054e-02  3.6240345e-02
  4.0824885e-02  3.1464217e-02  2.3390357e-02  1.3815774e-02  4.6705286e-03
 -4.9031499e-03 -1.1901400e-02 -2.0400374e-02 -2.7182899e-02 -3.7825851e-02
 -5.0829713e-02 -6.3402124e-02 -7.4043567e-02 -8.1894159e-02 -8.5237147e-02
 -8.7721760e-02 -9.0203355e-02 -8.7750422e-02 -8.5940140e-02 -8.3269973e-02
 -8.2099324e-02 -7.2989078e-02 -5.9155503e-02 -4.5536145e-02 -3.8996500e-02
 -3.7389874e-02 -3.4064989e-02 -3.3099505e-02 -2.8054852e-02 -2.4938149e-02
 -1.9890478e-02 -1.5269732e-02 -3.5661055e-03  1.9169382e-03  3.9702510e-03
  6.0247707e-03  4.8621168e-03  5.6332971e-03  5.7628832e-03  6.5382875e-03
  8.6038197e-03  1.4962738e-02  2.0465243e-02  2.6828385e-02  3.3838704e-02
  4.0420589e-02  4.7435433e-02  5.2949252e-02  4.9026973e-02  4.6393012e-02
  4.2045317e-02  3.8773232e-02  2.9067101e-02  1.8504103e-02  1.0090062e-02
  3.8242216e-03  5.5000905e-03  7.1795800e-03  1.0148141e-02  1.3763125e-02
  1.7810162e-02  2.6366763e-02  3.3638064e-02  4.2200700e-02  4.2395305e-02
  3.6585807e-02  3.5929580e-02  3.6777396e-02  3.7628228e-02  3.9124728e-02
  3.9553162e-02  3.0970915e-02  2.1961743e-02  1.1024167e-02  2.2360005e-03
 -3.3313722e-03 -8.8961803e-03 -1.1454260e-02 -5.8555093e-03  4.8951545e-03
  1.4360216e-02  2.4042059e-02  3.1581885e-02  3.9983104e-02  2.9288861e-02
  1.6880883e-02  2.9726346e-03 -1.0503409e-02 -2.6338100e-02 -2.8652245e-02
 -1.7875030e-02 -1.0313933e-02  8.9713070e-04  2.6673003e-03  4.6558955e-03
  4.7148805e-03  5.6342023e-03  1.0203053e-02  1.5846005e-02  2.1706795e-02
  2.7997526e-02  3.4503983e-02  3.7579954e-02  3.7439657e-02  3.8371953e-02
  3.7589006e-02  3.8311610e-02  2.6804248e-02  4.7832187e-03 -1.4661477e-02
 -2.4233647e-02 -3.1660331e-02 -3.9728156e-02 -5.2516293e-02 -6.3801895e-02
 -5.8994086e-02 -5.6329954e-02 -5.1734854e-02 -4.7353971e-02 -4.3401521e-02
 -3.9661779e-02 -3.8497164e-02 -3.6902607e-02 -3.5522266e-02 -3.5431752e-02
 -3.3621470e-02 -2.1296464e-02 -8.7582971e-03 -2.0131849e-03 -4.9236664e-03
 -6.3322170e-03 -1.0316196e-02 -1.1296011e-02 -6.9116582e-03 -1.6727009e-04
  6.1474173e-03  1.4392650e-02  1.6200519e-02  1.3502142e-02  9.5149952e-03
  3.5962769e-03 -1.4647749e-03 -6.7411900e-03 -4.9376961e-03 -1.4183110e-03
  1.4563722e-03  5.6174572e-03  9.1336290e-03  1.3293055e-02  1.6377021e-02
  1.9032102e-02  2.2114108e-02  2.4551955e-02  2.7416727e-02  3.7576937e-02
  4.9666606e-02  4.1797912e-02  3.0281499e-02  2.0908762e-02  1.2178373e-02
  3.8756638e-03 -4.6444304e-03 -1.2734432e-02 -2.1471458e-02 -2.0769973e-02
 -1.9211622e-02 -1.7224837e-02 -1.1378832e-02 -4.6764120e-03  3.3126659e-03
  1.4731324e-02  1.8854091e-02  1.5464337e-02  1.2930545e-02  8.2497586e-03
  4.4241793e-03  1.4560554e-03 -1.5147538e-03 -4.7028120e-03 -5.5313179e-03
 -5.6963553e-04  3.1020698e-03  6.9869358e-03  4.2188631e-03  1.8774137e-03
  1.2501810e-03  3.8391564e-03  5.3539102e-03  9.8692071e-03  1.0520004e-02
  3.6609944e-03 -3.2011827e-03 -1.1997345e-02 -2.1653995e-02 -3.0669201e-02
 -4.0114350e-02 -3.7331040e-02 -3.3048214e-02 -2.6835928e-02 -2.2557627e-02
 -1.9567644e-02 -1.6794895e-02 -1.3380099e-02 -9.7524439e-03 -6.9851255e-03
 -4.4339850e-03 -1.8848057e-03  4.4810524e-04  2.7793869e-03  4.2505431e-03
  5.7201907e-03 -9.6539343e-04 -6.3648021e-03 -1.2410391e-02 -1.8885771e-02
 -2.4933623e-02 -3.0982983e-02 -3.5747043e-02 -4.1583695e-02 -4.5920830e-02
 -4.8971156e-02 -5.1808774e-02 -5.4432175e-02 -5.6412925e-02 -5.9467777e-02
 -5.5442916e-02 -4.8200278e-02 -3.7309920e-02 -1.6550507e-02 -1.5859582e-03
  8.4431571e-03  1.9329290e-02  2.7855720e-02  3.0373522e-02  3.3748190e-02
  3.0687304e-02  2.6336592e-02  2.0484854e-02  1.2486121e-02  4.0582006e-03
 -3.5110427e-03 -1.3655413e-02 -1.0066377e-02 -6.8460355e-04  7.1946657e-03
  1.2285180e-02  1.5230509e-02  1.5815834e-02  1.5327058e-02  1.5913891e-02
  1.5856565e-02  1.6229182e-02  1.6816015e-02  1.8261224e-02  1.9065291e-02
  1.8581040e-02  1.8312515e-02  1.8045498e-02  1.6704381e-02  1.5794714e-02
  1.4242849e-02  1.8914434e-02  2.5087497e-02  3.0833635e-02  3.6795498e-02
  4.0182235e-02  4.3570480e-02  4.0308955e-02  3.7477371e-02  3.3361996e-02
  2.9245112e-02  2.4055636e-02  1.9083394e-02  1.3684981e-02  8.2868694e-03
  3.3179459e-03 -1.4335777e-03 -2.1071687e-03  6.5367789e-04  2.7724475e-03
  8.5403090e-03  1.4309377e-02  1.7935373e-02  2.0703596e-02  2.4115979e-02
  2.6244569e-02  2.8803102e-02  3.0503259e-02  3.0276973e-02  2.9836471e-02
  2.8967536e-02  9.8616643e-03  2.7735035e-03  1.6960838e-03 -2.1718863e-03
 -3.0326756e-03 -5.3932839e-03 -1.0755642e-02 -1.6119056e-02 -2.1480509e-02
 -2.7267379e-02 -3.2840031e-02 -3.7552800e-02 -3.1536628e-02 -2.7018465e-02
 -2.0783551e-02 -1.3903723e-02 -6.3788318e-03 -3.5728940e-03 -3.3405745e-03
 -2.6777094e-03 -2.8720130e-03 -4.9010379e-04  1.6784335e-03  4.9212527e-03
  8.3796464e-03  1.0766353e-02  1.1437666e-02  1.0393586e-02  2.9134987e-03
 -3.9219768e-03 -1.2902034e-02 -1.6517318e-02 -1.9271965e-02 -2.1383961e-02
 -2.3494448e-02 -2.5387702e-02 -2.8139331e-02 -2.7457458e-02 -2.4414675e-02
 -1.4075700e-02 -4.3799783e-03  8.1068972e-03  1.3941136e-02  1.2482350e-02
  1.1880883e-02  9.5652305e-03  7.4627384e-03  5.3623582e-03  3.9041757e-03
  1.1605720e-03 -6.3043085e-03 -1.2480539e-02 -1.8870685e-02 -1.4319032e-02
 -1.1697291e-02 -6.9296102e-03 -3.4493423e-03  2.4535361e-04  1.3656167e-03
  3.4018224e-04  1.7313843e-04 -2.0863505e-04 -5.9095161e-04  1.0028512e-04
  2.0791093e-03  3.6279568e-03  4.7479182e-03  2.0054912e-03 -9.5204260e-04
 -4.1244267e-03 -7.7261344e-03 -9.8260620e-03 -9.9953234e-03 -1.0594074e-02
 -1.0334902e-02 -1.0290701e-02 -9.6038499e-03 -1.1276400e-02 -1.6168839e-02
 -1.9988535e-02 -2.5526490e-02 -2.8489319e-02 -2.8662805e-02 -2.9696174e-02
 -2.7941709e-02 -1.9750181e-02 -1.2630039e-02 -4.2251991e-03  2.6775585e-03
  3.3567161e-03  4.8934951e-03  4.4984009e-03  4.1024016e-03  6.9240285e-03
  1.1246832e-02  1.3637762e-02  1.4525706e-02  1.5198829e-02  1.4153090e-02
  1.3107199e-02  1.3561881e-02  1.7019672e-02  2.0047369e-02  2.4363384e-02
  2.5458605e-02  2.5908158e-02  2.7644521e-02  2.8306783e-02  2.9397478e-02
  3.0272448e-02  3.0289042e-02  2.9015810e-02  2.7956795e-02  2.6467837e-02
  2.4977371e-02  2.0053403e-02  1.5770577e-02  1.1916938e-02  1.1709510e-02
  1.0428132e-02  1.0218592e-02  1.0651551e-02  9.3670046e-03  5.5065774e-03
  4.4342867e-03  4.2191649e-03  2.9302438e-03  2.4984914e-03  1.4219316e-03
 -2.4450881e-03 -5.0257965e-03 -8.0365979e-03 -8.9029689e-03 -9.9847635e-03
 -1.1925688e-02 -1.3867819e-02 -1.8170710e-02 -2.3120323e-02 -2.7854212e-02
 -3.2803826e-02 -3.7756457e-02 -4.2493362e-02 -4.7660210e-02 -4.8966630e-02
 -4.1905021e-02 -3.6561670e-02 -2.8428977e-02 -2.3945510e-02 -2.1822954e-02
 -1.9271965e-02 -1.7363625e-02 -1.5888245e-02 -1.4196838e-02 -1.3150344e-02
 -1.1676171e-02 -1.0201846e-02 -9.1576153e-03 -7.0407917e-03 -5.7827963e-03
 -2.1652486e-03  2.7392590e-03  8.2871711e-03  1.1902909e-02  1.2300115e-02
  1.4628138e-02  1.5453777e-02  1.7995716e-02  2.4613806e-02  2.9730871e-02
  2.4975863e-02  2.1724897e-02  1.6969889e-02  1.1786749e-02  1.0893525e-02
  1.2147749e-02  1.2113354e-02  1.1435252e-02  6.6806964e-03  2.7845161e-03
  6.0590152e-04  7.8619056e-04 -3.1999759e-04  2.9122918e-04 -4.2476768e-03
 -1.6082851e-02 -2.6413529e-02 -2.8161960e-02 -3.0124608e-02 -3.0798938e-02
 -2.9112358e-02 -2.6137461e-02 -2.3162563e-02 -2.2118634e-02 -2.1933080e-02
 -2.0887642e-02 -2.1343230e-02 -2.0510500e-02 -1.4098479e-02 -6.6129616e-03
  1.0880401e-03  1.0507332e-02  1.9496741e-02  2.8917753e-02  2.5678856e-02
  1.9007965e-02  1.2338885e-02  3.9536568e-03 -4.4303645e-03 -1.0667843e-02
 -1.1325278e-02 -1.3268917e-02 -1.3709420e-02 -1.4792572e-02 -1.5658943e-02
 -1.6740587e-02 -1.7606505e-02 -1.7611031e-02 -1.3323980e-02 -7.5336411e-03
 -1.9563119e-03  4.0512612e-03  7.2705467e-03  8.1310343e-03  1.0065623e-02
  9.6412624e-03  1.2007754e-02  1.6091902e-02  2.0177106e-02  2.5122194e-02
  2.9640357e-02  3.0510801e-02  3.2671072e-02  3.3972966e-02  3.5277878e-02
  3.6152848e-02  3.4241492e-02  3.2974294e-02  3.1924330e-02  3.0015991e-02
  2.7465001e-02  2.4915520e-02  2.2153331e-02  2.0249517e-02  1.8132995e-02
  1.6446416e-02  1.4762400e-02  1.3077933e-02  1.0966087e-02  9.2840333e-03
  7.6030352e-03  6.1377625e-03  4.8879133e-03  6.4284637e-03  7.9700700e-03
  9.9416184e-03  1.0841329e-02  7.2352462e-03  4.0592566e-03 -4.0289343e-04
 -4.8646814e-03 -9.9698286e-03 -1.2069605e-02 -1.0736182e-02 -9.4021542e-03
 -8.0676744e-03 -3.9432476e-03  8.2521723e-04  5.5940743e-03  7.5739199e-03
  8.4811731e-03  1.1319092e-02  1.8664012e-02  2.4936640e-02  3.3354453e-02
  3.1901702e-02  2.6158581e-02  2.1916486e-02  1.5099264e-02  9.7838221e-03
  3.8251267e-03 -4.1740587e-04 -1.4418748e-03 -2.6805757e-03 -5.8520396e-03
 -1.2241582e-02 -1.6057205e-02 -1.6868815e-02 -1.9398685e-02 -2.1070179e-02
 -2.2527456e-02 -2.3986242e-02 -2.4802378e-02 -2.5188571e-02 -2.4073739e-02
 -2.3176140e-02 -2.2278542e-02 -2.2025103e-02 -2.3275706e-02 -2.3883659e-02
 -2.4491612e-02 -2.5531016e-02 -2.5926261e-02 -2.3535180e-02 -2.1144098e-02
 -1.8111875e-02 -1.6797912e-02 -1.7200700e-02 -1.7604996e-02 -1.8440743e-02
 -1.8632332e-02 -1.9041154e-02 -1.9023051e-02 -1.7075489e-02 -1.5772085e-02
 -1.4041908e-02 -1.1239591e-02 -8.0111031e-03 -4.9975863e-03 -1.3440743e-03
  2.5238354e-03  4.4599324e-03  1.8860126e-03 -4.4819575e-05 -2.6220432e-03
 -4.3418115e-03 -1.5585023e-03  2.9400495e-03  6.5784154e-03  6.5672520e-03
  6.1249397e-03  4.8225923e-03  4.1618392e-03  3.0700881e-03  3.9076454e-03
  5.6016172e-03  6.8642892e-03  8.5543386e-03  8.3111574e-03  3.9894098e-03
  3.0934709e-04 -3.8015930e-03 -7.2713010e-03 -7.0944967e-03 -5.6325428e-03
 -4.3872194e-03 -4.4309679e-03 -4.2620082e-03 -4.9532344e-03 -5.4319032e-03
 -3.7665943e-03 -2.3176140e-03 -1.7280654e-03 -4.1452450e-03 -6.1358014e-03
 -9.1994026e-03 -8.1880582e-03 -7.6078627e-03 -6.3863746e-03 -4.0930485e-03
 -2.0160512e-03 -7.9895305e-04 -1.7291214e-03 -2.6612660e-03 -3.1654296e-03
  4.0533732e-03  1.2129043e-02  2.0202752e-02  2.1195390e-02  2.3259112e-02
  2.3174632e-02  2.3088643e-02  2.2358496e-02  2.2915158e-02  2.1753560e-02
  1.6942735e-02  1.3203596e-02  8.1761405e-03  7.6532706e-03  7.5586833e-03
  7.6775585e-03  8.0100471e-03  8.1269611e-03  3.9516956e-03 -8.6831704e-04
 -5.2597755e-03 -1.0725169e-02 -1.2972484e-02 -9.6418658e-03 -6.9555576e-03
 -2.5532525e-03 -1.5847514e-03 -1.6894461e-03 -2.2239319e-03 -2.9733888e-03
 -3.5084782e-03 -4.9025465e-03 -6.0820963e-03 -5.5453476e-03 -4.7942312e-03
 -4.0432657e-03 -2.6487449e-03 -1.6834118e-03 -1.1471458e-03 -1.2546011e-03
 -1.3619811e-03 -1.4691950e-03  1.6423787e-03  4.3250664e-03  7.4375453e-03
  1.0764392e-02  1.3877474e-02  1.5918417e-02  1.1092053e-02  9.2716630e-03
  2.7311127e-03 -4.6669080e-03 -1.2707881e-02 -1.4096669e-02 -4.7565170e-03
  1.7962527e-03  1.3284908e-02  1.4473208e-02  1.9323256e-03 -5.4583032e-03
 -2.0142409e-02 -1.0151460e-02  1.3789374e-02  3.6228277e-02  6.1459088e-02
  4.8069032e-02  1.8372858e-02  1.5069545e-02  1.0695903e-02  1.5548817e-02
 -5.9853971e-03 -3.5028965e-02 -6.8578023e-02 -5.4059558e-02 -1.1431330e-02
  2.6049964e-02  2.5553645e-02  1.4118091e-02  1.0776008e-04 -2.5057326e-02
 -3.9059860e-02 -1.5083273e-02  1.2115315e-02  3.4596005e-02  1.5452269e-02
  3.6065351e-03  8.7162081e-03  2.6057507e-02  2.3663408e-02  1.1185282e-02
  1.2865677e-03  1.8817886e-04 -4.8631728e-05 -7.3631728e-03 -1.3814718e-02
 -2.3482380e-02 -1.8985337e-02 -7.1886314e-03  2.6807265e-03  1.1052679e-02
  2.4363384e-02  1.1285602e-02 -2.0026249e-02 -4.1248793e-02 -3.3500784e-02
 -2.2958907e-02 -1.2414012e-02  4.3597635e-03  5.9031801e-03 -4.8781077e-04
 -4.7284576e-03 -5.7453838e-03 -1.1792481e-03 -2.5524982e-04  4.1073799e-03
  1.1790520e-03 -1.1008478e-03 -4.0173184e-03 -9.0757000e-03 -1.7991190e-02
 -2.6899288e-02 -3.0224173e-02 -2.1741492e-02 -1.5612177e-02 -6.4738716e-03
  3.0999578e-03  5.3843833e-03 -9.0612177e-03 -1.7707579e-02 -3.6216208e-02
 -2.8757845e-02 -1.3351738e-02  3.3478156e-03  5.8926201e-03  1.7933864e-03
 -1.6556541e-03 -8.0613384e-04  1.3782585e-02  1.7650253e-02  1.8307989e-02
  1.9401702e-02  2.0717174e-02  1.9682295e-02  1.4575790e-02  8.6190562e-03
  3.5300507e-03 -3.2683140e-03 -1.1774378e-02 -2.0702088e-02 -2.1038499e-02
 -1.5143012e-02 -1.5461320e-02 -1.4698588e-02 -1.4999849e-02 -6.9237268e-03
  3.3069334e-03  1.2903391e-02  2.4010379e-02  3.2553403e-02  2.9516655e-02
  2.8851376e-02  2.5621530e-02  2.8623582e-02  3.0132151e-02  3.3799481e-02
  2.7603790e-02  2.0776008e-02  1.2026913e-02  9.7246862e-03  1.1296162e-02
  1.1375965e-02  6.9603850e-03  1.6975923e-03 -2.4814446e-03 -9.0097755e-03
 -7.5879496e-03 -2.0779025e-03  1.7270094e-03  7.0451665e-03  1.0027003e-03
 -7.3606083e-04 -3.7513577e-03 -4.3943097e-03 -3.0465544e-04  1.2222574e-03
  2.1177287e-03 -2.5535542e-03 -1.0859884e-02 -1.6793386e-02 -2.4002836e-02
 -2.1970794e-02 -2.2073377e-02 -1.5081764e-02 -6.3605781e-03  0.0000000e+00
