Scaled from
PEER NGA STRONG MOTION DATABASE RECORD
ACCELERATION TIME SERIES IN UNITS OF G
NPTS= 3938.000000, DT= 0.010000, Scalar= 1.000000
 -4.3319345e-04 -7.9489172e-03 -5.1315926e-03  7.5735675e-03  1.9610921e-02
  1.9997928e-02  9.0682313e-03 -4.0314475e-03 -1.0842400e-02 -8.0621179e-03
  2.5464978e-03  1.4027044e-02  1.6918454e-02  7.7888302e-03 -5.0888509e-03
 -9.0985390e-03 -1.1426536e-03  9.1322143e-03  1.1410994e-02  6.1397783e-03
  1.7032432e-03  2.7763962e-03  5.7045902e-03  5.3494457e-03  2.3044503e-03
  1.5036525e-03  4.8772148e-03  8.6962491e-03  8.4519739e-03  4.2565537e-03
 -2.3573464e-04 -2.3720340e-03 -1.9483732e-03  6.8303803e-04  4.2604393e-03
  5.1108693e-03 -4.9380893e-05 -7.7699202e-03 -8.9045177e-03  6.2791421e-04
  1.2312455e-02  1.3923169e-02  4.2363486e-03 -5.3577349e-03 -5.0453321e-03
  2.6318516e-03  7.8600663e-03  5.4268988e-03 -1.2361931e-03 -4.8754015e-03
 -1.4466636e-03  6.2304424e-03  1.0030308e-02  4.6287949e-03 -4.4275205e-03
 -5.0800435e-03  5.8250440e-03  1.5839291e-02  1.1532225e-02 -3.2193555e-03
 -1.1107139e-02 -3.3929127e-03  9.5155942e-03  1.2536007e-02  3.9249819e-03
 -5.7810071e-03 -8.0660035e-03 -3.4501606e-03  3.0579733e-03  7.3956067e-03
  7.4665838e-03  3.5115532e-03 -1.0370946e-03 -2.2092011e-03  3.2053673e-05
  2.5701223e-03  3.9765309e-03  5.4942493e-03  6.6594135e-03  4.2070770e-03
 -2.4006062e-03 -7.3948296e-03 -4.8937934e-03  3.2468138e-03  8.7900218e-03
  6.5415501e-03 -5.1157911e-04 -5.8579422e-03 -6.4182468e-03 -3.6763030e-03
 -1.7363486e-04  2.8838980e-03  4.8463890e-03  4.7870687e-03  2.4829292e-03
 -6.7443788e-04 -2.3478655e-03 -1.7765517e-03 -4.8173764e-04 -6.8961766e-04
 -2.6411771e-03 -4.4816599e-03 -4.6523676e-03 -3.8586675e-03 -3.2688322e-03
 -2.0853798e-03  1.1015957e-03  4.7526163e-03  4.3772666e-03 -1.4701067e-03
 -7.3178945e-03 -5.7447415e-03  3.1188478e-03  1.0238576e-02  7.6005077e-03
 -2.4028080e-03 -9.5676614e-03 -7.6792560e-03 -3.3701171e-04  4.7049529e-03
  4.8678893e-03  3.6768211e-03  4.2847891e-03  5.3380479e-03  3.9055538e-03
 -3.1499326e-05 -3.5418609e-03 -4.3249404e-03 -2.2143301e-03  1.7516579e-03
  5.7732359e-03  7.1233551e-03  3.7985701e-03 -2.4575692e-03 -6.4874106e-03
 -4.9518185e-03  1.5943944e-05  2.9056574e-03  3.2294581e-04 -5.9146721e-03
 -1.0519635e-02 -8.6685318e-03 -3.8045280e-04  8.2973267e-03  9.9810900e-03
  3.9477774e-03 -2.3452751e-03 -2.6836597e-03 -3.3188271e-04 -2.6365144e-03
 -8.6516941e-03 -8.7856181e-03  6.3413118e-04  9.4231168e-03  5.5600456e-03
 -8.6731945e-03 -1.9177546e-02 -1.7048492e-02 -6.8682002e-03  1.5496322e-03
  3.7529790e-03  1.1514092e-03 -3.0641902e-03 -5.1647498e-03 -2.4423635e-03
  2.8590302e-03  3.8376852e-03 -2.9750803e-03 -1.1197803e-02 -1.0719356e-02
  5.9201119e-04  1.4000363e-02  1.8540825e-02  1.0540618e-02 -4.3790799e-03
 -1.5532069e-02 -1.4443322e-02 -1.9064087e-03  1.1390529e-02  1.4187131e-02
  5.7045902e-03 -4.6702414e-03 -7.9768936e-03 -3.9555486e-03  1.6237955e-03
  2.4726194e-03 -5.3235416e-03 -1.9853124e-02 -2.9727489e-02 -2.0883069e-02
  6.0861569e-03  2.9753393e-02  2.8411564e-02  5.2561911e-03 -1.5953010e-02
 -2.0354626e-02 -1.6388457e-02 -1.7042275e-02 -1.9347218e-02 -1.2432131e-02
  2.2189929e-03  1.1731168e-02  1.0910527e-02  7.4181432e-03  7.1539219e-03
  5.4416641e-03 -2.5020723e-03 -1.1781681e-02 -1.3920319e-02 -7.4505233e-03
  2.1360222e-03  7.3629676e-03  2.0341933e-03 -1.2644804e-02 -2.2407263e-02
 -1.1373692e-02  1.3350689e-02  2.1546213e-02 -2.7054191e-03 -3.4118226e-02
 -3.4364315e-02 -1.6616931e-03  2.8219874e-02  2.9367423e-02  1.2627707e-02
 -6.5923220e-05 -6.2477982e-03 -1.4192571e-02 -2.0337530e-02 -1.4257590e-02
  3.1926743e-04  6.5480261e-03 -2.6580147e-03 -1.5425863e-02 -1.7638069e-02
 -1.1761735e-02 -1.3936898e-02 -3.2659828e-02 -5.2289918e-02 -4.3689773e-02
  1.2940887e-03  4.9839395e-02  5.5380271e-02  9.8883535e-03 -4.2560356e-02
 -5.2880531e-02 -2.0437001e-02  1.0835147e-02  4.7456222e-03 -2.8541084e-02
 -4.7484717e-02 -2.6137188e-02  1.6490001e-02  3.7040203e-02  2.0080562e-02
  4.6635064e-04  1.5970884e-02  4.2420475e-02  1.2232929e-02 -8.3123511e-02
 -1.4694850e-01 -8.3392913e-02  6.3231789e-02  1.3739509e-01  5.7693503e-02
 -8.1947467e-02 -1.3506113e-01 -8.1488965e-02 -2.2705419e-02 -2.1355818e-02
 -2.7276966e-02  1.5961040e-02  6.3392395e-02  2.8678375e-02 -7.9722309e-02
 -1.5122267e-01 -1.0893172e-01 -1.7071288e-03  6.4164335e-02  4.8614133e-02
 -6.6311781e-04 -3.0496840e-02 -4.1410217e-02 -5.6126308e-02 -6.3029738e-02
 -2.2814475e-02  6.7581080e-02  1.3931717e-01  1.0475080e-01 -4.1734017e-02
 -1.8612579e-01 -1.8727852e-01 -2.4513522e-02  1.6324215e-01  2.1000414e-01
  8.8711014e-02 -7.7789866e-02 -1.5979173e-01 -1.3423220e-01 -5.3743135e-02
  3.7990882e-02  1.1449332e-01  1.2827168e-01  3.8609989e-02 -1.1010258e-01
 -1.9208372e-01 -1.2083204e-01  5.0929955e-02  1.7640918e-01  1.5288312e-01
  5.2844265e-03 -1.5005181e-01 -2.0403844e-01 -1.2716817e-01  2.5839809e-02
  1.6337685e-01  2.0936172e-01  1.3038545e-01 -4.7950990e-02 -2.2531344e-01
 -2.6300383e-01 -1.0619625e-01  1.1780904e-01  1.9187908e-01  4.3930681e-02
 -1.5659517e-01 -1.9160709e-01 -4.5054917e-02  1.0862087e-01  1.3583307e-01
  6.5669361e-02 -1.9577246e-02 -9.7461403e-02 -1.5256191e-01 -1.1329137e-01
  4.6228370e-02  1.9064864e-01  1.3949850e-01 -8.8983007e-02 -2.5971402e-01
 -1.9276759e-01  2.8883017e-02  1.8428401e-01  1.7554139e-01  8.1131489e-02
 -1.2832349e-04 -4.6119573e-02 -5.6735053e-02 -1.4310434e-02  5.9799503e-02
  9.1184851e-02  5.1611232e-02  1.0275878e-02  2.4817376e-02  3.8762823e-02
 -2.8339032e-02 -1.2551290e-01 -1.1265931e-01  3.4004248e-02  1.5905088e-01
  1.1651642e-01 -4.8539012e-02 -1.6382240e-01 -1.2674075e-01  2.0165009e-02
  1.6813025e-01  2.2494301e-01  1.4328308e-01 -4.7909543e-02 -2.2685991e-01
 -2.6077609e-01 -1.3412600e-01  4.0866231e-02  1.4886799e-01  1.5873744e-01
  8.5361621e-02 -5.4009947e-02 -1.9951041e-01 -2.3784841e-01 -1.1620816e-01
  6.3291369e-02  1.4144648e-01  8.4548233e-02 -3.9086623e-03 -4.5873485e-02
 -7.0640348e-02 -1.0767278e-01 -9.2500777e-02  4.0454357e-02  2.1607864e-01
  2.6129417e-01  1.0068387e-01 -1.4428557e-01 -2.6929852e-01 -1.7543519e-01
  5.5040928e-02  2.3306911e-01  2.0592167e-01 -2.5270179e-02 -2.9336338e-01
 -3.8817221e-01 -2.3175837e-01  5.4838877e-02  2.6041343e-01  2.5613667e-01
  7.4033779e-02 -1.4307326e-01 -2.4596156e-01 -1.7498187e-01 -9.3619832e-03
  8.5918558e-02  1.6126049e-02 -1.3232567e-01 -1.8458450e-01 -8.8695472e-02
  2.7787276e-02  3.9824889e-02 -1.1750337e-02 -8.5597347e-03  5.2753601e-02
  6.6215936e-02  1.8041136e-03 -3.5447104e-02  3.0315511e-02  1.2308828e-01
  1.2616568e-01  4.4187131e-02 -2.6238214e-02 -3.5439333e-02 -3.4195938e-03
  5.4142058e-02  1.1940732e-01  1.1178375e-01 -4.4904673e-02 -2.7059372e-01
 -3.5447104e-01 -1.9374417e-01  6.7454150e-02  1.9912962e-01  1.2963683e-01
 -2.8644700e-02 -1.3889752e-01 -1.4867371e-01 -7.8274272e-02  1.0993679e-02
  4.4718164e-02  2.4580613e-03 -4.3772666e-02 -1.9009429e-02  3.3455082e-02
 -3.6322661e-03 -1.4493058e-01 -2.4986789e-01 -1.8690291e-01  5.3631748e-03
  1.6552689e-01  1.7917055e-01  6.3426070e-02 -7.6675992e-02 -1.3053311e-01
 -5.2523055e-02  9.4049839e-02  1.7622267e-01  1.1974148e-01 -8.3196042e-03
 -8.1170345e-02 -5.9133769e-02 -8.3196042e-03  1.1658636e-02  1.2735727e-02
  2.0524039e-02  1.7538338e-02 -1.5725054e-02 -4.6930370e-02 -2.9546161e-02
  2.4806497e-02  5.9517148e-02  5.4041032e-02  4.8588229e-02  7.6489483e-02
  1.0730494e-01  8.2952544e-02 -2.7823542e-03 -8.0996788e-02 -6.3503782e-02
  8.0084965e-02  2.8546265e-01  4.2280593e-01  3.8628121e-01  1.8885867e-01
 -2.7458294e-02 -1.0435447e-01 -8.4827997e-03  1.4296187e-01  1.9957258e-01
  1.1165682e-01 -4.5679204e-02 -1.5264739e-01 -1.3750907e-01 -1.9428816e-02
  1.0851984e-01  1.4890944e-01  8.4667392e-02 -1.9362242e-03 -1.3384364e-02
  6.0895244e-02  1.4584240e-01  1.7828981e-01  1.7123873e-01  1.7201844e-01
  1.8991814e-01  1.9320278e-01  1.6340794e-01  1.2343021e-01  1.1176303e-01
  1.4719459e-01  2.1843073e-01  2.9090250e-01  3.2304942e-01  2.9678272e-01
  2.4160709e-01  2.1528857e-01  2.4820744e-01  3.1387939e-01  3.6195731e-01
  3.7063517e-01  3.5633613e-01  3.4232204e-01  3.3623459e-01  3.3631230e-01
  3.4004248e-01  3.4317687e-01  3.4543053e-01  3.6286395e-01  4.1674438e-01
  4.9867889e-01  5.6216972e-01  5.6419024e-01  5.0582841e-01  4.1801368e-01
  3.2377474e-01  2.3605067e-01  1.7225158e-01  1.2836494e-01  4.5681795e-02
 -1.3849342e-01 -3.8931199e-01 -5.8076883e-01 -6.4555486e-01 -6.6705523e-01
 -7.4743550e-01 -8.1242876e-01 -6.5024350e-01 -1.8090094e-01  3.8944151e-01
  7.4626982e-01  7.6530929e-01  5.8141643e-01  3.9296446e-01  2.6839188e-01
  1.4657289e-01 -4.3446275e-02 -3.0232618e-01 -5.6216972e-01 -7.2360377e-01
 -6.9858046e-01 -4.5619625e-01 -5.2093047e-02  3.8480468e-01  7.1010776e-01
  8.4012019e-01  7.9983939e-01  6.9720754e-01  6.3216247e-01  6.2294063e-01
  6.2617863e-01  6.1390011e-01  5.9900528e-01  5.8483577e-01  5.3608434e-01
  4.3580976e-01  3.4594861e-01  3.5978137e-01  4.8264429e-01  5.9563776e-01
  5.6577039e-01  3.8293959e-01  1.6866387e-01  5.2049010e-02  5.3976272e-02
  9.4829551e-02  9.6930370e-02  5.8035437e-02  2.3116257e-02  6.5943944e-03
 -3.2714227e-02 -1.3699099e-01 -2.8989224e-01 -4.2596622e-01 -4.8989742e-01
 -4.7044348e-01 -3.8521915e-01 -2.6297793e-01 -1.5006994e-01 -1.0380271e-01
 -1.4550824e-01 -2.2547663e-01 -2.6142369e-01 -2.1919749e-01 -1.3843384e-01
 -7.6455808e-02 -5.3577349e-02 -6.5172003e-02 -1.1609937e-01 -2.0722464e-01
 -3.0020205e-01 -3.4107864e-01 -3.3076883e-01 -3.3975754e-01 -4.2733914e-01
 -5.6582219e-01 -6.7016371e-01 -6.9453943e-01 -6.7239146e-01 -6.6197803e-01
 -6.7855663e-01 -6.9254481e-01 -6.7687286e-01 -6.3894933e-01 -6.0890063e-01
 -6.0895244e-01 -6.3436431e-01 -6.5902497e-01 -6.6218527e-01 -6.5241944e-01
 -6.5871412e-01 -6.8992850e-01 -7.1487411e-01 -7.0060097e-01 -6.6783235e-01
 -6.7992954e-01 -7.6012848e-01 -8.4105274e-01 -8.2740131e-01 -7.0528961e-01
 -5.5846544e-01 -4.6974407e-01 -4.3625013e-01 -4.0231582e-01 -3.4947156e-01
 -3.1141851e-01 -3.0362139e-01 -2.8245778e-01 -2.0089887e-01 -8.3322972e-02
 -9.8764377e-03 -2.4570252e-02 -8.2895555e-02 -1.0206455e-01 -4.8906849e-02
  3.8337996e-02  1.0800176e-01  1.5249715e-01  1.9686043e-01  2.4507823e-01
  2.6248575e-01  2.2226453e-01  1.5362657e-01  1.2176458e-01  1.5745778e-01
  2.2144855e-01  2.4570770e-01  2.0016838e-01  1.1153766e-01  2.6569786e-02
 -3.3128691e-02 -8.5128484e-02 -1.6332504e-01 -2.7634442e-01 -3.8573723e-01
 -4.3884053e-01 -4.3215729e-01 -4.2016371e-01 -4.3824474e-01 -4.3770076e-01
 -3.4193348e-01 -1.6714071e-01 -3.3237488e-02 -2.4128847e-02 -7.7929748e-02
 -6.6798777e-02  3.2817843e-02  1.1027096e-01  7.1756813e-02 -3.3708942e-02
 -7.6898767e-02 -6.7575899e-03  1.0115273e-01  1.4792250e-01  1.1892550e-01
  7.3417262e-02  5.8815149e-02  6.7645840e-02  7.1632473e-02  6.6195213e-02
  6.3301730e-02  5.3131800e-02 -3.1499326e-04 -1.1236400e-01 -2.4028080e-01
 -3.1659932e-01 -3.2434463e-01 -3.1893068e-01 -3.6004041e-01 -4.3790799e-01
 -4.9007875e-01 -4.8453528e-01 -4.5490105e-01 -4.4352917e-01 -4.3692363e-01
 -3.8441612e-01 -2.7253652e-01 -1.5499171e-01 -1.0037820e-01 -1.2193814e-01
 -1.6583256e-01 -1.6637136e-01 -1.1075018e-01 -5.1468760e-02 -5.4079888e-02
 -1.3064190e-01 -2.2850223e-01 -2.8725003e-01 -2.9800021e-01 -2.9789659e-01
 -3.1634028e-01 -3.4470521e-01 -3.6022174e-01 -3.5944462e-01 -3.5685421e-01
 -3.6110248e-01 -3.6664594e-01 -3.6488447e-01 -3.5242462e-01 -3.2898145e-01
 -2.9660139e-01 -2.6072428e-01 -2.2522796e-01 -1.8466221e-01 -1.2987255e-01
 -6.4166926e-02 -6.5265257e-03  2.7256243e-02  4.2454150e-02  5.8377370e-02
  8.7454668e-02  1.3111336e-01  1.9609367e-01  3.0196353e-01  4.5966739e-01
  6.4576210e-01  8.0805098e-01  9.0420682e-01  9.3337478e-01  9.3117294e-01
  9.3746762e-01  9.6699824e-01  1.0000000e+00  9.9616620e-01  9.2777950e-01
  8.1387939e-01  7.1935551e-01  7.0396850e-01  7.6243394e-01  8.2273858e-01
  8.1263600e-01  7.2565019e-01  6.1581701e-01  5.3486685e-01  4.8427624e-01
  4.2552585e-01  3.2372293e-01  1.7948658e-01  2.9452906e-02 -7.9367423e-02
 -1.2490416e-01 -1.2781577e-01 -1.2658792e-01 -1.2767071e-01 -8.9021863e-02
  3.3172728e-02  2.2239923e-01  4.0130556e-01  4.9898974e-01  5.1033572e-01
  4.8515698e-01  4.7075433e-01  4.7717853e-01  4.9018236e-01  4.9606258e-01
  4.8642628e-01  4.5409802e-01  4.0177184e-01  3.5188063e-01  3.3263392e-01
  3.4721790e-01  3.6516941e-01  3.5159569e-01  3.0219666e-01  2.4293078e-01
  1.9924360e-01  1.7494042e-01  1.6300383e-01  1.6465910e-01  1.8656616e-01
  2.2205212e-01  2.4725935e-01  2.4266138e-01  2.1359963e-01  1.8400166e-01
  1.7264014e-01  1.8025075e-01  1.9771785e-01  2.1762253e-01  2.3453269e-01
  2.4165631e-01  2.3414931e-01  2.1391825e-01  1.8576831e-01  1.5095068e-01
  1.0995493e-01  7.0946016e-02  4.6627293e-02  4.0006217e-02  3.8394985e-02
  2.6709667e-02  2.9307844e-03 -2.2276966e-02 -3.8135944e-02 -4.0749663e-02
 -3.1468242e-02 -1.4789659e-02  1.9855196e-03  1.2395089e-02  1.6349601e-02
  1.8912289e-02  2.1198062e-02  1.6340535e-02 -2.4673868e-03 -3.2165061e-02
 -6.2371775e-02 -8.8845715e-02 -1.1915864e-01 -1.6115947e-01 -2.0666770e-01
 -2.3269609e-01 -2.2223604e-01 -1.7980520e-01 -1.2314527e-01 -6.4037405e-02
 -5.6525231e-03  4.4474666e-02  7.2919905e-02  7.8952958e-02  8.4242566e-02
  1.1051704e-01  1.5135219e-01  1.7858771e-01  1.7764480e-01  1.6446482e-01
  1.6293907e-01  1.7690913e-01  1.9219511e-01  1.9821780e-01  1.9692778e-01
  1.9282976e-01  1.8488758e-01  1.6954461e-01  1.4639157e-01  1.2064553e-01
  1.0198425e-01  9.6868200e-02  9.6373433e-02  7.8067040e-02  3.2784167e-02
 -1.2884157e-02 -1.6032795e-02  3.5118122e-02  1.0515491e-01  1.5038597e-01
  1.6280178e-01  1.6599575e-01  1.7815252e-01  1.9568698e-01  2.0799140e-01
  2.0966480e-01  1.9349290e-01  1.4860118e-01  7.6924671e-02  2.5002072e-03
 -4.7287846e-02 -6.7467102e-02 -7.5958450e-02 -9.1482748e-02 -1.1772873e-01
 -1.4497720e-01 -1.5805098e-01 -1.4350067e-01 -9.9567402e-02 -4.1757331e-02
  8.2061444e-03  4.1601907e-02  6.4907782e-02  8.1330950e-02  8.0556419e-02
  5.4849238e-02  1.7360895e-02 -8.3304839e-03 -1.7045643e-02 -2.9377785e-02
 -6.7606984e-02 -1.3217542e-01 -2.0550720e-01 -2.7002383e-01 -3.1473422e-01
 -3.3227127e-01 -3.2437053e-01 -3.1043415e-01 -3.1636618e-01 -3.4509377e-01
 -3.6527303e-01 -3.4172625e-01 -2.7657756e-01 -2.0984354e-01 -1.7720443e-01
 -1.7508807e-01 -1.7315304e-01 -1.5264998e-01 -1.2173868e-01 -9.4373640e-02
 -6.8249404e-02 -3.0696301e-02  1.9637602e-02  6.5278210e-02  8.4224433e-02
  6.7643249e-02  2.4235312e-02 -2.7888302e-02 -7.3616724e-02 -1.0941353e-01
 -1.4113563e-01 -1.7192519e-01 -1.9370273e-01 -1.9551601e-01 -1.7976116e-01
 -1.6285877e-01 -1.5714175e-01 -1.5813905e-01 -1.5535437e-01 -1.4939385e-01
 -1.4935499e-01 -1.5428453e-01 -1.4881100e-01 -1.2068179e-01 -7.6323697e-02
 -3.2703865e-02  3.1874935e-04  2.2267900e-02  2.9320796e-02  1.0198943e-02
 -3.9628018e-02 -1.0505388e-01 -1.5940835e-01 -1.8620868e-01 -1.9055020e-01
 -1.8883017e-01 -1.9150606e-01 -1.9812973e-01 -2.0572220e-01 -2.1721583e-01
 -2.3847788e-01 -2.6950575e-01 -3.0170449e-01 -3.2421511e-01 -3.2981038e-01
 -3.1330950e-01 -2.6774428e-01 -1.8955031e-01 -9.2542224e-02 -1.2547663e-02
  1.2017148e-02 -2.7217387e-02 -9.7412185e-02 -1.5338048e-01 -1.7962905e-01
 -1.9728785e-01 -2.2748679e-01 -2.5924775e-01 -2.6582738e-01 -2.4607036e-01
 -2.3052533e-01 -2.4083774e-01 -2.5955859e-01 -2.5367060e-01 -2.1968190e-01
 -1.8727334e-01 -1.7965496e-01 -1.8657393e-01 -1.8282302e-01 -1.5993679e-01
 -1.2710600e-01 -8.9200601e-02 -4.0076158e-02  1.9009170e-02  6.6723656e-02
  7.8748316e-02  5.7750492e-02  3.6952129e-02  4.6676510e-02  7.7230339e-02
  8.3333333e-02  3.2447415e-02 -5.3984043e-02 -1.1620298e-01 -1.1601647e-01
 -7.3720340e-02 -4.0402549e-02 -3.9400062e-02 -4.5466791e-02 -2.0124858e-02
  4.4080924e-02  1.1936328e-01  1.7464511e-01  2.0165786e-01  2.1139519e-01
  2.1620039e-01  2.2180085e-01  2.3096570e-01  2.4585535e-01  2.6372915e-01
  2.7683660e-01  2.8175837e-01  2.8486685e-01  2.9165371e-01  2.9149829e-01
  2.6064657e-01  1.8487721e-01  7.4106310e-02 -4.8020930e-02 -1.6077349e-01
 -2.4575174e-01 -2.7883121e-01 -2.4110455e-01 -1.4495648e-01 -3.9008911e-02
  2.3895710e-02  2.5117863e-02 -1.2856699e-02 -5.2264014e-02 -6.8775256e-02
 -6.2283701e-02 -5.0284945e-02 -5.2085276e-02 -7.1956274e-02 -9.3477360e-02
 -9.4241529e-02 -6.9661175e-02 -4.0555383e-02 -3.4214071e-02 -5.7201326e-02
 -8.7739612e-02 -9.4790695e-02 -6.4648741e-02 -1.0722464e-02  4.0216040e-02
  7.1140296e-02  8.4698477e-02  9.3858149e-02  1.0632318e-01  1.2025179e-01
  1.3184385e-01  1.4124443e-01  1.4996114e-01  1.5595016e-01  1.5535437e-01
  1.4807792e-01  1.3853746e-01  1.3052274e-01  1.2270749e-01  1.1055331e-01
  9.1886851e-02  7.0140400e-02  5.2753601e-02  4.5943426e-02  5.1541291e-02
  6.7138120e-02  8.8078956e-02  1.0770386e-01  1.1775205e-01  1.1133043e-01
  8.7949435e-02  5.4051394e-02  1.7372811e-02 -1.8416744e-02 -5.2072324e-02
 -7.9515076e-02 -9.3674231e-02 -9.0265257e-02 -7.2202362e-02 -4.8313646e-02
 -2.9079888e-02 -2.3222205e-02 -3.2911097e-02 -5.0352295e-02 -6.3325044e-02
 -6.8412600e-02 -7.5562118e-02 -9.2764998e-02 -1.0898093e-01 -1.0099472e-01
 -6.1724174e-02 -1.4330898e-02  7.6846959e-03 -8.1639208e-03 -4.5549684e-02
 -7.8149933e-02 -8.9806756e-02 -7.9831106e-02 -5.8447311e-02 -3.9011501e-02
 -2.7199254e-02 -1.5443736e-02  6.9606776e-03  3.6395192e-02  5.4626464e-02
  4.9406797e-02  2.7567091e-02  2.4603409e-03 -2.2886747e-02 -4.8588229e-02
 -6.0706144e-02 -3.8563361e-02  1.6045488e-02  7.0692156e-02  9.3746762e-02
  8.6542845e-02  7.5590612e-02  7.7142265e-02  7.9994301e-02  6.3122992e-02
  2.1227075e-02 -2.9349290e-02 -6.2988291e-02 -6.1364107e-02 -2.6714848e-02
  1.4721272e-02  2.7885711e-02 -2.1741788e-03 -5.3603254e-02 -8.4444617e-02
 -6.8645736e-02 -1.6521863e-02  3.8047871e-02  6.6462025e-02  6.3060823e-02
  4.2946327e-02  2.7613719e-02  2.9315615e-02  4.1032017e-02  4.0765206e-02
  1.0055953e-02 -4.5881256e-02 -9.8707388e-02 -1.2092011e-01 -1.1029427e-01
 -9.0102062e-02 -8.5467827e-02 -1.0180033e-01 -1.2472024e-01 -1.3708165e-01
 -1.3410268e-01 -1.2455445e-01 -1.2051860e-01 -1.2521759e-01 -1.2834162e-01
 -1.1428608e-01 -7.8880427e-02 -3.9148793e-02 -2.2941923e-02 -4.4023935e-02
 -8.8519324e-02 -1.2803855e-01 -1.4671019e-01 -1.5150243e-01 -1.5629468e-01
 -1.6145995e-01 -1.5402808e-01 -1.2587297e-01 -8.4936794e-02 -4.6357890e-02
 -1.8056160e-02  9.8914620e-04  1.1852658e-02  1.2013263e-02  2.3222205e-03
 -7.4054502e-03 -4.6873381e-03  1.3691845e-02  3.8190343e-02  5.5103098e-02
  5.8286706e-02  5.2416848e-02  4.5526370e-02  3.8768003e-02  2.4365610e-02
 -5.6204020e-03 -4.7702311e-02 -8.5517045e-02 -1.0077453e-01 -8.7068698e-02
 -5.4017718e-02 -1.8926536e-02  5.5170449e-03  1.8514921e-02  2.9714537e-02
  5.0800435e-02  8.5967775e-02  1.2786758e-01  1.6249611e-01  1.7894519e-01
  1.7624858e-01  1.6308932e-01  1.5082116e-01  1.4441250e-01  1.3776552e-01
  1.1948762e-01  8.6902912e-02  5.4191276e-02  4.0438815e-02  4.6163610e-02
  4.5155942e-02  7.5088074e-03 -6.6314372e-02 -1.3872397e-01 -1.6668998e-01
 -1.4059165e-01 -9.1288468e-02 -6.0390115e-02 -6.5923220e-02 -9.5054917e-02
 -1.2442752e-01 -1.4329862e-01 -1.5779453e-01 -1.7785463e-01 -2.0353590e-01
 -2.2478241e-01 -2.3222723e-01 -2.2646358e-01 -2.1726505e-01 -2.1521604e-01
 -2.2423324e-01 -2.4032484e-01 -2.5539322e-01 -2.6321107e-01 -2.6274479e-01
 -2.5707699e-01 -2.4829033e-01 -2.3506890e-01 -2.1598280e-01 -1.9445135e-01
 -1.7705419e-01 -1.6528080e-01 -1.5174075e-01 -1.2850223e-01 -9.8564916e-02
 -7.5973992e-02 -7.1601388e-02 -8.1066729e-02 -8.9270542e-02 -8.6993576e-02
 -8.0709253e-02 -8.4291783e-02 -1.0232877e-01 -1.2329551e-01 -1.2986996e-01
 -1.1464097e-01 -8.5833074e-02 -5.9198529e-02 -4.6179152e-02 -4.8632266e-02
 -6.0750181e-02 -7.3849860e-02 -8.0921666e-02 -8.0072013e-02 -7.4251373e-02
 -6.7334991e-02 -5.9232204e-02 -4.6544400e-02 -2.6997202e-02 -2.1759921e-03
  2.3755310e-02  4.6218008e-02  6.1480676e-02  6.9143094e-02  7.5129520e-02
  8.8985597e-02  1.1534556e-01  1.4780593e-01  1.7450264e-01  1.8952440e-01
  1.9783442e-01  2.0855352e-01  2.2552844e-01  2.4485546e-01  2.5997306e-01
  2.6740752e-01  2.6828826e-01  2.6564605e-01  2.6082789e-01  2.5370946e-01
  2.4549270e-01  2.4040773e-01  2.4257590e-01  2.5136773e-01  2.6199358e-01
  2.7033468e-01  2.7582634e-01  2.7937519e-01  2.8072220e-01  2.7919387e-01
  2.7608538e-01  2.7424619e-01  2.7520464e-01  2.7820951e-01  2.8142161e-01
  2.8310538e-01  2.8188789e-01  2.7673298e-01  2.6730391e-01  2.5341674e-01
  2.3488240e-01  2.1260491e-01  1.8999067e-01  1.7262719e-01  1.6457621e-01
  1.6526008e-01  1.6962491e-01  1.7153404e-01  1.6814061e-01  1.6129417e-01
  1.5467309e-01  1.4933168e-01  1.4257849e-01  1.3198891e-01  1.1924412e-01
  1.0911564e-01  1.0490623e-01  1.0622474e-01  1.1080976e-01  1.1609678e-01
  1.1903171e-01  1.1702932e-01  1.1146513e-01  1.0814682e-01  1.1132007e-01
  1.1796446e-01  1.2063776e-01  1.1615118e-01  1.0941871e-01  1.0723241e-01
  1.1064657e-01  1.1502953e-01  1.1597762e-01  1.1302974e-01  1.0741115e-01
  9.9696923e-02  9.0073568e-02  8.0393224e-02  7.3494975e-02  7.0808724e-02
  7.1497772e-02  7.3930163e-02  7.7160398e-02  8.1320589e-02  8.6501399e-02
  9.2534452e-02  9.8697026e-02  1.0398663e-01  1.0708994e-01  1.0648119e-01
  1.0117863e-01  9.2000829e-02  8.2952544e-02  7.9673091e-02  8.5055953e-02
  9.5301005e-02  1.0254119e-01  1.0209823e-01  9.6723137e-02  9.2555176e-02
  9.2560356e-02  9.5347632e-02  9.8950886e-02  1.0220184e-01  1.0254119e-01
  9.6684281e-02  8.5226919e-02  7.4173661e-02  6.8226091e-02  6.4446689e-02
  5.6268780e-02  4.3104342e-02  3.1235105e-02  2.5528443e-02  2.3660761e-02
  2.1142628e-02  1.8032069e-02  1.7277743e-02  1.8675267e-02  1.8922391e-02
  1.6683763e-02  1.3963061e-02  1.1743084e-02  7.2971713e-03 -2.4733188e-03
 -1.7215055e-02 -3.4035333e-02 -4.9777225e-02 -6.1700860e-02 -6.8018858e-02
 -6.9997928e-02 -7.2106517e-02 -7.8129209e-02 -8.7379546e-02 -9.6479639e-02
 -1.0355922e-01 -1.0852502e-01 -1.1065175e-01 -1.0845508e-01 -1.0226919e-01
 -9.4692260e-02 -8.7954616e-02 -8.2918869e-02 -8.0385452e-02 -8.0750699e-02
 -8.1299865e-02 -7.7155217e-02 -6.7632888e-02 -5.9221842e-02 -5.8988706e-02
 -6.6275515e-02 -7.3779919e-02 -7.6888405e-02 -7.7732877e-02 -7.8914102e-02
 -7.6919490e-02 -6.5874003e-02 -4.6199876e-02 -2.6714848e-02 -1.6873381e-02
 -1.8500155e-02 -2.5335976e-02 -2.9465858e-02 -2.7157807e-02 -2.0210859e-02
 -1.3393431e-02 -1.1066470e-02 -1.4954668e-02 -2.3851155e-02 -3.4566366e-02
 -4.3552482e-02 -4.8518288e-02 -4.9121853e-02 -4.6236141e-02 -4.0348150e-02
 -3.1250648e-02 -1.9961144e-02 -1.0176407e-02 -6.5508756e-03 -1.0474562e-02
 -1.7737540e-02 -2.1588695e-02 -1.8443944e-02 -1.1201430e-02 -6.9808828e-03
 -1.1294944e-02 -2.3752202e-02 -3.8752461e-02 -5.0652782e-02 -5.8082064e-02
 -6.3122992e-02 -6.7544814e-02 -7.0707699e-02 -7.1813802e-02 -7.1767174e-02
 -7.2093565e-02 -7.2622008e-02 -7.2352606e-02 -7.1824163e-02 -7.2780023e-02
 -7.5554347e-02 -7.8569578e-02 -8.1084862e-02 -8.4563776e-02 -9.0026940e-02
 -9.5953787e-02 -1.0015801e-01 -1.0243239e-01 -1.0390633e-01 -1.0462128e-01
 -1.0422236e-01 -1.0408507e-01 -1.0592944e-01 -1.0777640e-01 -1.0452026e-01
 -9.3974718e-02 -8.0460574e-02 -7.0451249e-02 -6.6122682e-02 -6.5500984e-02
 -6.6495700e-02 -6.8062895e-02 -6.7847891e-02 -6.2444306e-02 -5.1896177e-02
 -4.1425759e-02 -3.6555797e-02 -3.7659310e-02 -4.0899907e-02 -4.3821884e-02
 -4.7653093e-02 -5.4007357e-02 -6.1029945e-02 -6.4081442e-02 -5.9879805e-02
 -4.9836804e-02 -3.9086623e-02 -3.2882603e-02 -3.2633924e-02 -3.5110351e-02
 -3.5250233e-02 -3.0232618e-02 -2.1320589e-02 -1.2537820e-02 -7.6694125e-03
 -8.1250648e-03 -1.2346648e-02 -1.7403119e-02 -2.1606051e-02 -2.5940317e-02
 -3.2478500e-02 -4.1304010e-02 -4.9308362e-02 -5.2359859e-02 -4.8199668e-02
 -3.7654129e-02 -2.4270024e-02 -1.2668117e-02 -6.1491037e-03 -4.2679515e-03
 -3.2934411e-03  1.6296757e-04  5.8118330e-03  1.0806911e-02  1.3246814e-02
  1.3679152e-02  1.3298104e-02  1.2154958e-02  9.5083411e-03  4.9344627e-03
 -1.5331831e-03 -9.0943944e-03 -1.5637240e-02 -1.8430474e-02 -1.6457880e-02
 -1.1979329e-02 -8.7812144e-03 -9.4259662e-03 -1.4314838e-02 -2.1933737e-02
 -2.8846752e-02 -3.0768832e-02 -2.6106103e-02 -1.8790281e-02 -1.5352036e-02
 -1.8776293e-02 -2.6673402e-02 -3.5535178e-02 -4.4285566e-02 -5.2885711e-02
 -5.9763237e-02 -6.2892446e-02 -6.2200808e-02 -5.8983525e-02 -5.3616206e-02
 -4.6376023e-02 -3.9801575e-02 -3.7941664e-02 -4.2130349e-02 -4.9007875e-02
 -5.3712051e-02 -5.4654958e-02 -5.4219770e-02 -5.5698891e-02 -5.9385038e-02
 -6.1848513e-02 -5.8967983e-02 -4.9873070e-02 -3.8107450e-02 -2.8344213e-02
 -2.2160139e-02 -1.7739872e-02 -1.2986737e-02 -7.4165890e-03 -1.1594912e-03
  6.1524712e-03  1.4896384e-02  2.4694850e-02  3.4978241e-02  4.4868407e-02
  5.2665527e-02  5.6416434e-02  5.6253238e-02  5.3919283e-02  4.9360170e-02
  3.9902601e-02  2.5418350e-02  1.2547404e-02  9.6756813e-03  1.7359600e-02
  2.7157807e-02  3.1279142e-02  3.0652264e-02  3.1193659e-02  3.4315097e-02
  3.5040410e-02  2.9069526e-02  1.9128329e-02  1.2918869e-02  1.5796550e-02
  2.5779194e-02  3.4260698e-02  3.1665112e-02  1.4693814e-02 -9.8287742e-03
 -2.9362242e-02 -3.5833074e-02 -3.3030256e-02 -3.2657238e-02 -4.2319449e-02
 -5.7975857e-02 -6.9067972e-02 -6.9270024e-02 -6.1066211e-02 -5.0769350e-02
 -4.1547508e-02 -3.2918869e-02 -2.4013833e-02 -1.5107761e-02 -6.2382137e-03
  3.3356647e-03  1.2891410e-02  1.9923842e-02  2.2855404e-02  2.3264170e-02
  2.3544192e-02  2.3841312e-02  2.2654388e-02  2.0410579e-02  2.0577401e-02
  2.5810538e-02  3.4066418e-02  3.9374158e-02  3.6755259e-02  2.6536110e-02
  1.3770594e-02  4.1982696e-03 -1.9594343e-04 -1.3297586e-03 -1.6814579e-03
 -1.4579836e-03  3.5905606e-04  3.2530308e-03  5.2934929e-03  6.4793804e-03
  1.0003886e-02  1.8443944e-02  2.9442545e-02  3.7104963e-02  3.8255103e-02
  3.5732048e-02  3.4708838e-02  3.6656823e-02  3.8454564e-02  3.7136048e-02
  3.3201223e-02  2.9230132e-02  2.5389338e-02  1.8765154e-02  7.3912030e-03
 -5.4110973e-03 -1.2201844e-02 -7.8815667e-03  4.7500259e-03  1.6862501e-02
  2.0885919e-02  1.6320329e-02  7.5432598e-03 -2.4024453e-03 -1.4556005e-02
 -2.9768936e-02 -4.3500674e-02 -4.7694539e-02 -3.8516734e-02 -2.0913118e-02
 -4.6458916e-03  4.0519117e-03  5.2362449e-03  7.9952855e-04 -9.7963942e-03
 -2.7683660e-02 -4.9075225e-02 -6.5477671e-02 -7.0065278e-02 -6.3944151e-02
 -5.4504715e-02 -4.8313646e-02 -4.6554761e-02 -4.7093565e-02 -4.9308362e-02
 -5.5395814e-02 -6.7327220e-02 -8.2431872e-02 -9.3381515e-02 -9.3495493e-02
 -8.2333437e-02 -6.5899907e-02 -5.0339343e-02 -3.6949539e-02 -2.4208631e-02
 -1.3639260e-02 -1.0731012e-02 -1.9102425e-02 -3.5561082e-02 -5.2652575e-02
 -6.4659103e-02 -7.0080821e-02 -6.9547197e-02 -6.3744690e-02 -5.3064449e-02
 -3.8635893e-02 -2.3559217e-02 -1.4511450e-02 -1.9822039e-02 -4.1752150e-02
 -7.0627396e-02 -8.9944047e-02 -9.1081235e-02 -8.1178116e-02 -7.4857528e-02
 -7.9351881e-02 -8.9653922e-02 -9.6818982e-02 -9.6938141e-02 -9.2119988e-02
 -8.5983318e-02 -8.1131489e-02 -7.9002176e-02 -7.9880323e-02 -8.2131385e-02
 -8.2618382e-02 -7.8318309e-02 -6.7938556e-02 -5.3305357e-02 -3.9065900e-02
 -3.0110869e-02 -2.7333955e-02 -2.6468760e-02 -2.2245363e-02 -1.3866439e-02
 -5.3020412e-03 -6.5190136e-04 -9.3635375e-04 -5.3952958e-03 -1.3805564e-02
 -2.5443477e-02 -3.6765620e-02 -4.3099161e-02 -4.2790902e-02 -3.8436431e-02
 -3.3193451e-02 -2.7914206e-02 -2.2781577e-02 -2.0284426e-02 -2.2553621e-02
 -2.6362553e-02 -2.3216765e-02 -6.9912444e-03  1.9122630e-02  4.4549788e-02
  5.9827997e-02  6.3273236e-02  6.0574034e-02  5.9102684e-02  6.2527199e-02
  6.8733810e-02  7.2733396e-02  7.2078023e-02  6.9751839e-02  7.1153248e-02
  7.8940006e-02  9.1249611e-02  1.0478448e-01  1.1724433e-01  1.2631075e-01
  1.2854626e-01  1.2173091e-01  1.0788519e-01  9.2368666e-02  8.0338825e-02
  7.4432701e-02  7.5391151e-02  8.2097710e-02  9.0679722e-02  9.5642939e-02
  9.4301109e-02  8.9247228e-02  8.5030049e-02  8.2999171e-02  8.0561600e-02
  7.5823749e-02  7.1010776e-02  7.0352813e-02  7.5336753e-02  8.3343695e-02
  9.0607191e-02  9.4811419e-02  9.5155942e-02  9.1568231e-02  8.4918661e-02
  7.7137084e-02  7.0135219e-02  6.4767900e-02  6.1327842e-02  6.0781266e-02
  6.4317169e-02  7.1378614e-02  7.9533209e-02  8.6444410e-02  9.1187442e-02
  9.3441094e-02  9.2415294e-02  8.7602321e-02  8.0618589e-02  7.4694332e-02
  7.2347425e-02  7.3748834e-02  7.7266604e-02  8.1118537e-02  8.4061237e-02
  8.4462750e-02  7.9740441e-02  6.7917832e-02  5.0137291e-02  3.1820537e-02
  1.9121335e-02  1.4142576e-02  1.3819293e-02  1.4722050e-02  1.7199513e-02
  2.3704020e-02  3.3695990e-02  4.3130246e-02  4.8873174e-02  5.1424723e-02
  5.2085276e-02  4.9797948e-02  4.2720962e-02  3.1398301e-02  1.8738732e-02
  7.9157600e-03  1.3783287e-03  3.8775775e-04  2.9590198e-03  2.4322868e-03
 -7.9639416e-03 -2.7932339e-02 -4.9367941e-02 -6.3695472e-02 -6.9137913e-02
 -6.9127552e-02 -6.6739198e-02 -6.2555694e-02 -5.6773909e-02 -5.0696819e-02
 -4.5342452e-02 -4.0638276e-02 -3.6915864e-02 -3.5809761e-02 -3.8840535e-02
 -4.5174075e-02 -5.1188996e-02 -5.2831313e-02 -4.8497565e-02 -4.0451767e-02
 -3.3113149e-02 -2.9222360e-02 -2.7896073e-02 -2.6769247e-02 -2.5793441e-02
 -2.6857320e-02 -2.9924360e-02 -3.1377577e-02 -2.8362346e-02 -2.3525541e-02
 -2.2864988e-02 -2.8771630e-02 -3.7050565e-02 -4.2104445e-02 -4.3389286e-02
 -4.4935758e-02 -4.8539012e-02 -4.8862812e-02 -3.7180085e-02 -1.0380531e-02
  2.3506890e-02  4.9528546e-02  5.6460470e-02  4.5860533e-02  3.1571858e-02
  2.9209408e-02  4.3505854e-02  6.4407833e-02  7.6072428e-02  7.1148068e-02
  5.6654751e-02  4.5795772e-02  4.4008393e-02  4.3669050e-02  3.2791939e-02
  8.1711740e-03 -2.0366283e-02 -3.8998549e-02 -4.2472283e-02 -3.7876904e-02
 -3.6641281e-02 -4.3899596e-02 -5.4792250e-02 -6.0252824e-02 -5.4950264e-02
 -4.1322143e-02 -2.6523158e-02 -1.6435862e-02 -1.1785048e-02 -9.6003005e-03
 -7.6199358e-03 -6.0107761e-03 -5.4590198e-03 -5.6675474e-03 -7.2492488e-03
 -1.3153300e-02 -2.5124339e-02 -3.9153974e-02 -4.8230753e-02 -5.0551756e-02
 -5.1445446e-02 -5.4903637e-02 -5.7038131e-02 -5.1756295e-02 -4.1073464e-02
 -3.3695990e-02 -3.3701171e-02 -3.6356336e-02 -3.7027251e-02 -3.9055538e-02
 -4.7925085e-02 -6.1674956e-02 -7.2197182e-02 -7.5523262e-02 -7.5230546e-02
 -7.5398922e-02 -7.5235727e-02 -7.2808517e-02 -6.9751839e-02 -6.8865921e-02
 -6.8645736e-02 -6.3843125e-02 -5.1176044e-02 -3.3017304e-02 -1.5767019e-02
 -5.7716817e-03 -5.5336235e-03 -1.1323697e-02 -1.5130556e-02 -1.1032535e-02
 -3.6814838e-04  1.0389597e-02  1.6433530e-02  1.7638069e-02  1.5798881e-02
  1.1695679e-02  6.9630090e-03  5.6807585e-03  1.1764584e-02  2.4432701e-02
  3.8770594e-02  5.0639830e-02  5.9581909e-02  6.6904984e-02  7.2339654e-02
  7.3246296e-02  6.7107036e-02  5.4579836e-02  4.0425863e-02  3.1074500e-02
  2.9644596e-02  3.3017304e-02  3.4592270e-02  3.1030463e-02  2.5761579e-02
  2.5518858e-02  3.3716713e-02  4.7295617e-02  5.9074189e-02  6.2747384e-02
  5.7276448e-02  4.7849964e-02  4.1744379e-02  4.1632991e-02  4.2524091e-02
  3.7920941e-02  2.8942597e-02  2.4730339e-02  3.2465548e-02  4.8344731e-02
  6.1089524e-02  6.3760232e-02  5.9457569e-02  5.5745519e-02  5.5691120e-02
  5.6600352e-02  5.5432080e-02  5.3149933e-02  5.3577349e-02  5.9309916e-02
  6.9049839e-02  7.7991918e-02  8.0903533e-02  7.6173454e-02  6.6842814e-02
  5.7382655e-02  4.9406797e-02  4.1485338e-02  3.2988809e-02  2.5793182e-02
  2.1544918e-02  1.8839239e-02  1.4684489e-02  8.5074086e-03  2.8131800e-03
  1.3195783e-05  1.0715988e-04  1.6668480e-03  3.0411356e-03  2.1148845e-03
 -3.2260906e-03 -1.2648948e-02 -2.2052637e-02 -2.6411771e-02 -2.3273754e-02
 -1.2883121e-02  4.1490519e-03  2.5875039e-02  4.6451145e-02  5.7823024e-02
  5.7048492e-02  5.0165786e-02  4.5567817e-02  4.4402134e-02  4.0785929e-02
  3.1828308e-02  2.4039737e-02  2.6064657e-02  3.6918454e-02  4.5399440e-02
  4.1990467e-02  2.8522951e-02  1.4519739e-02  6.1563569e-03  1.7986996e-03
 -2.5753808e-03 -7.1917418e-03 -9.6938141e-03 -1.0377163e-02 -1.3360792e-02
 -2.2225158e-02 -3.6452181e-02 -5.2067143e-02 -6.4938866e-02 -7.1894104e-02
 -7.0645529e-02 -6.0496322e-02 -4.3998031e-02 -2.7056782e-02 -1.5867268e-02
 -1.3045021e-02 -1.6231479e-02 -1.9400062e-02 -1.6260491e-02 -4.4956481e-03
  1.1314113e-02  2.1577039e-02  1.9262771e-02  7.0039374e-03 -4.2531862e-03
 -5.3613615e-03  2.3409491e-03  9.0047663e-03  6.8578386e-03 -2.4690965e-03
 -1.0720910e-02 -1.1884002e-02 -7.3909439e-03 -3.6193141e-03 -5.3960729e-03
 -1.2068698e-02 -1.8558440e-02 -2.0370687e-02 -1.7620972e-02 -1.4239716e-02
 -1.3344213e-02 -1.3858667e-02 -1.2444047e-02 -8.4504196e-03 -5.0689048e-03
 -5.2864988e-03 -8.1939695e-03 -1.0693192e-02 -1.1967931e-02 -1.4337374e-02
 -1.9824111e-02 -2.7108590e-02 -3.3019894e-02 -3.5928919e-02 -3.6553207e-02
 -3.6268262e-02 -3.5353849e-02 -3.3773702e-02 -3.2377474e-02 -3.2649466e-02
 -3.5071495e-02 -3.7980520e-02 -3.8418299e-02 -3.4758056e-02 -2.8427106e-02
 -2.3004611e-02 -2.1050668e-02 -2.2157548e-02 -2.4378821e-02 -2.7525645e-02
 -3.3864366e-02 -4.4376230e-02 -5.5595275e-02 -6.1599834e-02 -5.9312506e-02
 -5.0994716e-02 -4.0933582e-02 -3.1520050e-02 -2.3612061e-02 -1.9302145e-02
 -2.1354782e-02 -2.9012538e-02 -3.6980624e-02 -4.0555383e-02 -4.0993161e-02
 -4.3288260e-02 -4.8549373e-02 -5.1103513e-02 -4.5106725e-02 -3.2113253e-02
 -2.0177443e-02 -1.5477412e-02 -1.6899803e-02 -1.9155528e-02 -1.9502642e-02
 -1.9327013e-02 -2.0693451e-02 -2.2653611e-02 -2.2035022e-02 -1.6722360e-02
 -7.7924567e-03  1.4158636e-03  7.8414154e-03  1.0037302e-02  7.7994508e-03
  1.2019739e-03 -8.5307222e-03 -1.7076210e-02 -1.8404310e-02 -1.0012434e-02
  2.2568387e-03  7.7551549e-03  6.1965081e-04 -1.4363278e-02 -2.6600870e-02
 -2.9913999e-02 -2.7012745e-02 -2.4352399e-02 -2.4623614e-02 -2.5043001e-02
 -2.1400373e-02 -1.2526163e-02 -1.2578230e-03  7.5054399e-03  9.7381100e-03
  5.0702000e-03 -1.9714537e-03 -3.9309398e-03  4.8513107e-03  2.3428142e-02
  4.4435810e-02  5.9338411e-02  6.4130660e-02  6.0188063e-02  5.0603564e-02
  3.7309605e-02  2.2774065e-02  1.2485235e-02  1.2843747e-02  2.5708217e-02
  4.5971920e-02  6.5459538e-02  7.8212102e-02  8.2483680e-02  7.8968501e-02
  6.9549788e-02  5.7165061e-02  4.5282872e-02  3.6791524e-02  3.3162367e-02
  3.3967983e-02  3.6441820e-02  3.6449591e-02  3.1374987e-02  2.2495337e-02
  1.2818620e-02  3.7348461e-03 -4.4565330e-03 -8.9589162e-03 -4.8155632e-03
  8.8832763e-03  2.4603927e-02  3.1530411e-02  2.5620661e-02  1.2993472e-02
  3.2981038e-03  1.0420423e-03  3.7389908e-03  6.6399855e-03  7.5191690e-03
  7.4896384e-03  8.2755673e-03  9.8782510e-03  1.0830484e-02  1.0337012e-02
  9.2866024e-03  9.0337789e-03  9.9121853e-03  1.1737903e-02  1.5288053e-02
  2.1899544e-02  3.1273961e-02  4.0425863e-02  4.5627396e-02  4.4725935e-02
  3.8275826e-02  2.8989224e-02  2.0944721e-02  1.7686768e-02  1.9511191e-02
  2.2579266e-02  2.2288105e-02  1.7935965e-02  1.3453787e-02  1.2662418e-02
  1.4746917e-02  1.5217594e-02  1.1326806e-02  5.6944876e-03  3.8457155e-03
  8.8983007e-03  1.8996736e-02  2.9372604e-02  3.6206093e-02  3.8698062e-02
  3.8703243e-02  3.9138431e-02  4.1666667e-02  4.4826961e-02  4.5039374e-02
  4.0368874e-02  3.2991400e-02  2.6968708e-02  2.3523987e-02  1.9931095e-02
  1.3481245e-02  4.8246296e-03 -3.1652160e-03 -8.7794011e-03 -1.2263237e-02
 -1.4298259e-02 -1.5014506e-02 -1.4730598e-02 -1.3983266e-02 -1.3199150e-02
 -1.3153300e-02 -1.5357217e-02 -2.0841623e-02 -2.8367527e-02 -3.4838359e-02
 -3.8319863e-02 -3.9335302e-02 -3.9014092e-02 -3.7672262e-02 -3.5903015e-02
 -3.5770905e-02 -3.9231686e-02 -4.5199979e-02 -5.0240908e-02 -5.2147446e-02
 -5.1530929e-02 -4.9966325e-02 -4.7808517e-02 -4.4912444e-02 -4.2140711e-02
 -4.0876593e-02 -4.1353228e-02 -4.2757227e-02 -4.4868407e-02 -4.7813698e-02
 -5.0515491e-02 -5.0233136e-02 -4.5404621e-02 -3.7851000e-02 -3.0887991e-02
 -2.5727127e-02 -2.1103513e-02 -1.6405295e-02 -1.3580458e-02 -1.4392032e-02
 -1.7262978e-02 -1.8001502e-02 -1.3860222e-02 -5.6934515e-03  3.3265983e-03
  9.5073049e-03  9.2153663e-03  8.1566677e-04 -1.1962491e-02 -1.9954150e-02
 -1.4978759e-02  1.5732567e-03  1.8347322e-02  2.3730961e-02  1.6796705e-02
  7.7655165e-03  7.5650192e-03  1.7697389e-02  3.0520153e-02  3.7851000e-02
  3.7853590e-02  3.3740027e-02  2.8862294e-02  2.4674904e-02  2.2507512e-02
  2.3994664e-02  2.8968501e-02  3.4278831e-02  3.6952129e-02  3.7659310e-02
  4.0091700e-02  4.5920112e-02  5.1378096e-02  4.9432701e-02  3.6431458e-02
  1.6416174e-02 -1.0195317e-03 -8.1965599e-03 -5.9307326e-03 -2.1254792e-03
 -4.0897316e-03 -1.1971816e-02 -2.0168376e-02 -2.3543674e-02 -2.1352451e-02
 -1.5543726e-02 -8.1395710e-03 -8.8415708e-04  4.2935965e-03  6.7627707e-03
  8.5081857e-03  1.1700860e-02  1.5078748e-02  1.4542275e-02  8.2734950e-03
 -1.4746399e-04 -4.9691742e-03 -4.0034711e-03  4.5041965e-04  4.8852451e-03
  7.4095949e-03  7.5033675e-03  5.6680655e-03  3.8695472e-03  5.2618900e-03
  1.1273443e-02  1.9603927e-02  2.5503834e-02  2.5356440e-02  1.8492902e-02
  6.8803751e-03 -5.1404000e-03 -1.2597399e-02 -1.3413377e-02 -1.0889804e-02
 -1.0629987e-02 -1.3876282e-02 -1.5786965e-02 -1.0980986e-02  1.3058750e-04
  1.2541446e-02  2.2243809e-02  2.8699099e-02  3.2522537e-02  3.3468034e-02
  3.1797223e-02  2.9310434e-02  2.7232929e-02  2.4801834e-02  2.1165941e-02
  1.7584965e-02  1.5636722e-02  1.3855041e-02  8.5856388e-03 -1.2287069e-03
 -1.2026215e-02 -1.9651850e-02 -2.3826806e-02 -2.7074915e-02 -3.0079784e-02
 -3.0711843e-02 -2.7986737e-02 -2.5168117e-02 -2.6782199e-02 -3.3556108e-02
 -4.1161538e-02 -4.4448762e-02 -4.1925707e-02 -3.6605015e-02 -3.2784167e-02
 -3.2395607e-02 -3.3918765e-02 -3.4255518e-02 -3.2364522e-02 -3.0641902e-02
 -3.2237592e-02 -3.6840742e-02 -4.0293752e-02 -3.8791317e-02 -3.2450005e-02
 -2.4567661e-02 -1.7817843e-02 -1.2588592e-02 -8.3240079e-03 -5.1914309e-03
 -3.7281111e-03 -3.9718682e-03 -5.4217180e-03 -7.2609056e-03 -8.0797327e-03
 -6.4498498e-03 -2.6494664e-03  8.9094394e-04  1.4259662e-03 -1.5822454e-03
 -6.1858875e-03 -9.8064967e-03 -1.1293648e-02 -1.1259714e-02 -1.1003264e-02
 -1.1544400e-02 -1.3273754e-02 -1.6263341e-02 -2.0755103e-02 -2.6751114e-02
 -3.3377370e-02 -3.8889752e-02 -4.2306497e-02 -4.4241529e-02 -4.5821677e-02
 -4.7215314e-02 -4.7777432e-02 -4.7204953e-02 -4.5909750e-02 -4.3930681e-02
 -4.0762615e-02 -3.6851104e-02 -3.3942079e-02 -3.3724485e-02 -3.5991089e-02
 -3.9278313e-02 -4.2715781e-02 -4.6502953e-02 -5.0792664e-02 -5.4880323e-02
 -5.7315304e-02 -5.6799813e-02 -5.2611128e-02 -4.5435706e-02 -3.7742203e-02
 -3.2794529e-02 -3.1794633e-02 -3.2356751e-02 -3.0377681e-02 -2.3814890e-02
 -1.4598746e-02 -6.9801057e-03 -4.3324526e-03 -7.0451249e-03 -1.2540928e-02
 -1.6609678e-02 -1.5166563e-02 -7.0474562e-03  4.5619625e-03  1.3665423e-02
  1.5867527e-02  1.1855507e-02  6.4151383e-03  3.6820019e-03  4.0096881e-03
  4.4684489e-03  2.2744275e-03 -2.9434774e-03 -9.4060201e-03 -1.4808569e-02
 -1.7412444e-02 -1.6898508e-02 -1.4323904e-02 -1.1678842e-02 -1.0757434e-02
 -1.2357787e-02 -1.5812869e-02 -1.9362760e-02 -2.0962854e-02 -1.9206300e-02
 -1.4166926e-02 -7.1964045e-03 -2.2894001e-04  4.4042068e-03  4.2498187e-03
 -2.1758367e-03 -1.3663869e-02 -2.5989535e-02 -3.4454979e-02 -3.7130867e-02
 -3.5949643e-02 -3.4786551e-02 -3.6628329e-02 -4.1832453e-02 -4.8088281e-02
 -5.1712258e-02 -4.9733188e-02 -4.2412703e-02 -3.3126101e-02 -2.5765206e-02
 -2.1375764e-02 -1.7708010e-02 -1.2353642e-02 -5.5141954e-03 -4.7969122e-05
  1.8749352e-03  1.0151280e-03 -2.1557352e-04 -6.1159465e-04 -1.4343850e-03
 -4.2420475e-03 -8.6825199e-03 -1.2510621e-02 -1.3815667e-02 -1.2523573e-02
 -9.8588229e-03 -7.0269920e-03 -4.7145374e-03 -3.6452181e-03 -4.6163610e-03
 -7.2945809e-03 -9.4715574e-03 -8.3835872e-03 -3.7711118e-03  1.1569008e-03
  2.5046109e-03 -2.6613822e-04 -3.9275723e-03 -5.4924360e-03 -5.5735157e-03
 -7.1383794e-03 -1.1226557e-02 -1.5203088e-02 -1.5970366e-02 -1.3973422e-02
 -1.3089835e-02 -1.6343125e-02 -2.2323334e-02 -2.6505025e-02 -2.6121645e-02
 -2.3326598e-02 -2.2906694e-02 -2.6419542e-02 -3.0061652e-02 -2.8826028e-02
 -2.2322039e-02 -1.4759869e-02 -9.6085898e-03 -6.0351259e-03 -1.7192519e-03
  2.7450523e-03  4.7044348e-03  4.1780644e-03  4.7093565e-03  8.8397575e-03
  1.4211999e-02  1.6098850e-02  1.2733914e-02  6.5135737e-03  9.7811108e-04
 -2.0350223e-03 -1.9855714e-03  1.4217439e-03  7.6673402e-03  1.5117604e-02
  2.2179049e-02  2.8574759e-02  3.4612993e-02  3.9894830e-02  4.3448865e-02
  4.5298415e-02  4.6181743e-02  4.6101440e-02  4.4148275e-02  4.0021759e-02
  3.5470418e-02  3.2551031e-02  3.1507098e-02  3.0812869e-02  2.9359652e-02
  2.7647394e-02  2.7103409e-02  2.8691327e-02  3.2395607e-02  3.7081650e-02
  4.0285981e-02  3.9368977e-02  3.4133769e-02  2.7911615e-02  2.5103357e-02
  2.7582634e-02  3.3475806e-02  3.9591752e-02  4.3705316e-02  4.4922806e-02
  4.3301212e-02  4.0309294e-02  3.8410527e-02  3.8998549e-02  4.0495804e-02
  3.9951818e-02  3.6514351e-02  3.2462957e-02  3.0175629e-02  2.9333748e-02
  2.8085173e-02  2.6207129e-02  2.5253601e-02  2.5415242e-02  2.4203450e-02
  1.9707802e-02  1.4007098e-02  1.1997461e-02  1.6037457e-02  2.2820174e-02
  2.6712258e-02  2.5369392e-02  2.1802145e-02  2.0905347e-02  2.4128588e-02
  2.8351984e-02  2.9331157e-02  2.6448036e-02  2.2900218e-02  2.2004196e-02
  2.3168065e-02  2.2681069e-02  1.8222982e-02  1.1854212e-02  7.7124132e-03
  7.1508134e-03  7.5165786e-03  5.6934515e-03  2.0893949e-03  3.2198736e-04
  3.1737644e-03  1.0162677e-02  1.8616724e-02  2.6087970e-02  3.0851725e-02
  3.1626256e-02  2.8041136e-02  2.2007046e-02  1.7345094e-02  1.7303388e-02
  2.2511916e-02  3.0799917e-02  3.9179878e-02  4.5205160e-02  4.7593514e-02
  4.6531448e-02  4.3837426e-02  4.1697752e-02  4.1008704e-02  4.0892136e-02
  4.0760025e-02  4.2200290e-02  4.7502849e-02  5.5903533e-02  6.2335509e-02
  6.1794115e-02  5.4294892e-02  4.4847684e-02  3.8110040e-02  3.4488654e-02
  3.1533002e-02  2.8061859e-02  2.5052326e-02  2.3564138e-02  2.3078178e-02
  2.2462180e-02  2.0992902e-02  1.8280748e-02  1.4603927e-02  1.1984509e-02
  1.3576572e-02  2.0381308e-02  2.8893379e-02  3.3563879e-02  3.1965599e-02
  2.6341830e-02  2.0234432e-02  1.5055435e-02  1.0822454e-02  8.2778987e-03
  8.8312092e-03  1.2223086e-02  1.6115947e-02  1.8190602e-02  1.8039322e-02
  1.7053155e-02  1.6605015e-02  1.6806030e-02  1.6135375e-02  1.2904880e-02
  7.8559217e-03  5.1077609e-03  8.9824889e-03  1.8960470e-02  2.8642110e-02
  3.1589991e-02  2.7968604e-02  2.4218993e-02  2.6033572e-02  3.2359341e-02
  3.7439125e-02  3.7195627e-02  3.2926640e-02  2.8973681e-02  2.7839084e-02
  2.8727593e-02  2.9041032e-02  2.6942804e-02  2.2116361e-02  1.5158274e-02
  7.0124858e-03 -1.1891255e-03 -7.9434774e-03 -1.2082168e-02 -1.3549114e-02
 -1.3828619e-02 -1.4573878e-02 -1.6225780e-02 -1.7730287e-02 -1.7972490e-02
 -1.7417884e-02 -1.7567869e-02 -1.8979121e-02 -2.0463683e-02 -2.0354626e-02
 -1.8426329e-02 -1.5904051e-02 -1.3661020e-02 -1.1437157e-02 -9.0796291e-03
 -7.6911719e-03 -8.2115843e-03 -9.5295824e-03 -9.1780644e-03 -6.7487825e-03
 -4.8018340e-03 -5.6004559e-03 -7.9015128e-03 -8.7928712e-03 -7.8473733e-03
 -7.6256346e-03 -9.7596104e-03 -1.2301575e-02 -1.2246658e-02 -9.1304010e-03
 -4.9753912e-03 -1.4327531e-03  1.3125842e-03  3.2229821e-03  4.0946534e-03
  4.8919801e-03  7.3961248e-03  1.1458398e-02  1.4018495e-02  1.2051601e-02
  5.8553518e-03 -1.2312714e-03 -6.2773288e-03 -8.2807481e-03 -7.5388561e-03
 -5.0714952e-03 -3.3460263e-03 -5.0528443e-03 -1.0302818e-02 -1.5868822e-02
 -1.8501451e-02 -1.8111336e-02 -1.6757072e-02 -1.5179774e-02 -1.2230598e-02
 -7.4624391e-03 -2.4344627e-03  1.2205212e-03  3.7996063e-03  6.3972645e-03
  8.8837944e-03  1.0572480e-02  1.2483939e-02  1.6677287e-02  2.2614237e-02
  2.5953269e-02  2.2745570e-02  1.4231427e-02  6.3291369e-03  3.7884675e-03
  6.4607295e-03  1.0728681e-02  1.3048389e-02  1.1249870e-02  4.6280178e-03
 -5.4261216e-03 -1.4923065e-02 -1.9875142e-02 -2.0560564e-02 -2.1246503e-02
 -2.4879805e-02 -2.9276759e-02 -3.0349187e-02 -2.8660242e-02 -2.9753393e-02
 -3.6952129e-02 -4.6171381e-02 -4.9658067e-02 -4.4904673e-02 -3.7130867e-02
 -3.2973267e-02 -3.3159776e-02 -3.2747902e-02 -2.7665527e-02 -1.9277795e-02
 -1.2597658e-02 -1.0889545e-02 -1.3318050e-02 -1.6859652e-02 -1.9622319e-02
 -2.1438711e-02 -2.2512693e-02 -2.2586260e-02 -2.2065071e-02 -2.2619418e-02
 -2.5362916e-02 -2.8831209e-02 -3.0219666e-02 -2.8991814e-02 -2.7841674e-02
 -2.9434774e-02 -3.3198632e-02 -3.5998860e-02 -3.5309812e-02 -3.0652264e-02
 -2.2728215e-02 -1.2782872e-02 -3.3566470e-03  2.1736867e-03  1.8234639e-03
 -2.6082789e-03 -6.6689980e-03 -6.4998446e-03 -1.8042172e-03  4.1342866e-03
  7.5313439e-03  7.7191483e-03  7.7955652e-03  1.1304010e-02  1.7502331e-02
  2.1474459e-02  1.9269247e-02  1.2852813e-02  8.7550513e-03  1.1688167e-02
  2.0132629e-02  2.8092944e-02  3.0116050e-02  2.5054399e-02  1.5819345e-02
  6.8795980e-03  1.3899078e-03 -3.5333126e-05  9.6878562e-04  2.4368977e-03
  3.9047767e-03  6.6537146e-03  1.2054450e-02  1.9050617e-02  2.4431924e-02
  2.5844990e-02  2.4511709e-02  2.3735105e-02  2.4553673e-02  2.4427002e-02
  2.0830484e-02  1.4358616e-02  6.9961662e-03 -1.1638431e-03 -1.1012071e-02
 -2.0321987e-02 -2.4437882e-02 -2.2264791e-02 -1.9293856e-02 -2.1795669e-02
 -2.9009947e-02 -3.3626049e-02 -3.0320692e-02 -2.1395451e-02 -1.3878614e-02
 -1.1910165e-02 -1.4078075e-02 -1.6616931e-02 -1.7449746e-02 -1.6370324e-02
 -1.2917055e-02 -5.8833282e-03  4.4896902e-03  1.4453684e-02  1.8797793e-02
  1.5628950e-02  8.4335820e-03  2.0916226e-03 -1.8569578e-03 -5.2491970e-03
 -8.6970262e-03 -9.4363278e-03 -5.6861983e-03 -1.2123873e-03 -2.8238006e-03
 -1.2949953e-02 -2.6230442e-02 -3.4910890e-02 -3.6501399e-02 -3.4346182e-02
 -3.1838670e-02 -2.8442648e-02 -2.2076210e-02 -1.3558440e-02 -6.4690188e-03
 -3.1452699e-03 -3.0869858e-03 -5.2732877e-03 -9.5008289e-03 -1.4227282e-02
 -1.5041446e-02 -8.2297171e-03  3.9980313e-03  1.4520257e-02  1.8602735e-02
  1.8383328e-02  1.9054761e-02  2.2044348e-02  2.4030670e-02  2.2067402e-02
  1.7358823e-02  1.3483318e-02  1.2465807e-02  1.3544710e-02  1.4568957e-02
  1.3996736e-02  1.1735571e-02  9.0858460e-03  7.3821366e-03  6.6596726e-03
  5.4952855e-03  2.9002176e-03 -9.3591338e-06 -1.1012330e-03  3.1136670e-04
  2.7813180e-03  4.2868615e-03  3.9558077e-03  1.4724899e-03 -3.6452181e-03
 -1.1323438e-02 -1.9611439e-02 -2.5230546e-02 -2.6396228e-02 -2.4760906e-02
 -2.4016164e-02 -2.6442856e-02 -3.1058958e-02 -3.4359134e-02 -3.3281525e-02
 -2.7212206e-02 -1.8806341e-02 -1.2458813e-02 -1.1752409e-02 -1.6645425e-02
 -2.3191897e-02 -2.6564605e-02 -2.5357735e-02 -2.2609574e-02 -2.2588074e-02
 -2.6424723e-02 -3.1209201e-02 -3.3302248e-02 -3.2131385e-02 -3.0331054e-02
 -3.0753290e-02 -3.3701171e-02 -3.6555797e-02 -3.6255310e-02 -3.1838670e-02
 -2.5213708e-02 -1.9422340e-02 -1.6025023e-02 -1.4482437e-02 -1.3719304e-02
 -1.3698580e-02 -1.4883173e-02 -1.6828567e-02 -1.8458450e-02 -1.9439436e-02
 -2.0197648e-02 -2.0139364e-02 -1.7651021e-02 -1.2955134e-02 -1.0207232e-02
 -1.3877577e-02 -2.2779246e-02 -2.9735261e-02 -2.8543674e-02 -2.0954823e-02
 -1.4681898e-02 -1.4790954e-02 -1.8053570e-02 -1.6140555e-02 -3.9868925e-03
  1.5197130e-02  3.2268677e-02  3.9931095e-02  3.8597037e-02  3.4592270e-02
  3.2610610e-02  3.1294684e-02  2.6992022e-02  2.1114910e-02  2.0245052e-02
  2.8300176e-02  4.1008704e-02  5.0453321e-02  5.2683660e-02  4.8362864e-02
  3.7345871e-02  1.7423324e-02 -1.0030308e-02 -3.6260491e-02 -4.9893793e-02
 -4.6181743e-02 -3.0781784e-02 -1.5400736e-02 -9.7391462e-03 -1.6118796e-02
 -2.8564397e-02 -3.7931302e-02 -3.9726453e-02 -3.7203399e-02 -3.5180292e-02
 -3.0761061e-02 -1.4507823e-02  1.6492850e-02  4.8329189e-02  5.8478396e-02
  3.6757849e-02 -2.4396436e-03 -3.1134079e-02 -3.1874935e-02 -1.1152471e-02
  9.4795876e-03  1.3896746e-02  3.5099990e-03 -8.3048389e-03 -1.0825821e-02
 -5.2955652e-03 -1.6759921e-03 -8.2781577e-03 -2.3896746e-02 -3.9236867e-02
 -4.4503160e-02 -3.6949539e-02 -2.1754222e-02 -7.5984354e-03 -9.7334473e-04
 -3.6985805e-03 -1.3139053e-02 -2.4138172e-02 -3.0908714e-02 -2.9958035e-02
 -2.2221272e-02 -1.2517097e-02 -6.1703450e-03 -5.4636825e-03 -8.5597347e-03
 -1.1878303e-02 -1.3879909e-02 -1.6716143e-02 -2.3356647e-02 -3.2592477e-02
 -3.7729251e-02 -3.2346389e-02 -1.7912392e-02 -4.5720651e-03 -2.3995182e-03
 -1.1970262e-02 -2.3989483e-02 -2.8569578e-02 -2.4041291e-02 -1.6878562e-02
 -1.3574500e-02 -1.3442907e-02 -1.0212672e-02 -8.0538286e-04  9.3998031e-03
  1.1479380e-02  3.5786447e-03 -5.9177805e-03 -7.8826028e-03 -2.9274168e-03
  3.7680033e-04 -2.5152834e-03 -6.2053155e-03 -2.7898663e-03  7.5080303e-03
  1.6841778e-02  1.9421044e-02  1.6808621e-02  1.3582012e-02  1.0968293e-02
  7.4639934e-03  3.5700964e-03  2.4218734e-03  5.7444824e-03  1.0755103e-02
  1.2741944e-02  1.0128484e-02  6.1045488e-03  4.9375712e-03  7.3513107e-03
  1.0154647e-02  1.0360584e-02  8.7672262e-03  8.6206093e-03  1.0867268e-02
  1.2631593e-02  1.0778417e-02  6.1423687e-03  2.6753704e-03  3.3636411e-03
  7.5953269e-03  1.2754378e-02  1.6355559e-02  1.7062481e-02  1.4430111e-02
  9.4601596e-03  4.8059787e-03  3.2310123e-03  5.4960626e-03  9.9318723e-03
  1.3885608e-02  1.5575588e-02  1.4594343e-02  1.1238473e-02  5.7121024e-03
 -1.5949902e-03 -9.0690084e-03 -1.3445239e-02 -1.1680655e-02 -4.1096778e-03
  4.6855248e-03  9.6964045e-03  1.0180810e-02  9.6821573e-03  1.0927106e-02
  1.2673039e-02  1.2378251e-02  1.0896280e-02  1.1863019e-02  1.6317480e-02
  2.0586468e-02  2.0811056e-02  1.7882344e-02  1.5843695e-02  1.6105585e-02
  1.5922184e-02  1.2826391e-02  8.3760750e-03  5.8183090e-03  5.4864781e-03
  4.6723137e-03  1.8733551e-03 -4.9901565e-04  1.3026888e-03  7.5753808e-03
  1.4330121e-02  1.7393534e-02  1.6449591e-02  1.4949228e-02  1.5470936e-02
  1.6048078e-02  1.2266086e-02  3.5123303e-03 -4.0915449e-03 -2.7165579e-03
  8.7876904e-03  2.2814993e-02  3.0072013e-02  2.8292405e-02  2.2803595e-02
  1.9893275e-02  2.1064397e-02  2.3534090e-02  2.4538390e-02  2.3687442e-02
  2.2131644e-02  2.1336390e-02  2.2229303e-02  2.4476479e-02  2.6093151e-02
  2.5112165e-02  2.1831157e-02  1.8253290e-02  1.5343229e-02  1.1857839e-02
  6.9630090e-03  2.7730287e-03  1.6067765e-03  1.9618692e-03 -8.7392498e-04
 -8.6812247e-03 -1.6989949e-02 -1.9677236e-02 -1.5815978e-02 -1.0247902e-02
 -7.2953580e-03 -6.5692674e-03 -5.1751114e-03 -2.2042534e-03  3.0297379e-04
  4.5979691e-05 -2.9750803e-03 -6.5529479e-03 -7.6258937e-03 -4.5624806e-03
  8.9459641e-04  4.7005492e-03  4.4065382e-03  2.2016889e-03  2.2973267e-03
  5.6025282e-03  8.7589369e-03  9.0029531e-03  8.1711740e-03  9.3798570e-03
  1.1349083e-02  9.2373847e-03  1.8939747e-03 -5.0411874e-03 -4.8158222e-03
  2.2183712e-03  8.9368977e-03  9.1809139e-03  3.4330639e-03 -3.4462750e-03
 -7.3948296e-03 -7.2432909e-03 -3.8638483e-03  7.0301005e-04  3.4330639e-03
  2.4158377e-03 -9.0166822e-04 -2.5681536e-03 -4.3156150e-04  3.4118226e-03
  5.1958346e-03  4.1788416e-03  2.9020309e-03  3.4431665e-03  4.2995545e-03
  2.7261424e-03 -1.5745001e-03 -5.9123407e-03 -8.3947259e-03 -1.0005440e-02
 -1.2617863e-02 -1.5916744e-02 -1.7787276e-02 -1.7598435e-02 -1.7168169e-02
 -1.8315200e-02 -2.0370687e-02 -2.1257901e-02 -2.0178479e-02 -1.8097347e-02
 -1.6238732e-02 -1.4918143e-02 -1.3653248e-02 -1.1275256e-02 -6.6340276e-03
 -8.1729873e-05  5.5799917e-03  7.2344835e-03  4.8821366e-03  1.6205056e-03
 -2.3097088e-04 -1.6001710e-03 -4.0640866e-03 -5.6372397e-03 -2.2203399e-03
  6.5954305e-03  1.4909854e-02  1.6119573e-02  1.0001036e-02  2.7696612e-03
 -5.2880531e-04 -1.3600145e-03 -4.4915035e-03 -1.0609781e-02 -1.4761683e-02
 -1.2235002e-02 -4.4210445e-03  2.5764688e-03  4.5469381e-03  2.4912962e-03
 -2.8756087e-04 -2.1020361e-03 -2.9701585e-03 -2.1871568e-03  1.5082375e-03
  7.5968812e-03  1.3110558e-02  1.5600197e-02  1.5548389e-02  1.5162159e-02
  1.5277691e-02  1.5022018e-02  1.4023676e-02  1.3582271e-02  1.4977723e-02
  1.7578748e-02  1.9567402e-02  1.9849757e-02  1.8332297e-02  1.4996892e-02
  1.0084706e-02  5.0240908e-03  1.6886333e-03  4.8665941e-04 -1.5863382e-04
 -1.3420889e-03 -2.2656201e-03 -1.9648741e-03 -1.4787328e-03 -2.3652730e-03
 -3.8084136e-03 -3.1180707e-03 -2.0148948e-04  9.8966428e-04 -3.0134183e-03
 -9.9295410e-03 -1.3431510e-02 -1.0013988e-02 -2.3298622e-03  4.6122164e-03
  8.9941457e-03  1.2726919e-02  1.7331624e-02  2.1491037e-02  2.2923531e-02
  2.1517718e-02  1.9666356e-02  1.9595897e-02  2.1306859e-02  2.2998653e-02
  2.3262356e-02  2.2617086e-02  2.2676666e-02  2.4071858e-02  2.5114755e-02
  2.3745726e-02  2.0224847e-02  1.7724329e-02  1.9156823e-02  2.3725003e-02
  2.7437571e-02  2.7536007e-02  2.5405139e-02  2.4296187e-02  2.5153352e-02
  2.5639053e-02  2.3472697e-02  1.9321832e-02  1.6115687e-02  1.5951456e-02
  1.8627085e-02  2.2211688e-02  2.4312247e-02  2.3147601e-02  1.8383069e-02
  1.1615636e-02  5.5346596e-03  2.0877629e-03  1.1453735e-03  9.0853279e-04
 -5.5499430e-04 -4.0930992e-03 -8.8203295e-03 -1.2712672e-02 -1.3878096e-02
 -1.2000570e-02 -8.8060823e-03 -6.9842503e-03 -8.0750699e-03 -1.0780230e-02
 -1.1778313e-02 -8.7325148e-03 -2.8481505e-03  1.8489276e-03  2.2419956e-03
 -1.0010362e-03 -4.6150658e-03 -6.3369081e-03 -6.6860947e-03 -7.4432701e-03
 -8.7755155e-03 -9.1987877e-03 -7.3404310e-03 -3.7939074e-03 -3.2128795e-04
  1.9267433e-03  3.5623251e-03  5.9589680e-03  9.2640659e-03  1.2216869e-02
  1.3611543e-02  1.3763082e-02  1.3636152e-02  1.3268314e-02  1.1379132e-02
  7.1526267e-03  1.5158274e-03 -3.8239561e-03 -7.7168169e-03 -9.4948710e-03
 -8.9353435e-03 -7.0958968e-03 -6.3141125e-03 -7.7582634e-03 -9.2208061e-03
 -7.0290643e-03 -1.0156720e-03  4.0700446e-03  3.4791731e-03 -1.7870169e-03
 -5.7356751e-03 -3.7110144e-03  3.0626360e-03  8.8716195e-03  8.7255207e-03
  2.2535230e-03 -6.4817117e-03 -1.2378769e-02 -1.3081287e-02 -1.0203606e-02
 -7.3072739e-03 -6.4332712e-03 -7.1730909e-03 -8.5623251e-03 -1.0452544e-02
 -1.2620972e-02 -1.3565175e-02 -1.2042016e-02 -9.3500674e-03 -8.6063620e-03
 -1.0478189e-02 -1.0958709e-02 -5.3357165e-03  5.7411149e-03  1.5315252e-02
  1.6281473e-02  8.3429178e-03 -1.7104445e-03 -6.2167133e-03 -2.8206922e-03
  4.9352399e-03  1.1874935e-02  1.5030049e-02  1.4808569e-02  1.3325562e-02
  1.2269195e-02  1.2047715e-02  1.1900062e-02  1.1233292e-02  1.0195317e-02
  9.1202984e-03  8.3605326e-03  8.4910890e-03  1.0217076e-02  1.3111854e-02
  1.4837582e-02  1.3261320e-02  9.5326909e-03  7.4184022e-03  8.6617967e-03
  1.0350223e-02  8.5322764e-03  3.4866853e-03 -5.3888198e-04 -9.2847891e-04
  4.0718578e-04 -1.6796187e-04 -3.8413118e-03 -9.0915449e-03 -1.3340068e-02
 -1.3989742e-02 -9.3891825e-03 -1.5052844e-03  3.6511760e-03  9.6088488e-04
 -7.5733085e-03 -1.4456792e-02 -1.4809864e-02 -1.1100663e-02 -8.3929127e-03
 -7.3735882e-03 -4.8702207e-03 -2.5204642e-04  2.5108797e-03  4.2122578e-05
 -5.7286810e-03 -9.7741167e-03 -1.0072531e-02 -9.5360584e-03 -1.1856802e-02
 -1.7071547e-02 -2.1803181e-02 -2.2881049e-02 -2.0250233e-02 -1.6448296e-02
 -1.4297741e-02 -1.4653145e-02 -1.6455031e-02 -1.8163921e-02 -1.9112527e-02
 -1.9078075e-02 -1.7410890e-02 -1.3443426e-02 -8.4745104e-03 -6.2514247e-03
 -9.7976894e-03 -1.7406486e-02 -2.2752565e-02 -2.0622474e-02 -1.2945291e-02
 -7.4204746e-03 -9.6129935e-03 -1.6722101e-02 -2.0954046e-02 -1.8863071e-02
 -1.5248420e-02 -1.6606828e-02 -2.2640141e-02 -2.6613822e-02 -2.3965392e-02
 -1.6994353e-02 -1.0932287e-02 -7.8945187e-03 -6.6930888e-03 -6.4752357e-03
 -7.6113874e-03 -1.0250492e-02 -1.3724744e-02 -1.7291472e-02 -1.9430111e-02
 -1.7413480e-02 -1.0072272e-02 -7.4642524e-04  5.2587815e-03  6.3661797e-03
  5.8781473e-03  7.0780230e-03  9.7065071e-03  1.1574189e-02  1.1234069e-02
  8.3154595e-03  4.0420682e-03  2.1062584e-03  5.5872448e-03  1.1554243e-02
  1.2957207e-02  8.3680448e-03  5.2261424e-03  8.9291265e-03  1.2761890e-02
  6.5956896e-03 -6.3607398e-03 -1.0245570e-02  3.6045488e-03  2.4393068e-02
  3.4273650e-02  2.7160398e-02  1.1716921e-02 -5.5390633e-04 -4.1796187e-03
 -2.7383173e-04  5.6724692e-03  6.4801575e-03 -5.2256243e-04 -9.8632266e-03
 -1.4175992e-02 -1.3628640e-02 -1.4528546e-02 -1.9064346e-02 -2.2487566e-02
 -2.1606569e-02 -1.9965548e-02 -2.1162574e-02 -2.2341467e-02 -1.8993628e-02
 -1.3327634e-02 -1.1631178e-02 -1.4610144e-02 -1.6624443e-02 -1.4483214e-02
 -1.1841260e-02 -1.2612942e-02 -1.4442286e-02 -1.2320226e-02 -6.2840638e-03
 -1.4908041e-03 -1.5952233e-03 -4.4456533e-03 -5.4035851e-03 -2.5775308e-03
  1.6399078e-03  3.4825407e-03  1.4294633e-03 -2.9800021e-03 -7.3523469e-03
 -1.0778935e-02 -1.3407937e-02 -1.3940265e-02 -1.0243498e-02 -2.9294892e-03
  3.4017200e-03  5.0202052e-03  3.8744690e-03  5.1404000e-03  1.0116568e-02
  1.4721531e-02  1.5801471e-02  1.5898093e-02  1.8795980e-02  2.2973526e-02
  2.2939851e-02  1.7322039e-02  1.1592581e-02  1.1632732e-02  1.6439747e-02
  1.9950005e-02  1.8282302e-02  1.3442648e-02  9.6230961e-03  8.0846544e-03
  6.9744068e-03  4.7313750e-03  2.3768262e-03  2.0073568e-03  3.5480779e-03
  4.0690084e-03  1.1759403e-03 -3.7765517e-03 -6.4102166e-03 -4.1094187e-03
  1.1224744e-03  4.6844887e-03  3.8682520e-03 -5.6579629e-04 -5.8716713e-03
 -9.1187442e-03 -8.2473319e-03 -3.2763444e-03  2.8258730e-03  5.7745311e-03
  4.1591545e-03  1.0410838e-03  4.2723552e-04  2.7445342e-03  5.0611336e-03
  5.0590612e-03  3.6654233e-03  2.9950264e-03  3.1408662e-03  2.1918713e-03
 -1.2616050e-03 -6.3107450e-03 -1.0859237e-02 -1.3997772e-02 -1.6598798e-02
 -1.9849238e-02 -2.3451974e-02 -2.5961040e-02 -2.6818464e-02 -2.7510103e-02
 -2.9629054e-02 -3.2343799e-02 -3.2830795e-02 -2.9515076e-02 -2.3992591e-02
 -1.9062532e-02 -1.5766501e-02 -1.3119625e-02 -1.0658740e-02 -9.6445964e-03
 -1.1154025e-02 -1.3757901e-02 -1.4321314e-02 -1.1564346e-02 -7.9170552e-03
 -7.2194591e-03 -1.0566263e-02 -1.4933945e-02 -1.6296239e-02 -1.4263807e-02
 -1.2064553e-02 -1.2332919e-02 -1.3380738e-02 -1.1126308e-02 -4.4570511e-03
  2.2676407e-03  3.0185991e-03 -3.9107346e-03 -1.3864366e-02 -1.9959331e-02
 -1.9209149e-02 -1.4396436e-02 -1.0622733e-02 -1.0429748e-02 -1.2481349e-02
 -1.3791317e-02 -1.2726660e-02 -9.8075329e-03 -7.0922702e-03 -6.7891928e-03
 -9.1946430e-03 -1.1043933e-02 -7.7916796e-03  1.5638535e-03  1.1661227e-02
  1.5450990e-02  1.1597244e-02  5.8882499e-03  4.2972231e-03  6.9358098e-03
  9.4443581e-03  9.3741581e-03  8.3947259e-03  8.9731634e-03  1.1017252e-02
  1.2875609e-02  1.4046990e-02  1.5200238e-02  1.6649311e-02  1.7560615e-02
  1.6987618e-02  1.5115532e-02  1.3299399e-02  1.3245001e-02  1.4934463e-02
  1.5899907e-02  1.3470366e-02  8.4807274e-03  4.7894001e-03  4.5111906e-03
  5.0676096e-03  3.1564087e-03 -1.4635530e-04 -8.7060926e-04  1.9666874e-03
  5.0634649e-03  6.1750078e-03  7.5831520e-03  1.1829862e-02  1.6966118e-02
  1.8911512e-02  1.7554139e-02  1.6810175e-02  1.9014610e-02  2.2629002e-02
  2.5705108e-02  2.9004766e-02  3.3211584e-02  3.6063620e-02  3.4631126e-02
  2.9414050e-02  2.3824215e-02  2.0144804e-02  1.7877163e-02  1.6090561e-02
  1.5008807e-02  1.5095586e-02  1.5701223e-02  1.5528184e-02  1.3833022e-02
  1.0857942e-02  7.6411771e-03  4.9437882e-03  2.4502383e-03 -7.8561807e-04
 -4.6153248e-03 -7.0725832e-03 -6.7845301e-03 -5.3647290e-03 -5.9304735e-03
 -9.1309191e-03 -1.1849031e-02 -1.0523262e-02 -5.0976583e-03  3.4618174e-04
  1.4114859e-03 -1.8280489e-03 -3.6560978e-03  1.4891203e-03  1.2034245e-02
  2.0276396e-02  2.1861206e-02  2.0586468e-02  2.0313439e-02  1.7203399e-02
  7.1344938e-03 -1.5789555e-03  5.8833282e-03  2.8631748e-02  4.4516112e-02
  3.6024764e-02  1.5306445e-02  1.0246088e-02  2.5740079e-02  3.2051083e-02
 -3.1869754e-04 -5.9957517e-02 -9.8264429e-02 -7.5872967e-02 -3.2965496e-03
  6.5345560e-02  7.9427002e-02  3.6037716e-02 -1.9969951e-02 -4.0449176e-02
 -1.8669050e-02  1.0474562e-02  1.2886229e-02 -8.7646358e-03 -2.4440213e-02
 -1.4312766e-02  1.1843591e-02  3.1118537e-02  3.1986323e-02  1.8368304e-02
 -2.3004093e-03 -2.4472853e-02 -3.9669464e-02 -3.6796705e-02 -1.3702984e-02
  1.5140659e-02  2.8937416e-02  2.0531033e-02  2.9582427e-03 -5.2093047e-03
  4.9948192e-04  7.5067351e-03  2.0097399e-03 -1.5137551e-02 -2.9724899e-02
 -2.9805202e-02 -1.7364522e-02 -4.9979277e-03 -2.8346803e-03 -1.0875039e-02
 -2.2403119e-02 -3.1595171e-02 -3.6314890e-02 -3.7102373e-02  0.0000000e+00
  0.0000000e+00  0.0000000e+00  0.0000000e+00  0.0000000e+00  0.0000000e+00
