Scaled from
PEER NGA STRONG MOTION DATABASE RECORD
ACCELERATION TIME SERIES IN UNITS OF G
NPTS= 3938.000000, DT= 0.010000, Scalar= 1.000000
  5.7123159e-03  3.8744385e-03  9.4457328e-04 -1.1923117e-03 -3.6694871e-04
  1.9549149e-03  1.9426512e-03 -1.2863052e-03 -3.9318918e-03 -2.7021832e-03
  9.2146662e-04  3.0638253e-03  2.4084404e-03  5.5606393e-04 -1.0867022e-03
 -2.1610780e-03 -2.1130262e-03 -7.6345973e-04  3.3180821e-04 -5.3285282e-04
 -2.1606602e-03 -1.8282670e-03 -1.4920506e-04 -1.1184582e-03 -5.7233887e-03
 -8.6975870e-03 -5.2230231e-03  1.3936906e-03  2.9982242e-03 -2.3846234e-03
 -7.4085449e-03 -5.2953097e-03  9.7756189e-04  3.2556147e-03 -2.5691006e-04
 -3.1258749e-03 -1.2667293e-03  5.3256033e-04 -3.9072391e-03 -1.1504022e-02
 -1.2906299e-02 -5.8253421e-03  1.3904105e-03  1.3496501e-03 -2.7606811e-03
 -3.8635746e-03 -2.6921550e-03 -5.4559699e-03 -1.1570876e-02 -1.2434138e-02
 -4.9338765e-03  2.0131202e-03 -7.5017236e-04 -9.0496187e-03 -1.0929907e-02
 -3.3993523e-03  3.8171942e-03  1.9668651e-03 -6.4368537e-03 -1.3060065e-02
 -1.4326752e-02 -1.2436436e-02 -9.6185104e-03 -6.2768202e-03 -3.4286013e-03
 -2.8996135e-03 -4.2855949e-03 -5.4022772e-03 -5.9801525e-03 -8.3685365e-03
 -1.2941189e-02 -1.5493994e-02 -1.1822417e-02 -4.0213099e-03  5.7793795e-04
 -2.0044709e-03 -7.7137783e-03 -1.0221247e-02 -9.5117518e-03 -1.1061736e-02
 -1.6052648e-02 -1.7527421e-02 -9.6358508e-03  2.2055782e-03  6.0875379e-03
 -1.3119816e-03 -1.0372297e-02 -1.1532226e-02 -7.4557610e-03 -7.7179568e-03
 -1.4159616e-02 -1.8117205e-02 -1.2753578e-02 -2.9760786e-03  5.6245691e-04
 -5.6243602e-03 -1.4773634e-02 -1.8670845e-02 -1.6119712e-02 -1.1787736e-02
 -9.3408545e-03 -8.3603886e-03 -7.1705839e-03 -6.2793273e-03 -7.1689126e-03
 -9.4946203e-03 -1.1311606e-02 -1.1677217e-02 -1.1459104e-02 -1.1285699e-02
 -1.0663533e-02 -9.7718584e-03 -9.9724224e-03 -1.1309934e-02 -1.1300742e-02
 -8.8826909e-03 -7.5865455e-03 -1.1557088e-02 -1.8310248e-02 -2.0335527e-02
 -1.4714927e-02 -7.5234514e-03 -5.6730388e-03 -8.1019534e-03 -9.0941189e-03
 -7.9170584e-03 -9.3878617e-03 -1.4823775e-02 -1.8793064e-02 -1.6957067e-02
 -1.2442912e-02 -1.0232529e-02 -9.6381490e-03 -7.2182179e-03 -4.6188238e-03
 -6.9865246e-03 -1.3917476e-02 -1.8574115e-02 -1.7021623e-02 -1.3060065e-02
 -1.0803928e-02 -8.4280790e-03 -3.4037397e-03  1.3945889e-04 -3.9329364e-03
 -1.3900345e-02 -2.1353808e-02 -2.1851039e-02 -1.8590828e-02 -1.5256242e-02
 -1.1473101e-02 -7.8242975e-03 -8.8885407e-03 -1.6026951e-02 -2.1909537e-02
 -1.8409276e-02 -8.5208399e-03 -3.5247049e-03 -8.2837146e-03 -1.4912984e-02
 -1.3806539e-02 -6.6407605e-03 -3.4992165e-03 -9.2453776e-03 -1.7804032e-02
 -2.0961036e-02 -1.8776977e-02 -1.7998955e-02 -2.1351718e-02 -2.3190223e-02
 -1.7759114e-02 -8.5122741e-03 -4.8010028e-03 -1.0336363e-02 -1.9178105e-02
 -2.4502246e-02 -2.6179881e-02 -2.7059438e-02 -2.5561475e-02 -1.7541210e-02
 -4.7322678e-03  4.2766113e-03  2.8271179e-03 -7.1056095e-03 -1.8145409e-02
 -2.4293325e-02 -2.3436749e-02 -1.6671681e-02 -8.5452836e-03 -5.4603573e-03
 -1.0290191e-02 -1.8709913e-02 -2.3271702e-02 -2.1397681e-02 -1.6785961e-02
 -1.3880079e-02 -1.3202549e-02 -1.2869529e-02 -1.1324559e-02 -7.5798600e-03
 -1.9050663e-03  2.1988927e-03 -5.6446255e-04 -1.0838818e-02 -2.1621226e-02
 -2.5939622e-02 -2.5202131e-02 -2.5181239e-02 -2.4907552e-02 -1.7660295e-02
 -3.9195654e-03  5.2877886e-03  2.7502350e-03 -4.6349107e-03 -7.0377102e-03
 -6.0139977e-03 -8.4610885e-03 -1.2629479e-02 -1.1784394e-02 -8.7249556e-03
 -1.1920610e-02 -1.8495978e-02 -1.6962081e-02 -9.2798496e-03 -1.2548626e-02
 -3.0957902e-02 -4.3938159e-02 -3.5146767e-02 -1.7483547e-02 -1.2343675e-02
 -1.7257704e-02 -1.5438421e-02 -7.5447613e-03 -7.8499948e-03 -1.3316829e-02
 -5.4975452e-03  1.3782931e-02  1.8311501e-02 -1.0252585e-03 -1.8685470e-02
 -1.4186984e-02 -3.6444166e-03 -9.1695393e-03 -1.9617048e-02 -1.0719315e-02
  1.0612765e-02  1.5979108e-02  1.9116264e-03 -6.8001671e-03 -3.7008252e-04
  2.3340646e-03 -1.0460671e-02 -2.4439570e-02 -2.6476549e-02 -2.2770291e-02
 -1.7251018e-02  5.5134232e-04  2.8438316e-02  3.9312650e-02  1.9052544e-02
 -6.7734253e-03 -1.0666040e-02 -5.3698945e-03 -1.6205787e-02 -3.0420976e-02
 -1.5623942e-02  2.2362896e-02  4.6002298e-02  4.7571294e-02  5.3571503e-02
  6.1577353e-02  3.1755980e-02 -3.3343779e-02 -5.9692886e-02 -1.8939308e-03
  7.2497650e-02  6.6035725e-02 -6.8599185e-03 -3.8324454e-02  1.3894286e-02
  6.8356837e-02  4.8546955e-02 -5.4935757e-03 -1.1372193e-02  2.3969498e-02
  2.4957694e-02 -2.0898360e-02 -3.7039591e-02  2.0791392e-02  8.7404158e-02
  7.5481040e-02 -2.9163272e-03 -5.4085449e-02 -2.5131098e-02  3.8117622e-02
  5.6613392e-02  6.3597618e-03 -6.7817821e-02 -1.0076256e-01 -5.9956127e-02
  2.7230753e-02  8.8429959e-02  6.8879139e-02 -6.9597827e-03 -5.6958111e-02
 -4.0660190e-02 -1.0806435e-02 -3.3109788e-02 -7.6584143e-02 -4.3963230e-02
  7.7862739e-02  1.6274940e-01  9.5725478e-02 -5.7511752e-02 -1.1139873e-01
  2.2461088e-04  1.2299384e-01  7.2923848e-02 -1.2132247e-01 -2.4610885e-01
 -1.6457119e-01  3.1473937e-02  1.6043873e-01  1.6821059e-01  1.3699154e-01
  1.2007730e-01  7.0665413e-02 -4.2530032e-02 -1.3750131e-01 -1.1075734e-01
  1.0742923e-02  9.2608378e-02  7.1638985e-02  3.3105610e-02  7.2330513e-02
  1.4237543e-01  1.1633553e-01 -2.0572652e-02 -1.2984853e-01 -9.9889272e-02
  3.2115324e-03  2.8987778e-02 -4.7982868e-02 -9.3383474e-02  1.1715241e-03
  1.6741043e-01  2.4025906e-01  1.4999896e-01 -1.9915805e-02 -1.5009088e-01
 -1.9999373e-01 -1.9224694e-01 -1.3819492e-01 -3.0966259e-02  9.9573801e-02
  1.7324350e-01  1.2549462e-01 -2.0360180e-02 -1.6027160e-01 -1.9504440e-01
 -1.1533480e-01 -2.7034367e-03  5.8742296e-02  6.7567116e-02  8.6355374e-02
  1.4172778e-01  1.7930429e-01  1.4164630e-01  5.6734566e-02 -1.0941607e-04
 -1.7482503e-02 -5.3813851e-02 -1.1761412e-01 -1.1385981e-01  3.0084613e-02
  2.2588530e-01  2.9370103e-01  1.7508618e-01  6.0938055e-03 -5.3099342e-02
 -7.5104983e-03  9.0972527e-03 -6.7930638e-02 -1.4395278e-01 -9.3249765e-02
  7.0673770e-02  2.0202444e-01  1.9306174e-01  9.1108325e-02  1.7554790e-02
 -1.9735506e-03 -6.7433406e-02 -2.4080226e-01 -4.0206832e-01 -3.4415544e-01
 -2.4943069e-02  3.3575682e-01  4.5996031e-01  2.8975243e-01  2.1376789e-02
 -1.1990807e-01 -8.6484905e-02  6.0407396e-03  3.6293743e-02 -1.5041680e-02
 -7.7359240e-02 -6.7094955e-02  3.6726209e-02  1.6544239e-01  2.1821790e-01
  1.6733104e-01  8.7358195e-02  5.0686305e-02  2.1988927e-02 -8.2383788e-02
 -2.3165152e-01 -2.5728612e-01 -4.5920819e-02  2.8670218e-01  4.8404889e-01
  4.1180403e-01  1.8471952e-01  2.2876841e-02  2.5958425e-02  1.1157213e-01
  1.4016505e-01  5.8953306e-02 -6.8269090e-02 -1.3638985e-01 -9.0021937e-02
  4.1136530e-02  1.7703750e-01  2.5294056e-01  2.5770396e-01  2.2137261e-01
  1.7981615e-01  1.5320380e-01  1.4215189e-01  1.3324976e-01  1.1450329e-01
  9.5366134e-02  1.0362687e-01  1.4998015e-01  2.0169017e-01  2.0898360e-01
  1.5919983e-01  9.2424527e-02  6.1529301e-02  8.6246736e-02  1.4461506e-01
  1.9357150e-01  1.9688708e-01  1.5412097e-01  1.1158258e-01  1.2425572e-01
  1.8914029e-01  2.3424214e-01  1.9857307e-01  1.1354643e-01  7.3807584e-02
  1.2518751e-01  2.0940144e-01  2.3351092e-01  1.7332289e-01  9.0283088e-02
  5.9013893e-02  9.8259689e-02  1.6735402e-01  2.0954769e-01  1.9519900e-01
  1.3901807e-01  8.5214666e-02  7.0283088e-02  9.3101431e-02  1.2176538e-01
  1.3018907e-01  1.2270762e-01  1.2315888e-01  1.4720150e-01  1.8910895e-01
  2.2724329e-01  2.3764755e-01  2.1153243e-01  1.6907552e-01  1.5088060e-01
  1.8045963e-01  2.3511961e-01  2.6553849e-01  2.4761308e-01  2.0444793e-01
  1.7429228e-01  1.7060900e-01  1.8307323e-01  2.0208085e-01  2.2153975e-01
  2.2356628e-01  1.8625509e-01  1.1771232e-01  6.5450747e-02  7.4453149e-02
  1.3923953e-01  2.0821477e-01  2.3323932e-01  2.0681709e-01  1.5531599e-01
  1.0825864e-01  7.7582785e-02  5.7321634e-02  3.7075107e-02  1.8235872e-02
  1.5510289e-02  3.4329886e-02  4.9693931e-02  2.5302413e-02 -3.7749922e-02
 -8.8400710e-02 -8.1146976e-02 -3.6997806e-02 -2.5839340e-02 -8.6004387e-02
 -1.8232320e-01 -2.5283610e-01 -2.7730074e-01 -2.8244020e-01 -2.9188342e-01
 -2.9581114e-01 -2.7099133e-01 -2.1289042e-01 -1.4224799e-01 -9.0982973e-02
 -8.6142275e-02 -1.3414186e-01 -2.0831087e-01 -2.5691006e-01 -2.3509872e-01
 -1.3503395e-01  1.3074271e-02  1.6611929e-01  2.9376371e-01  3.8823775e-01
  4.5749504e-01  5.1045649e-01  5.4766531e-01  5.6577875e-01  5.6659354e-01
  5.5483130e-01  5.2948919e-01  4.9004492e-01  4.5131098e-01  4.2960409e-01
  3.9985376e-01  2.8789303e-01  3.9191476e-02 -3.0360389e-01 -6.2116369e-01
 -8.2592709e-01 -9.2775514e-01 -9.8107176e-01 -1.0000000e+00 -9.5848741e-01
 -8.5569832e-01 -7.3500470e-01 -6.3323932e-01 -5.4979630e-01 -4.8191789e-01
 -4.5342108e-01 -4.7479369e-01 -4.9553954e-01 -4.3982033e-01 -2.9278178e-01
 -1.1907030e-01  1.4034681e-02  1.0605453e-01  2.0069153e-01  3.1774783e-01
  4.3453463e-01  5.2489293e-01  5.8779902e-01  6.2975034e-01  6.3760577e-01
  5.8385041e-01  4.5647133e-01  2.7897211e-01  1.0273895e-01 -2.2498694e-02
 -8.1546015e-02 -1.0280372e-01 -1.3028727e-01 -1.8115742e-01 -2.3570459e-01
 -2.7007208e-01 -2.8874961e-01 -3.1680769e-01 -3.7006163e-01 -4.4589993e-01
 -5.3498381e-01 -6.2003552e-01 -6.6424318e-01 -6.3094119e-01 -5.3356315e-01
 -4.4658937e-01 -4.3725060e-01 -4.9044187e-01 -5.2781782e-01 -5.0329050e-01
 -4.5028727e-01 -4.2339914e-01 -4.2486159e-01 -4.1729865e-01 -3.8986734e-01
 -3.7100178e-01 -3.7424005e-01 -3.6935130e-01 -3.2721195e-01 -2.6754413e-01
 -2.3537031e-01 -2.4140813e-01 -2.5271075e-01 -2.4002925e-01 -2.1149065e-01
 -1.9281521e-01 -1.9253526e-01 -1.9698318e-01 -1.9138410e-01 -1.7674292e-01
 -1.6873707e-01 -1.8322992e-01 -2.1878199e-01 -2.5304502e-01 -2.6136008e-01
 -2.3998746e-01 -2.0431004e-01 -1.6390682e-01 -1.0999896e-01 -3.1421707e-02
  6.6449389e-02  1.6637209e-01  2.5469550e-01  3.2338870e-01  3.6070197e-01
  3.4983809e-01  2.8016296e-01  1.5880915e-01  1.5806748e-02 -1.0357255e-01
 -1.6387339e-01 -1.6775097e-01 -1.5514259e-01 -1.6430168e-01 -1.9685156e-01
 -2.2778648e-01 -2.4069780e-01 -2.3775201e-01 -2.2074585e-01 -1.8765277e-01
 -1.5458477e-01 -1.5791706e-01 -2.1485428e-01 -2.9294892e-01 -3.3968453e-01
 -3.3951739e-01 -3.2322156e-01 -3.2040113e-01 -3.2432884e-01 -3.1461402e-01
 -2.9714823e-01 -2.9982242e-01 -3.3038755e-01 -3.5846652e-01 -3.4925311e-01
 -3.0498276e-01 -2.5914551e-01 -2.3127546e-01 -2.0144573e-01 -1.3682440e-01
 -3.6653087e-02  6.1466625e-02  1.1955082e-01  1.3387862e-01  1.2968348e-01
  1.3200251e-01  1.5030189e-01  1.8246527e-01  2.1769560e-01  2.3242453e-01
  1.9720464e-01  1.0329050e-01 -1.7231380e-02 -1.0607751e-01 -1.2264285e-01
 -7.7444897e-02 -2.2222919e-02 -4.1527212e-03 -2.5833072e-02 -4.9566489e-02
 -4.1387235e-02 -7.9939413e-03  1.2949963e-02 -4.1111459e-03 -4.8012117e-02
 -9.0088791e-02 -1.1795257e-01 -1.4089418e-01 -1.6714301e-01 -1.8767367e-01
 -1.8595634e-01 -1.5611407e-01 -1.0692364e-01 -5.2272015e-02 -2.4537762e-03
  3.8282670e-02  7.1772694e-02  1.0461506e-01  1.4352241e-01  1.8882900e-01
  2.3261256e-01  2.6390891e-01  2.7717539e-01  2.7565027e-01  2.6359553e-01
  2.3422125e-01  1.6981302e-01  6.1583621e-02 -7.0372924e-02 -1.8605244e-01
 -2.5947979e-01 -2.9712734e-01 -3.1480205e-01 -3.0397994e-01 -2.3823253e-01
 -1.1713360e-01  1.1772485e-02  8.8962708e-02  9.8752742e-02  7.8596051e-02
  7.4476131e-02  9.7599499e-02  1.2828371e-01  1.5019116e-01  1.6850726e-01
  1.9666144e-01  2.3662384e-01  2.7550402e-01  2.9545597e-01  2.8459208e-01
  2.4510603e-01  1.9624360e-01  1.6462760e-01  1.6327797e-01  1.8118876e-01
  1.9888018e-01  2.1224277e-01  2.3323932e-01  2.6804554e-01  3.0556774e-01
  3.3203802e-01  3.4471952e-01  3.4158571e-01  3.0803301e-01  2.3380341e-01
  1.4434764e-01  9.4916954e-02  1.1961767e-01  1.9330408e-01  2.5367179e-01
  2.5594902e-01  1.9773530e-01  1.0054528e-01 -1.3457850e-02 -1.2388593e-01
 -2.0944323e-01 -2.5521780e-01 -2.5843518e-01 -2.2145618e-01 -1.4514363e-01
 -3.4952470e-02  9.3379296e-02  2.2153975e-01  3.3813851e-01  4.3482712e-01
  5.0134754e-01  5.3728194e-01  5.6295832e-01  6.0267419e-01  6.5427766e-01
  6.8973154e-01  6.9077614e-01  6.6994673e-01  6.4610885e-01  6.1157422e-01
  5.4070824e-01  4.2705526e-01  2.9581114e-01  1.7755980e-01  8.4264076e-02
  1.5821999e-02 -2.3812807e-02 -3.0801212e-02 -1.5732999e-02  5.9279223e-05
  4.3434660e-03  2.8513528e-03  5.6582054e-03  1.1181866e-02  8.2538389e-03
 -1.0188865e-02 -4.1027891e-02 -7.7979735e-02 -1.1924788e-01 -1.6597932e-01
 -2.1571085e-01 -2.6150632e-01 -2.9867335e-01 -3.2980257e-01 -3.5988718e-01
 -3.8819597e-01 -4.0887914e-01 -4.1955500e-01 -4.2383788e-01 -4.2147707e-01
 -4.0171315e-01 -3.5595947e-01 -2.9654236e-01 -2.5304502e-01 -2.4347644e-01
 -2.5484174e-01 -2.5835161e-01 -2.3906821e-01 -2.0239006e-01 -1.5551029e-01
 -9.6164212e-02 -2.4865768e-02  4.1796720e-02  8.0808524e-02  8.3762666e-02
  6.1535569e-02  3.0450225e-02  1.1460775e-03 -1.8791810e-02 -2.1195028e-02
 -3.3533897e-03  2.6202862e-02  5.3799227e-02  7.2643894e-02  8.5204220e-02
  9.6341795e-02  1.0932205e-01  1.2937637e-01  1.6442495e-01  2.1729865e-01
  2.7903479e-01  3.3406456e-01  3.7202549e-01  3.9114175e-01  3.8840489e-01
  3.4996344e-01  2.5924997e-01  1.1950068e-01 -3.0978795e-02 -1.3483756e-01
 -1.5818657e-01 -1.2166928e-01 -8.4299593e-02 -8.8168808e-02 -1.1761830e-01
 -1.1760994e-01 -5.3159929e-02  5.3467043e-02  1.4613601e-01  1.8931578e-01
  1.9338556e-01  1.9077405e-01  1.9912880e-01  2.1324559e-01  2.2406769e-01
  2.3167241e-01  2.3766844e-01  2.3562102e-01  2.1869842e-01  1.9374491e-01
  1.7861277e-01  1.8329259e-01  1.9896793e-01  2.0862843e-01  2.0320903e-01
  1.8260315e-01  1.4568683e-01  8.9276089e-02  1.8413037e-02 -4.8874961e-02
 -9.3974721e-02 -1.1317455e-01 -1.1775619e-01 -1.2015460e-01 -1.2269926e-01
 -1.1825969e-01 -9.6968557e-02 -5.3149483e-02  8.7456388e-03  7.2347227e-02
  1.1757443e-01  1.3595947e-01  1.3782931e-01  1.4141857e-01  1.5434242e-01
  1.6544448e-01  1.5284446e-01  9.9592604e-02  6.3641492e-03 -1.0362269e-01
 -1.9207981e-01 -2.2674188e-01 -2.0497650e-01 -1.5745952e-01 -1.2482607e-01
 -1.2630941e-01 -1.5018698e-01 -1.7242035e-01 -1.8123472e-01 -1.8260942e-01
 -1.8625927e-01 -1.9083464e-01 -1.8457955e-01 -1.5841847e-01 -1.1752429e-01
 -8.0988196e-02 -6.7997493e-02 -8.0522302e-02 -9.6943487e-02 -8.7065706e-02
 -3.8800794e-02  2.8066437e-02  7.7887809e-02  8.9796302e-02  7.1994150e-02
  4.6844249e-02  2.7890943e-02  1.3709182e-02 -1.1139246e-03 -1.7299070e-02
 -3.3889063e-02 -5.3889063e-02 -8.1683903e-02 -1.1455134e-01 -1.3956336e-01
 -1.4137052e-01 -1.1624360e-01 -7.9448449e-02 -5.5535360e-02 -5.6920506e-02
 -7.2221874e-02 -8.0039695e-02 -7.3646715e-02 -6.5996031e-02 -6.9879870e-02
 -8.2323201e-02 -9.4033218e-02 -1.0648699e-01 -1.2639716e-01 -1.4578084e-01
 -1.4189909e-01 -1.0492009e-01 -5.6465058e-02 -3.0291445e-02 -3.6956022e-02
 -5.6130784e-02 -6.3227828e-02 -5.5290922e-02 -4.7667398e-02 -5.1549149e-02
 -5.9903896e-02 -5.3492113e-02 -1.7139664e-02  4.7414604e-02  1.2054319e-01
  1.7690588e-01  2.0240259e-01  2.0202444e-01  1.9070093e-01  1.7800272e-01
  1.6307114e-01  1.4278074e-01  1.2046380e-01  1.0414081e-01  9.8061214e-02
  9.7401024e-02  9.1404993e-02  7.2305442e-02  4.3737595e-02  2.1293221e-02
  2.0571817e-02  4.0961036e-02  6.2534211e-02  6.3265434e-02  4.0027160e-02
  1.0577249e-02 -4.8352659e-03 -5.5704586e-04  1.4775723e-02  2.9721091e-02
  3.8458164e-02  4.2824611e-02  5.1112504e-02  7.2418260e-02  1.0713047e-01
  1.4341168e-01  1.6761099e-01  1.7848950e-01  1.8653714e-01  1.9937950e-01
  2.1132351e-01  2.0804554e-01  1.7659668e-01  1.1051081e-01  1.3139037e-02
 -9.6922595e-02 -1.8801003e-01 -2.3246631e-01 -2.2590619e-01 -1.8752533e-01
 -1.4157735e-01 -1.0131202e-01 -6.9336676e-02 -4.6351196e-02 -3.5006790e-02
 -3.7010342e-02 -5.0623629e-02 -7.1774783e-02 -9.5698318e-02 -1.1733208e-01
 -1.3077823e-01 -1.3032487e-01 -1.1422334e-01 -8.9292803e-02 -6.9944636e-02
 -6.8666040e-02 -8.4880393e-02 -1.0441868e-01 -1.1049619e-01 -9.4985898e-02
 -5.9966573e-02 -1.3070929e-02  3.6862008e-02  8.2273060e-02  1.1908702e-01
  1.4661861e-01  1.6434556e-01  1.7017236e-01  1.6316097e-01  1.4551133e-01
  1.2021101e-01  8.9493367e-02  5.8752742e-02  3.8662906e-02  3.6859919e-02
  4.7385355e-02  5.3945472e-02  4.6127651e-02  2.8989867e-02  1.6458581e-02
  1.8411574e-02  3.4653714e-02  5.5504022e-02  6.5043351e-02  5.0746892e-02
  1.7254779e-02 -1.1388488e-02 -1.0676068e-02  2.0662697e-02  5.9287580e-02
  7.8629479e-02  6.8851980e-02  3.8263867e-02  3.6966468e-03 -1.7898882e-02
 -1.6737700e-02  2.7094955e-03  2.3394965e-02  3.1275462e-02  2.9416066e-02
  3.1296354e-02  4.0267419e-02  4.2135172e-02  2.2918625e-02 -1.0853651e-02
 -3.6490128e-02 -3.9139246e-02 -2.5452836e-02 -1.1781469e-02 -4.7834535e-03
  2.8515617e-04  5.9519482e-03  5.7392667e-03 -5.6935130e-03 -2.1332915e-02
 -2.6062885e-02 -1.0893555e-02  2.0268463e-02  5.5293012e-02  8.0052230e-02
  8.1650475e-02  5.4745639e-02  1.0457119e-02 -2.4945158e-02 -2.8521884e-02
 -1.2040322e-03  3.1860441e-02  4.3334378e-02  2.5423587e-02 -8.7366552e-03
 -4.1922072e-02 -6.7613078e-02 -8.9056722e-02 -1.0819388e-01 -1.2061214e-01
 -1.2209548e-01 -1.1497336e-01 -1.0306487e-01 -8.3269612e-02 -5.0803301e-02
 -1.5074271e-02 -9.7944218e-04 -2.5218845e-02 -7.3738640e-02 -1.1249138e-01
 -1.2164839e-01 -1.1145931e-01 -1.0153975e-01 -9.4415544e-02 -7.8362060e-02
 -5.0262196e-02 -2.3344824e-02 -1.0731432e-02 -1.0311501e-02 -1.1358822e-02
 -9.3822208e-03 -7.6460880e-03 -6.2678366e-03  2.6058707e-03  2.6367910e-02
  6.1679724e-02  9.3744908e-02  1.0509976e-01  8.7163898e-02  4.7694558e-02
  8.0321738e-03 -1.1251018e-02 -5.5205265e-03  1.2630941e-02  2.6367910e-02
  2.6982137e-02  1.3385355e-02 -1.3724015e-02 -5.0782409e-02 -8.6255092e-02
 -1.0470072e-01 -1.0025488e-01 -8.4017549e-02 -7.3857725e-02 -7.6473415e-02
 -8.1094746e-02 -7.0930743e-02 -4.0601692e-02 -3.3283192e-03  1.8460253e-02
  1.1266061e-02 -1.8161914e-02 -4.8697378e-02 -6.2354539e-02 -5.6471326e-02
 -4.0666458e-02 -2.5791288e-02 -1.7201713e-02 -1.4833594e-02 -1.4292907e-02
 -8.2137261e-03  7.3642536e-03  2.5337930e-02  3.0128486e-02  1.2342839e-02
 -1.9373237e-02 -4.3549566e-02 -4.3710436e-02 -2.1234723e-02  6.3449284e-03
  1.7703750e-02  9.5134232e-04 -3.8470699e-02 -8.0854487e-02 -1.0617988e-01
 -1.0822731e-01 -9.5460148e-02 -7.9463073e-02 -6.5588635e-02 -5.5186462e-02
 -5.0888959e-02 -5.2978168e-02 -5.3049201e-02 -3.9640656e-02 -1.3737386e-02
  6.3307218e-03  2.4744594e-03 -2.0547791e-02 -3.4908597e-02 -1.6216233e-02
  3.0005223e-02  6.9658414e-02  7.0051186e-02  2.9838086e-02 -1.9368432e-02
 -4.1821790e-02 -2.8877050e-02 -2.8377729e-03  8.4330931e-03 -2.0816463e-03
 -1.9657996e-02 -2.7479369e-02 -2.1802988e-02 -9.6364776e-03  3.6189282e-04
  5.0078345e-04 -1.5250392e-02 -4.4226470e-02 -6.9330408e-02 -6.8442495e-02
 -3.4653714e-02  1.5188133e-02  5.5201086e-02  7.2650162e-02  7.5017236e-02
  7.7774992e-02  8.8461297e-02  1.0097357e-01  1.0253421e-01  8.6004387e-02
  5.7131516e-02  2.9261465e-02  1.0502037e-02 -1.5230753e-03 -1.1273791e-02
 -1.6642223e-02 -1.4782618e-02 -1.3582367e-02 -2.6743967e-02 -5.3045022e-02
 -6.8630523e-02 -4.9700198e-02 -1.1744699e-03  4.5404784e-02  6.4065601e-02
  5.9072391e-02  5.4797869e-02  6.7009297e-02  8.9035830e-02  1.0272851e-01
  9.6899613e-02  7.4279745e-02  4.5914551e-02  2.2143529e-02  7.3937115e-03
  3.2048470e-04 -2.3695811e-03 -2.6209130e-03 -1.0327379e-03  1.2157109e-03
  2.0710540e-03  7.1193983e-04 -1.1996448e-03 -1.6768202e-03 -1.5231589e-03
 -4.6476549e-03 -1.4640134e-02 -3.0122219e-02 -4.3526585e-02 -4.5991852e-02
 -3.5650266e-02 -2.1211741e-02 -1.5148229e-02 -2.2672099e-02 -3.7781260e-02
 -5.0258017e-02 -5.4563878e-02 -5.0746892e-02 -3.9596783e-02 -2.1357986e-02
 -2.2901912e-04  1.3718166e-02  1.1042724e-02 -8.2120547e-03 -3.3481667e-02
 -5.2483025e-02 -6.0783453e-02 -6.3236185e-02 -6.7109579e-02 -7.4904419e-02
 -8.3102476e-02 -8.6781573e-02 -8.4521049e-02 -7.8550089e-02 -7.1710018e-02
 -6.4422856e-02 -5.5416275e-02 -4.3802361e-02 -3.0427243e-02 -1.7587172e-02
 -8.4899196e-03 -6.7836624e-03 -1.4518751e-02 -2.9539329e-02 -4.5114384e-02
 -5.3688499e-02 -5.2447509e-02 -4.5143633e-02 -3.8128069e-02 -3.4415544e-02
 -3.1425885e-02 -2.4107385e-02 -1.0491591e-02  6.1161600e-03  2.0104669e-02
  2.8542777e-02  3.3256033e-02  3.8370417e-02  4.6077510e-02  5.4783245e-02
  6.0931787e-02  6.2068317e-02  5.8880184e-02  5.5004701e-02  5.4570145e-02
  5.8848846e-02  6.4638045e-02  6.6894390e-02  6.3079494e-02  5.5176016e-02
  4.6827536e-02  3.9717957e-02  3.3312441e-02  2.7715450e-02  2.4376893e-02
  2.4076047e-02  2.5329573e-02  2.6014833e-02  2.5757861e-02  2.5233469e-02
  2.3555834e-02  1.8405724e-02  9.4252585e-03  3.2654340e-04 -4.0152512e-03
 -2.0740625e-03  3.0550507e-03  7.1975347e-03  8.6008566e-03  8.5964692e-03
  9.7457432e-03  1.4230858e-02  2.2964588e-02  3.4572234e-02  4.4892928e-02
  4.8645148e-02  4.3595529e-02  3.2894599e-02  2.2776559e-02  1.7237021e-02
  1.5032905e-02  1.2081270e-02  6.0777186e-03 -1.7978272e-03 -8.6996762e-03
 -1.3267523e-02 -1.5861694e-02 -1.7123368e-02 -1.6259062e-02 -1.1506529e-02
 -1.9514677e-03  1.0670427e-02  2.2381699e-02  3.0111773e-02  3.4325708e-02
  3.8000627e-02  4.2931161e-02  4.7847070e-02  5.0159825e-02  4.8390264e-02
  4.2456910e-02  3.3220516e-02  2.2949963e-02  1.5131934e-02  1.1236394e-02
  8.4915909e-03  2.9472475e-03 -4.2561371e-03 -6.5665935e-03  6.8254466e-04
  1.4455448e-02  2.7629792e-02  3.6972736e-02  4.4972318e-02  5.4031129e-02
  6.1696438e-02  6.2663742e-02  5.3753264e-02  3.6210174e-02  1.4400710e-02
 -6.0597514e-03 -2.0207876e-02 -2.5977228e-02 -2.5626240e-02 -2.3944427e-02
 -2.4640134e-02 -2.8106132e-02 -3.2050559e-02 -3.3899509e-02 -3.2652251e-02
 -2.9263554e-02 -2.5039173e-02 -2.0051812e-02 -1.3208816e-02 -4.6900658e-03
  2.5716076e-03  4.8361015e-03  1.1004492e-03 -5.5079912e-03 -1.0246109e-02
 -1.0435809e-02 -7.1841638e-03 -3.5455970e-03 -1.8185731e-03 -2.0697169e-03
 -3.7271493e-03 -7.2831923e-03 -1.3608900e-02 -2.1429019e-02 -2.7274627e-02
 -2.9604095e-02 -3.1906403e-02 -3.9607229e-02 -5.3849368e-02 -6.9719001e-02
 -8.1746579e-02 -8.8342212e-02 -9.0807479e-02 -8.9516348e-02 -8.3739685e-02
 -7.5000522e-02 -6.7888854e-02 -6.6975870e-02 -7.3301995e-02 -8.4339288e-02
 -9.5783976e-02 -1.0328006e-01 -1.0393607e-01 -9.8038233e-02 -8.9597827e-02
 -8.4076047e-02 -8.4688186e-02 -9.0370835e-02 -9.6832759e-02 -9.9853755e-02
 -9.7787527e-02 -9.1966990e-02 -8.3720882e-02 -7.1841638e-02 -5.3617466e-02
 -2.8943905e-02 -2.6242557e-03  1.8323827e-02  2.9875692e-02  3.2986525e-02
  3.1325603e-02  2.8154184e-02  2.4936801e-02  2.1840593e-02  1.8773425e-02
  1.6409067e-02  1.6558028e-02  2.0432884e-02  2.6551760e-02  3.1070720e-02
  3.1486472e-02  2.8854069e-02  2.5785020e-02  2.3002194e-02  1.9395174e-02
  1.4920297e-02  1.1627076e-02  1.0624047e-02  9.9939413e-03  7.3746997e-03
  3.8719315e-03  2.9871514e-03  5.3049201e-03  6.0804346e-03  3.3947561e-05
 -1.1937950e-02 -2.2697169e-02 -2.5363000e-02 -1.9290505e-02 -9.2685678e-03
  3.6899613e-05  7.1693304e-03  1.2524392e-02  1.5693304e-02  1.5316620e-02
  1.1005745e-02  4.2544657e-03 -3.1260838e-03 -1.0700094e-02 -1.8975870e-02
 -2.7552491e-02 -3.3974721e-02 -3.5474773e-02 -3.1885511e-02 -2.6399248e-02
 -2.3020997e-02 -2.3326021e-02 -2.5826805e-02 -2.8448762e-02 -3.0893137e-02
 -3.4158571e-02 -3.8485323e-02 -4.2724329e-02 -4.5766217e-02 -4.7715450e-02
 -4.9395174e-02 -5.1135485e-02 -5.2664786e-02 -5.3404366e-02 -5.2840280e-02
 -5.0644521e-02 -4.7282983e-02 -4.4341377e-02 -4.3551656e-02 -4.4963961e-02
 -4.6509976e-02 -4.5603259e-02 -4.1238901e-02 -3.4586859e-02 -2.7918103e-02
 -2.2866395e-02 -1.9340854e-02 -1.6144155e-02 -1.2633866e-02 -9.4077092e-03
 -6.4959783e-03 -1.4745012e-03  9.6364776e-03  2.8258644e-02  5.0247571e-02
  6.7999582e-02  7.6043038e-02  7.5380758e-02  7.2455865e-02  7.3767889e-02
  8.0733312e-02  8.8699467e-02  9.1852084e-02  8.9196699e-02  8.5254361e-02
  8.4560744e-02  8.6349107e-02  8.6192416e-02  8.1951321e-02  7.5974094e-02
  7.1315157e-02  6.8540687e-02  6.7247467e-02  6.8542777e-02  7.3068004e-02
  7.7774992e-02  7.8215815e-02  7.4244229e-02  7.0989241e-02  7.2148752e-02
  7.4731014e-02  7.2748355e-02  6.4886660e-02  5.5303458e-02  4.7021832e-02
  3.7302831e-02  2.1406038e-02  7.7398935e-05 -1.9381385e-02 -2.9428601e-02
 -2.9211324e-02 -2.4552387e-02 -2.1955500e-02 -2.3221561e-02 -2.5352554e-02
 -2.5434033e-02 -2.4142902e-02 -2.4343466e-02 -2.6731432e-02 -2.8189700e-02
 -2.5145722e-02 -1.7821999e-02 -9.9302204e-03 -4.7920192e-03 -2.7491904e-03
 -2.1598245e-03 -1.7048156e-03 -4.7128382e-04  2.6635329e-03  8.3244542e-03
  1.5154079e-02  2.0786587e-02  2.4278701e-02  2.7562937e-02  3.3360493e-02
  4.2342004e-02  5.1939831e-02  5.7497127e-02  5.4944114e-02  4.3969498e-02
  2.9447404e-02  1.8592291e-02  1.4962081e-02  1.5163481e-02  1.2775514e-02
  5.8840489e-03 -3.4862634e-04  4.3582994e-04  8.3275880e-03  1.6217905e-02
  1.6478847e-02  8.4648491e-03 -7.0067899e-04 -2.1608691e-03  6.9871514e-03
  2.1851039e-02  3.4649535e-02  4.1552282e-02  4.5089314e-02  4.9988509e-02
  5.7983913e-02  6.6683380e-02  7.2240677e-02  7.2305442e-02  6.6746057e-02
  5.7430273e-02  4.8160451e-02  4.3125457e-02  4.3789826e-02  4.6144364e-02
  4.2678366e-02  2.8770500e-02  8.2782827e-03 -7.9201922e-03 -1.0456910e-02
  2.7623524e-04  1.4272015e-02  2.0411783e-02  1.5377207e-02  4.0403217e-03
 -7.0548417e-03 -1.4739789e-02 -1.8758383e-02 -1.9695393e-02 -1.9195028e-02
 -2.0700094e-02 -2.6528779e-02 -3.4751906e-02 -4.0835684e-02 -4.3777290e-02
 -4.8049723e-02 -5.7875274e-02 -7.1229500e-02 -8.1276507e-02 -8.3186044e-02
 -7.7509663e-02 -6.7537867e-02 -5.6356419e-02 -4.7431317e-02 -4.5032905e-02
 -5.1206518e-02 -6.2705526e-02 -7.2662697e-02 -7.5800689e-02 -7.1336049e-02
 -6.1648386e-02 -5.0136843e-02 -4.0300846e-02 -3.4323619e-02 -3.1877154e-02
 -3.1198161e-02 -3.1939831e-02 -3.5134232e-02 -3.9318918e-02 -3.9087016e-02
 -3.0418886e-02 -1.6617152e-02 -5.5685783e-03 -5.6431631e-04  2.7938995e-03
  8.6501619e-03  1.2831087e-02  6.9725269e-03 -9.6884989e-03 -2.6438943e-02
 -3.1206518e-02 -2.2745221e-02 -1.0918625e-02 -6.0041784e-03 -9.6183015e-03
 -1.5865455e-02 -1.9015774e-02 -1.8440196e-02 -1.7041680e-02 -1.6825447e-02
 -1.6473833e-02 -1.3190849e-02 -6.1351718e-03  1.9506111e-03  7.2838191e-03
  8.8469654e-03  9.3928758e-03  1.1659250e-02  1.4000418e-02  1.1524078e-02
  2.2400501e-03 -8.8845712e-03 -1.3589679e-02 -8.3453463e-03  1.9411261e-03
  8.7115847e-03  7.6258226e-03  1.2290818e-03 -5.4054111e-03 -1.0605453e-02
 -1.7195028e-02 -2.7989136e-02 -4.0775097e-02 -4.8801839e-02 -4.6804554e-02
 -3.6366865e-02 -2.4464640e-02 -1.6796198e-02 -1.3631463e-02 -1.2455657e-02
 -1.3270866e-02 -1.8439361e-02 -2.7828267e-02 -3.6078554e-02 -3.6281208e-02
 -2.6215397e-02 -9.9155959e-03  6.0731223e-03  1.7123368e-02  2.1934608e-02
  2.1418573e-02  1.7328737e-02  1.1607229e-02  5.8853024e-03  1.8096730e-03
  9.9567534e-04  4.0566176e-03  9.1517811e-03  1.2768202e-02  1.2746057e-02
  1.0795989e-02  1.0804972e-02  1.4808315e-02  2.1625405e-02  2.9190431e-02
  3.6949755e-02  4.4755040e-02  5.0778230e-02  5.1565862e-02  4.4692364e-02
  3.0891048e-02  1.4040113e-02 -1.7877990e-04 -6.9019116e-03 -5.6502664e-03
 -1.3916223e-03 -4.3921446e-04 -4.0499321e-03 -7.9450538e-03 -8.3092030e-03
 -6.4886660e-03 -5.7004074e-03 -5.6901703e-03 -3.9293847e-03 -1.3455343e-03
 -2.8613810e-03 -1.0376476e-02 -1.8984226e-02 -2.2235454e-02 -2.0099864e-02
 -1.8563669e-02 -2.1995195e-02 -2.8716181e-02 -3.3433615e-02 -3.1881333e-02
 -2.2772381e-02 -8.1149065e-03  7.2470490e-03  1.8076256e-02  2.2874752e-02
  2.4725791e-02  2.7207772e-02  3.0059542e-02  3.0011491e-02  2.5206309e-02
  1.7616839e-02  1.1119607e-02  8.2594798e-03  8.9894495e-03  1.0869947e-02
  1.0478429e-02  5.8662906e-03 -1.3191894e-03 -6.9182075e-03 -8.2816254e-03
 -7.0423065e-03 -6.9403531e-03 -9.2464222e-03 -1.1404575e-02 -1.0089836e-02
 -4.7656952e-03  2.3238274e-03  9.2627181e-03  1.5798182e-02  2.2289773e-02
  2.7943174e-02  3.1741356e-02  3.4689230e-02  3.9937324e-02  4.9915387e-02
  6.3183955e-02  7.5017236e-02  8.1314113e-02  8.1598245e-02  7.8213726e-02
  7.3423169e-02  6.7811553e-02  6.1211741e-02  5.4371670e-02  4.9014938e-02
  4.6844249e-02  4.8413246e-02  5.2737909e-02  5.7568160e-02  6.0244437e-02
  5.9481876e-02  5.6473415e-02  5.3659250e-02  5.2656430e-02  5.3074271e-02
  5.4060378e-02  5.5840384e-02  5.9325185e-02  6.4232738e-02  6.8647237e-02
  7.0560953e-02  6.9871514e-02  6.7867962e-02  6.5053797e-02  5.9891361e-02
  5.0435600e-02  3.7568160e-02  2.6181970e-02  2.1784185e-02  2.5358822e-02
  3.2301264e-02  3.7150319e-02  3.8629479e-02  3.9124621e-02  3.9782722e-02
  3.8631568e-02  3.3561057e-02  2.5766217e-02  1.8673561e-02  1.4185731e-02
  1.1703123e-02  1.0132874e-02  9.6999896e-03  1.1136739e-02  1.4160451e-02
  1.7497963e-02  1.9802988e-02  2.0357882e-02  1.9296563e-02  1.7562311e-02
  1.6127024e-02  1.5170166e-02  1.4439570e-02  1.4710958e-02  1.7897420e-02
  2.4828163e-02  3.3132769e-02  3.8071660e-02  3.6546537e-02  3.0235036e-02
  2.4535673e-02  2.4088582e-02  2.8325499e-02  3.2246945e-02  3.1275462e-02
  2.5578189e-02  1.9026220e-02  1.4211010e-02  9.4856367e-03  1.4373968e-03
 -1.0498903e-02 -2.2436018e-02 -2.8837355e-02 -2.6486995e-02 -1.6265538e-02
 -2.0634911e-03  1.1509454e-02  2.0967304e-02  2.4516870e-02  2.2260524e-02
  1.6697796e-02  1.2241930e-02  1.2333647e-02  1.5659250e-02  1.6693617e-02
  1.1324976e-02  2.2306487e-03 -3.4952470e-03 -1.9665935e-03  2.6898569e-03
  2.4686096e-03 -6.7897211e-03 -2.1568996e-02 -3.3730283e-02 -3.6569518e-02
 -2.9668860e-02 -1.9175598e-02 -1.3261673e-02 -1.5817403e-02 -2.4236916e-02
 -3.3197535e-02 -4.0060587e-02 -4.5323305e-02 -4.8971064e-02 -4.9175807e-02
 -4.5177060e-02 -3.9486055e-02 -3.4904419e-02 -3.0757338e-02 -2.4140813e-02
 -1.5113549e-02 -8.0031338e-03 -6.6064974e-03 -9.0262196e-03 -9.0824193e-03
 -2.4493889e-03  9.2840280e-03  2.0151677e-02  2.4600439e-02  2.1161600e-02
  1.3102267e-02  5.7603677e-03  2.0543612e-03  6.8839444e-05 -4.9988509e-03
 -1.5467669e-02 -2.8317142e-02 -3.8186566e-02 -4.2356628e-02 -4.2216651e-02
 -4.0296668e-02 -3.7718584e-02 -3.5065288e-02 -3.3728194e-02 -3.4440614e-02
 -3.5215711e-02 -3.2518542e-02 -2.5285699e-02 -1.6363522e-02 -9.4614019e-03
 -6.1648386e-03 -6.6522511e-03 -1.1271702e-02 -1.9599290e-02 -2.8812285e-02
 -3.5374491e-02 -3.8736028e-02 -4.0929698e-02 -4.2377520e-02 -4.0724956e-02
 -3.5244960e-02 -2.9957171e-02 -2.9727358e-02 -3.4225426e-02 -3.8439361e-02
 -3.8840489e-02 -3.6124517e-02 -3.2169644e-02 -2.7571294e-02 -2.3541210e-02
 -2.2952053e-02 -2.6806644e-02 -3.1319336e-02 -3.1958634e-02 -2.9123577e-02
 -2.7067795e-02 -2.7707093e-02 -2.8373551e-02 -2.6453567e-02 -2.2722240e-02
 -1.8692573e-02 -1.3090358e-02 -3.8675441e-03  7.7336258e-03  1.7328737e-02
  2.1360075e-02  1.8868066e-02  1.0778439e-02 -6.6181970e-04 -1.1459522e-02
 -1.7573383e-02 -1.7895540e-02 -1.4403426e-02 -9.1609736e-03 -2.7521153e-03
  4.0912984e-03  9.1835370e-03  1.0776350e-02  9.4797869e-03  6.8532331e-03
  3.3726105e-03 -9.9124621e-04 -4.8300428e-03 -5.8418469e-03 -3.2322156e-03
  1.3815732e-03  5.5470594e-03  7.3634179e-03  5.6782618e-03  1.1050454e-03
 -3.0329050e-03 -2.2778648e-03  4.9992688e-03  1.5507991e-02  2.3938159e-02
  2.7161809e-02  2.5505066e-02  2.1038337e-02  1.5881751e-02  1.1833072e-02
  9.6394025e-03  8.7176434e-03  8.3511961e-03  9.3586128e-03  1.3418364e-02
  1.9680142e-02  2.3394965e-02  1.9286744e-02  6.9042098e-03 -8.2607333e-03
 -1.9041889e-02 -2.2358717e-02 -2.0287893e-02 -1.6825238e-02 -1.3991434e-02
 -1.1486890e-02 -9.2217696e-03 -8.4675650e-03 -9.9878826e-03 -1.1867126e-02
 -1.0843832e-02 -6.1995195e-03 -1.3908910e-03 -1.2204116e-03 -7.2144573e-03
 -1.6634493e-02 -2.5335840e-02 -3.1031025e-02 -3.3914134e-02 -3.5029771e-02
 -3.4904419e-02 -3.3625823e-02 -3.1375744e-02 -2.9081793e-02 -2.8281625e-02
 -2.9967617e-02 -3.2804763e-02 -3.2543612e-02 -2.4472997e-02 -7.7854382e-03
  1.2300219e-02  2.8106132e-02  3.5606393e-02  3.7033323e-02  3.6847383e-02
  3.5744281e-02  3.0437689e-02  1.9327275e-02  6.7197326e-03 -9.2006685e-04
 -1.9318709e-03 -9.2420349e-04 -2.5645043e-03 -6.2977123e-03 -8.4027995e-03
 -8.2626136e-03 -9.3792959e-03 -1.4505589e-02 -2.1815523e-02 -2.7391622e-02
 -2.9930011e-02 -3.1361120e-02 -3.3224694e-02 -3.4371670e-02 -3.2541523e-02
 -2.7537867e-02 -2.2490337e-02 -2.2112191e-02 -2.8914656e-02 -4.0503499e-02
 -5.0911940e-02 -5.5708764e-02 -5.5838295e-02 -5.5685783e-02 -5.7457432e-02
 -5.9323096e-02 -5.8704690e-02 -5.5378669e-02 -5.0151468e-02 -4.2605244e-02
 -3.2395278e-02 -2.2097566e-02 -1.5598454e-02 -1.3379296e-02 -1.1877990e-02
 -8.5812180e-03 -5.8230440e-03 -7.4639089e-03 -1.2830252e-02 -1.6565758e-02
 -1.4795362e-02 -9.4787423e-03 -6.3468087e-03 -9.3792959e-03 -1.8142066e-02
 -2.8820641e-02 -3.6761726e-02 -3.9135067e-02 -3.6600857e-02 -3.2765068e-02
 -3.0801212e-02 -3.0542150e-02 -2.9683485e-02 -2.7959887e-02 -2.8327588e-02
 -3.3216338e-02 -4.0079390e-02 -4.2498694e-02 -3.5806957e-02 -2.1123995e-02
 -4.0923430e-03  9.5723389e-03  1.7356941e-02  1.9905777e-02  1.9220725e-02
  1.6831923e-02  1.3290505e-02  8.9700198e-03  4.5766217e-03  8.5532226e-04
 -1.7432362e-03 -2.9058811e-03 -2.1098924e-03  3.1835370e-04  1.9683485e-03
 -4.6639507e-04 -7.9588426e-03 -1.7350047e-02 -2.3854591e-02 -2.5108117e-02
 -2.2500783e-02 -1.8995299e-02 -1.6416797e-02 -1.4783245e-02 -1.3461820e-02
 -1.2724956e-02 -1.3873185e-02 -1.7715032e-02 -2.2797451e-02 -2.5682649e-02
 -2.3956962e-02 -1.8387130e-02 -1.1621017e-02 -5.3182910e-03  1.0148334e-04
  3.4718479e-03  2.6675024e-03 -2.6255092e-03 -9.7139873e-03 -1.5261256e-02
 -1.8190536e-02 -1.9249347e-02 -1.8692573e-02 -1.6085240e-02 -1.1503604e-02
 -5.2311710e-03  3.3005327e-03  1.4899196e-02  2.8517706e-02  4.1449911e-02
  5.1730910e-02  5.8706779e-02  6.1506320e-02  5.9101640e-02  5.2027578e-02
  4.2005641e-02  2.8513528e-02  9.2604199e-03 -1.3478742e-02 -2.9574846e-02
 -2.9182075e-02 -1.4637209e-02  1.4831923e-04  4.1759114e-03  3.0360389e-04
 -7.7112713e-04  5.2029667e-03  1.2116787e-02  1.3152408e-02  9.9674083e-03
  1.0344720e-02  1.8786169e-02  3.1820746e-02  4.1771649e-02  4.2958320e-02
  3.4910686e-02  2.1357986e-02  7.9995822e-03 -1.0928445e-04 -5.5543717e-04
  5.5516557e-03  1.4741878e-02  2.3016818e-02  2.7778126e-02  2.8348480e-02
  2.5730701e-02  2.1859396e-02  1.9078450e-02  1.9529301e-02  2.4126188e-02
  3.1578398e-02  3.8612765e-02  4.2174867e-02  4.1533480e-02  3.8378774e-02
  3.4639089e-02  3.0886869e-02  2.6593544e-02  2.1794631e-02  1.7770605e-02
  1.6171315e-02  1.7789199e-02  2.2264703e-02  2.8670218e-02  3.5656534e-02
  4.1316202e-02  4.2904001e-02  3.8627390e-02  2.9725269e-02  2.0944323e-02
  1.7130262e-02  1.9226575e-02  2.3791915e-02  2.7055260e-02  2.8327588e-02
  2.9436958e-02  3.1158467e-02  3.1952366e-02  3.0757338e-02  2.9457850e-02
  3.1193983e-02  3.6834848e-02  4.3927713e-02  4.9704377e-02  5.3713569e-02
  5.7411470e-02  6.1422751e-02  6.4640134e-02  6.5271075e-02  6.1844772e-02
  5.3945472e-02  4.2828789e-02  3.1369477e-02  2.2243811e-02  1.5751175e-02
  1.0604826e-02  7.1941920e-03  8.2575995e-03  1.5140708e-02  2.4297503e-02
  3.0132665e-02  3.0897315e-02  3.0358299e-02  3.2633448e-02  3.7169121e-02
  3.9951948e-02  3.8424736e-02  3.4131411e-02  3.0481563e-02  2.9704377e-02
  3.1678680e-02  3.4837564e-02  3.7576517e-02  3.9385772e-02  4.1002820e-02
  4.3484801e-02  4.6702183e-02  4.9081793e-02  4.8872872e-02  4.5759950e-02
  4.0973572e-02  3.6141231e-02  3.1979526e-02  2.8329677e-02  2.4963961e-02
  2.1911626e-02  1.8784289e-02  1.4339705e-02  7.8460253e-03  8.2801630e-04
 -3.6456701e-03 -4.3482712e-03 -3.3017863e-03 -3.0623629e-03 -3.4066646e-03
 -2.3148438e-03  3.1760159e-04  1.7830774e-03 -4.9196699e-04 -6.5814269e-03
 -1.5290505e-02 -2.5764128e-02 -3.6239423e-02 -4.2642850e-02 -4.1161600e-02
 -3.2485114e-02 -2.2264703e-02 -1.6432048e-02 -1.6418051e-02 -1.9276298e-02
 -2.1552282e-02 -2.2225008e-02 -2.2270970e-02 -2.2511229e-02 -2.2302309e-02
 -2.0462551e-02 -1.7382012e-02 -1.5542672e-02 -1.7429019e-02 -2.2665831e-02
 -2.8007939e-02 -3.0134754e-02 -2.8505171e-02 -2.5080957e-02 -2.1805077e-02
 -1.8694244e-02 -1.4475922e-02 -8.9411888e-03 -3.9151781e-03 -2.3006372e-03
 -5.5190640e-03 -1.2507678e-02 -2.0797869e-02 -2.8714092e-02 -3.5464327e-02
 -4.0043873e-02 -4.0793900e-02 -3.7039591e-02 -3.0606915e-02 -2.4339288e-02
 -1.9075316e-02 -1.3062572e-02 -5.2831923e-03  1.6873707e-03  3.8403844e-03
  7.7116891e-04 -2.6413872e-03 -1.0887496e-03  5.0598558e-03  1.0070406e-02
  9.0657056e-03  2.8095686e-03 -4.2692991e-03 -9.1789408e-03 -1.2218322e-02
 -1.4703855e-02 -1.6845712e-02 -1.8373342e-02 -1.9453672e-02 -2.0024235e-02
 -1.8844458e-02 -1.5061109e-02 -1.0350360e-02 -8.5419409e-03 -1.1851039e-02
 -1.7688499e-02 -1.9725687e-02 -1.3294265e-02  6.4268254e-05  1.3288415e-02
  1.9629792e-02  1.7742192e-02  1.1305965e-02  4.6004387e-03 -4.4422856e-04
 -3.3494202e-03 -3.4568056e-03 -1.0503499e-03  1.5353181e-03  1.4278909e-03
 -1.4774470e-03 -4.6670845e-03 -6.1959678e-03 -6.8269090e-03 -8.1167868e-03
 -9.6454612e-03 -9.1396636e-03 -4.9829729e-03  2.4353912e-03  1.1259793e-02
  1.9067377e-02  2.3896375e-02  2.5166614e-02  2.4489711e-02  2.4053066e-02
  2.3794004e-02  2.1113549e-02  1.4287893e-02  6.0261151e-03  1.6989032e-03
  3.7307009e-03  8.7840802e-03  1.1564400e-02  1.0647655e-02  8.7299697e-03
  7.7242244e-03  5.8807062e-03  1.1791915e-03 -4.4796824e-03 -6.8321320e-03
 -4.7109579e-03 -1.5573801e-03 -7.6776350e-04 -1.4443539e-03 -4.0050141e-04
  2.9775410e-03  6.1309934e-03  7.2046380e-03  7.7248511e-03  1.0459626e-02
  1.6081061e-02  2.2586441e-02  2.7550402e-02  2.9416066e-02  2.7648595e-02
  2.2571817e-02  1.5745325e-02  9.6976914e-03  6.5515512e-03  6.9516348e-03
  9.9394129e-03  1.3826178e-02  1.6844458e-02  1.7783140e-02  1.6373760e-02
  1.3211950e-02  9.3483756e-03  5.7835579e-03  3.4156482e-03  2.9480832e-03
  4.2755667e-03  5.8426825e-03  5.3001149e-03  1.4208503e-03 -4.4483443e-03
 -9.2401546e-03 -1.0665622e-02 -8.8891675e-03 -5.7062572e-03 -2.6583098e-03
 -4.4792646e-04  4.6060796e-04 -6.5074689e-04 -4.1859396e-03 -9.5765173e-03
 -1.5341063e-02 -1.9969080e-02 -2.2442286e-02 -2.2624047e-02 -2.1088478e-02
 -1.8953097e-02 -1.7236812e-02 -1.6283297e-02 -1.5988718e-02 -1.6696333e-02
 -1.9347958e-02 -2.4172151e-02 -2.9487099e-02 -3.2543612e-02 -3.2115324e-02
 -3.0069989e-02 -2.9698109e-02 -3.2171733e-02 -3.5407918e-02 -3.6609213e-02
 -3.5343153e-02 -3.3535987e-02 -3.2612556e-02 -3.1674501e-02 -2.8956440e-02
 -2.4247362e-02 -1.9554581e-02 -1.6985271e-02 -1.6915491e-02 -1.7773112e-02
 -1.7792750e-02 -1.6689439e-02 -1.5885511e-02 -1.7222396e-02 -2.1088478e-02
 -2.6104669e-02 -3.0044918e-02 -3.1469759e-02 -3.0337407e-02 -2.7857516e-02
 -2.5872767e-02 -2.5787110e-02 -2.7529510e-02 -2.9838086e-02 -3.1593022e-02
 -3.2629270e-02 -3.2992792e-02 -3.2144573e-02 -2.9950904e-02 -2.7920192e-02
 -2.8179254e-02 -3.1026846e-02 -3.4457328e-02 -3.6857829e-02 -3.8491591e-02
 -4.0442912e-02 -4.2481981e-02 -4.3459730e-02 -4.2939517e-02 -4.1447822e-02
 -3.9210279e-02 -3.6310456e-02 -3.3757443e-02 -3.3042933e-02 -3.4200355e-02
 -3.5073645e-02 -3.3790870e-02 -3.1223232e-02 -2.9731537e-02 -3.0095059e-02
 -3.0191163e-02 -2.7575473e-02 -2.2135172e-02 -1.6244437e-02 -1.2179463e-02
 -1.0089209e-02 -8.3735506e-03 -5.7294474e-03 -2.6532957e-03 -9.9720046e-04
 -2.1834326e-03 -6.0332184e-03 -1.1081166e-02 -1.5649640e-02 -1.8900031e-02
 -2.1075943e-02 -2.3144260e-02 -2.5678471e-02 -2.7882586e-02 -2.8289982e-02
 -2.6618615e-02 -2.4679829e-02 -2.4144991e-02 -2.4612974e-02 -2.3961141e-02
 -2.0688394e-02 -1.5082419e-02 -8.5340019e-03 -3.0026115e-03 -9.1267105e-04
 -3.9398308e-03 -1.0423065e-02 -1.5380341e-02 -1.4517288e-02 -8.3873394e-03
 -1.8986107e-03  6.5517602e-04 -7.4102162e-04 -3.0947456e-03 -4.1466625e-03
 -4.0465894e-03 -4.0961036e-03 -4.6543403e-03 -4.5693095e-03 -2.5691006e-03
  1.1069257e-03  4.6633239e-03  6.6336572e-03  7.3024130e-03  8.0158780e-03
  9.1484383e-03  9.6974825e-03  8.5559386e-03  6.0526481e-03  3.4896062e-03
  2.0336363e-03  2.3733417e-03  4.9572757e-03  9.5606393e-03  1.4778857e-02
  1.8799123e-02  2.0859292e-02  2.1512587e-02  2.1552282e-02  2.1652565e-02
  2.2920715e-02  2.6806644e-02  3.3414812e-02  4.0338452e-02  4.4508514e-02
  4.4922177e-02  4.3334378e-02  4.1786274e-02  4.0480518e-02  3.8261778e-02
  3.4697587e-02  3.0669592e-02  2.7642327e-02  2.6186149e-02  2.5463282e-02
  2.3798182e-02  1.9979735e-02  1.4827536e-02  1.1188551e-02  1.1663011e-02
  1.5907448e-02  2.0691946e-02  2.2872663e-02  2.2135172e-02  2.0395487e-02
  1.9179359e-02  1.8053275e-02  1.6044709e-02  1.3092030e-02  1.0035934e-02
  7.4584770e-03  5.5547895e-03  4.9225948e-03  6.5037083e-03  1.0136216e-02
  1.4067481e-02  1.6442495e-02  1.7307009e-02  1.8424736e-02  2.0948501e-02
  2.4268254e-02  2.7197326e-02  2.9466207e-02  3.1348585e-02  3.2510185e-02
  3.2163376e-02  3.0738535e-02  2.9957171e-02  3.0911940e-02  3.2986525e-02
  3.4973363e-02  3.6722031e-02  3.8842578e-02  4.1186671e-02  4.2573906e-02
  4.2467356e-02  4.1610780e-02  4.0783453e-02  4.0018803e-02  3.9101640e-02
  3.8499948e-02  3.8510394e-02  3.8209548e-02  3.6111982e-02  3.2127860e-02
  2.8026742e-02  2.5837251e-02  2.6014833e-02  2.7445942e-02  2.8611720e-02
  2.8935548e-02  2.9157004e-02  3.0514990e-02  3.3220516e-02  3.5462238e-02
  3.5025593e-02  3.1463491e-02  2.6821268e-02  2.3211115e-02  2.0830461e-02
  1.9001985e-02  1.8430586e-02  2.0552178e-02  2.4500157e-02  2.6725165e-02
  2.4450016e-02  1.9434033e-02  1.6528361e-02  1.8515617e-02  2.3645670e-02
  2.7890943e-02  2.9102685e-02  2.7916014e-02  2.5954246e-02  2.3885929e-02
  2.1535569e-02  1.8405724e-02  1.4243811e-02  9.6180926e-03  6.0096104e-03
  4.7051081e-03  5.0774052e-03  5.1189805e-03  3.9354434e-03  3.0654967e-03
  4.0359344e-03  5.5293012e-03  4.8691110e-03  2.0091507e-03  5.8504126e-04
  3.4716390e-03  9.1237856e-03  1.3475817e-02  1.4386713e-02  1.3023295e-02
  1.1150945e-02  8.8306696e-03  5.2671054e-03  7.4649535e-04 -3.4446882e-03
 -5.8556356e-03 -5.6028413e-03 -2.7621435e-03  9.4680873e-04  2.9647968e-03
  1.9455970e-03 -6.7452209e-04 -2.5166614e-03 -2.6380445e-03 -1.7418573e-03
  1.5675128e-04  4.1800898e-03  1.0297921e-02  1.5622898e-02  1.6683589e-02
  1.3091194e-02  8.2868484e-03  6.1009088e-03  7.3563146e-03  9.7787527e-03
  1.0540478e-02  8.5939622e-03  4.8670218e-03  1.3348793e-03 -3.7212995e-04
  1.9515303e-04  1.8996135e-03  3.0205787e-03  2.6902747e-03  1.7315575e-03
  1.5359657e-03  2.4475086e-03  3.3444061e-03  3.1336049e-03  2.0106132e-03
  9.3174553e-04  2.2751489e-04 -1.0894808e-03 -4.2774470e-03 -9.5600125e-03
 -1.5875065e-02 -2.1426930e-02 -2.4583725e-02 -2.4615063e-02 -2.2266792e-02
 -1.9379714e-02 -1.7734670e-02 -1.7825133e-02 -1.8977959e-02 -2.0668756e-02
 -2.3137992e-02 -2.6641596e-02 -3.0157735e-02 -3.2056826e-02 -3.2012953e-02
 -3.1565862e-02 -3.2253212e-02 -3.3571503e-02 -3.3751175e-02 -3.2673143e-02
 -3.2524809e-02 -3.5217800e-02 -3.9452627e-02 -4.1548104e-02 -3.9049410e-02
 -3.2691946e-02 -2.5210488e-02 -1.8791392e-02 -1.4198475e-02 -1.1310979e-02
 -9.7398935e-03 -9.3061736e-03 -1.0114071e-02 -1.2179045e-02 -1.4587903e-02
 -1.5695184e-02 -1.4722657e-02 -1.2762561e-02 -1.1431108e-02 -1.0862426e-02
 -9.7252690e-03 -7.7052126e-03 -6.1491695e-03 -6.1640029e-03 -6.5975138e-03
 -5.3855636e-03 -2.1086389e-03  1.7070093e-03  4.7295519e-03  7.2134127e-03
  9.5777708e-03  1.1044187e-02  1.0565967e-02  8.8007939e-03  7.9632299e-03
  9.7741565e-03  1.3559804e-02  1.7181030e-02  1.9051917e-02  1.9441972e-02
  1.9800481e-02  2.0593753e-02  2.0459835e-02  1.7752220e-02  1.2621540e-02
  7.3404366e-03  3.8249243e-03  2.0151259e-03  6.2429750e-04 -6.6181970e-04
 -1.0500575e-03 -3.7612034e-04 -3.1164734e-05 -1.5564609e-03 -4.7575473e-03
 -7.8391309e-03 -9.2894599e-03 -9.0642432e-03 -8.4648491e-03 -8.8680664e-03
 -1.0513110e-02 -1.2188029e-02 -1.2171942e-02 -1.0300846e-02 -8.5494620e-03
 -9.4160660e-03 -1.3095790e-02 -1.6999687e-02 -1.7971378e-02 -1.5143215e-02
 -1.0712003e-02 -7.9137157e-03 -7.9720046e-03 -8.8235663e-03 -7.1618093e-03
 -2.2841325e-03  2.6102580e-03  3.6577875e-03  4.8749608e-04 -3.4158571e-03
 -4.7009297e-03 -3.2340959e-03 -1.2877677e-03 -9.5744281e-04 -3.0807479e-03
 -7.2088165e-03 -1.1367179e-02 -1.2906926e-02 -1.1274627e-02 -9.6126606e-03
 -1.1526376e-02 -1.6222710e-02 -1.8795780e-02 -1.6400501e-02 -1.2508305e-02
 -1.2895853e-02 -1.8295623e-02 -2.3156795e-02 -2.1957589e-02 -1.5373237e-02
 -9.2370208e-03 -8.0240259e-03 -1.0581636e-02 -1.2360180e-02 -1.1026846e-02
 -8.7663219e-03 -8.7947352e-03 -1.0828163e-02 -1.1454716e-02 -9.0742714e-03
 -6.5143633e-03 -7.3652982e-03 -1.1178941e-02 -1.3945263e-02 -1.3105818e-02
 -1.0186775e-02 -7.8809151e-03 -6.8018385e-03 -5.7077196e-03 -3.9107908e-03
 -1.9342108e-03 -1.1692677e-03 -3.7710227e-03 -1.1444897e-02 -2.2814165e-02
 -3.2432884e-02 -3.5169748e-02 -3.1712107e-02 -2.7893032e-02 -2.7953620e-02
 -3.0044918e-02 -2.9683485e-02 -2.6286431e-02 -2.3620600e-02 -2.4592082e-02
 -2.7506529e-02 -2.8225217e-02 -2.5064243e-02 -2.0350360e-02 -1.7534733e-02
 -1.7712943e-02 -1.8788259e-02 -1.7768933e-02 -1.3846861e-02 -9.1620182e-03
 -6.7063616e-03 -7.1382012e-03 -7.9293847e-03 -6.3115011e-03 -2.5241826e-03
  5.1254570e-05 -1.3533688e-03 -5.8848846e-03 -1.0191998e-02 -1.2419304e-02
 -1.3988092e-02 -1.6873916e-02 -2.0493262e-02 -2.1972214e-02 -1.9800272e-02
 -1.5908493e-02 -1.3647341e-02 -1.4199102e-02 -1.5947979e-02 -1.7022668e-02
 -1.7739058e-02 -1.9517393e-02 -2.2283506e-02 -2.4032174e-02 -2.3041889e-02
 -2.0123054e-02 -1.7756816e-02 -1.7335840e-02 -1.7887392e-02 -1.7750757e-02
 -1.6432048e-02 -1.4424945e-02 -1.1819701e-02 -8.3315575e-03 -4.4544030e-03
 -1.3400606e-03  1.0558028e-03  4.1704795e-03  8.5711898e-03  1.2013998e-02
  1.1492322e-02  7.2896689e-03  3.5067377e-03  4.1819701e-03  9.4208712e-03
  1.6051186e-02  2.1065497e-02  2.3699990e-02  2.4631777e-02  2.4736237e-02
  2.4978586e-02  2.6551760e-02  3.0130576e-02  3.4785334e-02  3.8347435e-02
  3.9097462e-02  3.7185835e-02  3.4419722e-02  3.2668965e-02  3.2253212e-02
  3.2106968e-02  3.1283819e-02  3.0134754e-02  2.9838086e-02  3.0634075e-02
  3.1248303e-02  3.0232947e-02  2.8035099e-02  2.6720986e-02  2.7633971e-02
  2.9687663e-02  3.0347853e-02  2.8269090e-02  2.4575368e-02  2.1614959e-02
  2.0734566e-02  2.1708973e-02  2.3656116e-02  2.5693095e-02  2.6921550e-02
  2.6296877e-02  2.3589261e-02  1.9925206e-02  1.6709913e-02  1.4317978e-02
  1.2374595e-02  1.1134858e-02  1.1689961e-02  1.4175702e-02  1.6961663e-02
  1.8533584e-02  1.9418782e-02  2.1096835e-02  2.2954142e-02  2.2055782e-02
  1.6747310e-02  9.6569518e-03  5.8439361e-03  8.0601692e-03  1.4031547e-02
  1.8506633e-02  1.7761412e-02  1.2271179e-02  5.8848846e-03  2.2206205e-03
  1.8482398e-03  2.9714823e-03  4.5005745e-03  7.1651520e-03  1.1206727e-02
  1.4186149e-02  1.3139873e-02  8.6079599e-03  4.7646506e-03  4.7512796e-03
  7.2514363e-03  8.6296877e-03  7.1200251e-03  3.8000627e-03  4.0536927e-04
 -1.9123577e-03 -2.4343466e-03 -1.2059125e-03 -1.1228037e-04 -1.8163376e-03
 -6.6923639e-03 -1.1717539e-02 -1.3228246e-02 -1.0412828e-02 -5.1904314e-03
 -7.1950277e-05  2.8323410e-03  1.3972214e-03 -5.3492113e-03 -1.4848846e-02
 -2.1520944e-02 -2.1190849e-02 -1.4829207e-02 -6.7780215e-03  6.7351927e-04
  9.2186357e-03  2.0455448e-02  3.0959992e-02  3.3550611e-02  2.4019639e-02
  6.2172778e-03 -1.0464013e-02 -1.8736655e-02 -1.8256973e-02 -1.3692677e-02
 -8.4550298e-03 -1.5710853e-03  8.8734984e-03  1.9467878e-02  2.0831087e-02
  5.8086284e-03 -2.0910895e-02 -4.3277969e-02 -4.6553849e-02 -3.0065810e-02
 -6.3196490e-03  1.2099237e-02  2.2258435e-02  2.7048992e-02  2.6286431e-02
  1.6052857e-02 -2.6484905e-03 -1.9479369e-02 -2.2381699e-02 -9.0203698e-03
  1.1614123e-02  2.7968244e-02  3.4536718e-02  3.2263658e-02  2.4199311e-02
  1.2559908e-02 -6.9595738e-04 -1.2904210e-02 -2.0489502e-02 -2.0129740e-02
 -1.0613392e-02  5.2021310e-03  2.0314217e-02  2.7136739e-02  2.2156064e-02
  8.1811344e-03 -7.4829207e-03 -1.7372193e-02 -1.7925833e-02 -1.0998224e-02
 -2.0055991e-03  4.4732059e-03  7.9298026e-03  1.0459208e-02  1.2657892e-02
  1.1925415e-02  5.7164943e-03 -4.3677008e-03 -1.2955604e-02 -1.5244542e-02
 -1.0561371e-02 -1.8832550e-03  6.7498172e-03  1.2017132e-02  1.2105923e-02
  7.0941189e-03 -6.2638671e-04 -7.2992792e-03 -1.0097148e-02 -8.9453672e-03
 -6.0727045e-03 -3.8284759e-03 -2.5868589e-03 -1.0607124e-03  1.4226261e-03
  3.3377207e-03  2.3048156e-03 -1.4657683e-03 -4.2638671e-03 -2.2293952e-03
  3.9646924e-03  8.6321947e-03  6.3576726e-03 -2.4404053e-03 -1.1552700e-02
 -1.5114384e-02 -1.3229500e-02 -1.1120234e-02 -1.3305338e-02 -1.9365507e-02
 -2.4976496e-02 -2.5918730e-02 -2.1387235e-02 -1.4325917e-02 -9.4340332e-03
 -9.9586337e-03 -1.5315784e-02 -2.1600334e-02 -2.4788468e-02 -2.3651938e-02
 -1.9149274e-02 -1.2551760e-02 -5.1465580e-03  6.4276611e-04  1.8087956e-03
 -2.2170688e-03 -8.2776559e-03 -1.2138932e-02 -1.2349525e-02 -1.0749608e-02
 -9.2696125e-03 -7.3855636e-03 -2.8682754e-03  5.0755249e-03  1.3826805e-02
  1.8733312e-02  1.6876632e-02  9.9926878e-03  3.0788676e-03  8.5097671e-05
  8.9154915e-04  3.0297712e-03  5.0481563e-03  7.0514990e-03  8.5910373e-03
  7.6767993e-03  3.1118772e-03 -3.0991330e-03 -6.9459939e-03 -6.2592709e-03
 -2.7003029e-03  2.4552387e-04  9.9199833e-04  1.3641283e-03  4.0854487e-03
  9.3203802e-03  1.3657370e-02  1.3266479e-02  7.7735297e-03  9.6379400e-04
 -2.6591455e-03 -2.0625927e-03 -1.4949755e-04 -3.9089105e-04 -3.5351509e-03
 -7.3076361e-03 -9.1653609e-03 -8.5989763e-03 -7.1346495e-03 -6.1197117e-03
 -5.2541523e-03 -3.5656534e-03 -1.2638253e-03  1.4005014e-04 -2.2143529e-04
 -1.3309725e-03 -1.4082942e-03 -3.4288102e-05  1.5641074e-03  2.1901180e-03
  2.1575264e-03  2.5588635e-03  3.6782618e-03  4.1094746e-03  2.0720568e-03
 -2.6436854e-03 -7.4043664e-03 -8.6041993e-03 -5.0759428e-03  3.9732581e-04
  3.6563251e-03  3.2942651e-03  1.8998224e-03  2.5551029e-03  4.9161182e-03
  6.0353076e-03  4.4312128e-03  2.1090567e-03  1.5972631e-03  2.3123368e-03
  1.3815732e-03 -1.6589993e-03 -3.2480936e-03  2.5271075e-05  6.1414395e-03
  8.8164630e-03  4.5789199e-03 -3.1898047e-03 -8.1157422e-03 -7.8796615e-03
 -5.4593127e-03 -4.5053797e-03 -4.9426512e-03 -4.1531390e-03 -9.3987256e-04
  2.9317873e-03  4.4243184e-03  1.9219471e-03 -3.4081270e-03 -8.1997284e-03
 -9.5648177e-03 -7.8180299e-03 -6.1610780e-03 -6.7633971e-03 -8.0988196e-03
 -7.4442703e-03 -5.3086807e-03 -5.1181448e-03 -8.1742401e-03 -1.1185417e-02
 -1.0351614e-02 -6.5103938e-03 -4.0008357e-03 -5.3663428e-03 -8.7370730e-03
 -1.0805808e-02 -1.0630523e-02 -9.8715136e-03 -1.0160033e-02 -1.1465789e-02
 -1.2487621e-02 -1.2072913e-02 -1.0700721e-02 -1.0405724e-02 -1.2474668e-02
 -1.5307009e-02 -1.5760159e-02 -1.3146349e-02 -1.0487413e-02 -1.0536718e-02
 -1.1843100e-02 -1.0740207e-02 -6.6451478e-03 -2.8195968e-03 -1.7617466e-03
 -2.1702706e-03 -1.6811867e-03 -2.4949337e-04  8.0814792e-04  1.8657892e-03
  4.1951321e-03  6.9284446e-03  7.2976079e-03  4.4351823e-03  6.0012535e-04
 -1.9930429e-03 -3.6137052e-03 -5.4739371e-03 -7.0947456e-03 -7.2044291e-03
 -5.8476966e-03 -4.1769560e-03 -2.5808002e-03 -6.7084509e-04  8.6524600e-04
  8.6037815e-04 -1.4729552e-04  1.1699363e-04  2.5958425e-03  5.2838191e-03
  5.9369059e-03  5.0790766e-03  4.8943905e-03  5.4875170e-03  4.0162958e-03
 -1.8092134e-03 -1.0238170e-02 -1.6273060e-02 -1.6173613e-02 -1.1331035e-02
 -7.0272642e-03 -6.5837251e-03 -7.2921759e-03 -3.7215084e-03  4.6219576e-03
  1.0736028e-02  7.6185104e-03 -3.2643894e-03 -1.3354225e-02 -1.6292071e-02
 -1.3484592e-02 -9.5850830e-03 -6.3436749e-03 -3.1173091e-03 -1.0881855e-03
 -3.1283819e-03 -9.3431526e-03 -1.5647759e-02 -1.7807793e-02 -1.5673666e-02
 -1.2297921e-02 -9.8497859e-03 -7.7754100e-03 -4.4892928e-03 -5.8995090e-04
  4.8175076e-04 -4.5360911e-03 -1.4147498e-02 -2.1529301e-02 -2.0023608e-02
 -1.0334065e-02 -1.6559908e-04  3.9283401e-03  3.0249661e-03  2.6750235e-03
  5.1530346e-03  7.3168286e-03  6.1591977e-03  3.7296563e-03  4.2922804e-03
  8.7602632e-03  1.3736969e-02  1.5795884e-02  1.4817716e-02  1.2881646e-02
  1.1409798e-02  1.0177165e-02  8.5555207e-03  6.6944531e-03  5.2522720e-03
  4.7976601e-03  5.3155751e-03  5.9233260e-03  5.3788781e-03  2.9792124e-03
 -5.1277551e-04 -3.3164107e-03 -4.3994568e-03 -4.2256346e-03 -3.6928862e-03
 -2.6215397e-03 -2.1834326e-04  3.0076256e-03  4.8273269e-03  3.5796511e-03
  5.5163481e-04 -1.2197848e-03 -2.9767053e-04  1.6115951e-03  1.8303771e-03
 -6.0708242e-05 -1.7870678e-03 -1.2392980e-03  1.0143111e-03  2.3252899e-03
  8.8312964e-04 -2.7433406e-03 -6.5047530e-03 -9.2483025e-03 -1.1229709e-02
 -1.2790766e-02 -1.3320798e-02 -1.2173404e-02 -9.9949859e-03 -8.5642954e-03
 -9.2574950e-03 -1.2151259e-02 -1.6346809e-02 -2.0646192e-02 -2.3507782e-02
 -2.3664473e-02 -2.1230544e-02 -1.7870678e-02 -1.5258540e-02 -1.3722344e-02
 -1.3174345e-02 -1.4346809e-02 -1.8481772e-02 -2.4846965e-02 -3.0343675e-02
 -3.2188447e-02 -3.0443957e-02 -2.7560848e-02 -2.5381803e-02 -2.3756398e-02
 -2.1802988e-02 -1.9413768e-02 -1.7294474e-02 -1.5938159e-02 -1.5315157e-02
 -1.4871409e-02 -1.3739685e-02 -1.1096626e-02 -6.9873603e-03 -2.8780946e-03
 -7.7361329e-04 -1.1528883e-03 -2.3998746e-03 -2.1207563e-03  6.7216129e-04
  4.8563669e-03  8.5469550e-03  1.0636582e-02  1.1604095e-02  1.2780946e-02
  1.5065288e-02  1.7603886e-02  1.8002925e-02  1.4407187e-02  7.8938682e-03
  2.0988196e-03 -8.8064348e-07  1.2063721e-03  2.8473833e-03  2.9622898e-03
  2.3292594e-03  2.8033010e-03  5.0730179e-03  8.2404680e-03  1.1048574e-02
  1.2629897e-02  1.2311292e-02  9.9728403e-03  6.9459939e-03  5.4603573e-03
  6.9221770e-03  1.0448971e-02  1.3646715e-02  1.4719524e-02  1.3757652e-02
  1.2152512e-02  1.1325603e-02  1.1396219e-02  1.1317246e-02  1.0355583e-02
  9.4089627e-03  1.0257808e-02  1.3066750e-02  1.5367179e-02  1.4600021e-02
  1.1155124e-02  7.9644834e-03  7.1227410e-03  8.0616317e-03  9.4643268e-03
  1.1211324e-02  1.3437167e-02  1.5169121e-02  1.5150736e-02  1.3740938e-02
  1.2824820e-02  1.3569623e-02  1.5226993e-02  1.6435600e-02  1.6312964e-02
  1.4454403e-02  1.0650998e-02  5.4710122e-03  7.2506006e-04 -1.8963961e-03
 -2.1086389e-03 -1.0940771e-03 -1.0946203e-04  3.3652982e-04  3.0404262e-04
 -2.2233365e-04 -1.4218949e-03 -3.3995613e-03 -5.7361329e-03 -7.5938577e-03
 -8.4040531e-03 -8.5709809e-03 -9.2167555e-03 -1.1029353e-02 -1.3335840e-02
 -1.4519795e-02 -1.3130471e-02 -9.1973258e-03 -4.7406247e-03 -2.5131098e-03
 -3.6671890e-03 -6.4218113e-03 -7.8600230e-03 -7.4277656e-03 -7.1749713e-03
 -8.1042515e-03 -7.7317455e-03 -3.0947456e-03  4.7590097e-03  1.1176434e-02
  1.3284864e-02  1.2804972e-02  1.3148020e-02  1.5271284e-02  1.7320380e-02
  1.7678471e-02  1.6615481e-02  1.5402486e-02  1.4743550e-02  1.4324036e-02
  1.3051917e-02  1.0283297e-02  7.2455865e-03  6.4523138e-03  8.8607542e-03
  1.2047425e-02  1.2705735e-02  1.0940144e-02  1.0057453e-02  1.1957589e-02
  1.4456492e-02  1.4590828e-02  1.3094955e-02  1.3275880e-02  1.6073749e-02
  1.8138515e-02  1.6059960e-02  1.0808942e-02  6.6802465e-03  6.2469445e-03
  8.1332915e-03  9.5107072e-03  9.3920401e-03  8.7648595e-03  8.4667293e-03
  8.4232738e-03  8.7836624e-03  1.0401128e-02  1.3380341e-02  1.6104878e-02
  1.6944323e-02  1.6646819e-02  1.7412514e-02  1.9657370e-02  2.0752951e-02
  1.7986420e-02  1.2437898e-02  8.2358717e-03  7.8790348e-03  9.5426721e-03
  9.3953828e-03  6.0915074e-03  1.8151468e-03 -6.2091298e-04 -2.8881228e-04
  1.6143738e-03  3.3531808e-03  3.9997911e-03  3.8234618e-03  3.9314739e-03
  5.2965633e-03  7.5443435e-03  9.1191894e-03  8.9432780e-03  7.7202549e-03
  6.8264912e-03  6.5762039e-03  5.9818239e-03  4.2655385e-03  1.9058602e-03
 -7.9621853e-05 -8.5312859e-04 -1.0045545e-04  1.4603155e-03  1.7345033e-03
 -1.0135590e-03 -5.3324976e-03 -7.1678680e-03 -4.6489084e-03 -1.2472788e-03
 -1.6009401e-03 -5.3059647e-03 -7.2303353e-03 -4.5164525e-03 -3.3621644e-04
  6.7203593e-04 -1.7606184e-03 -4.3877572e-03 -5.1145931e-03 -4.6445210e-03
 -4.3238274e-03 -5.2000418e-03 -8.1857307e-03 -1.2502873e-02 -1.4605662e-02
 -1.1636060e-02 -6.0332184e-03 -3.3627912e-03 -5.1206518e-03 -6.9088060e-03
 -5.4946203e-03 -3.7064661e-03 -5.4643268e-03 -9.2416170e-03 -1.0505589e-02
 -8.9712734e-03 -8.4541941e-03 -1.0301055e-02 -1.1489606e-02 -1.0194296e-02
 -9.0634075e-03 -1.0834848e-02 -1.3758487e-02 -1.4093597e-02 -1.1241408e-02
 -7.7160765e-03 -5.3874439e-03 -4.1362164e-03 -3.8121801e-03 -4.8647237e-03
 -6.9493367e-03 -8.5551029e-03 -8.1859396e-03 -5.7967199e-03 -2.8985689e-03
 -1.5713987e-03 -2.8323410e-03 -5.1557505e-03 -5.9226993e-03 -4.9691842e-03
 -5.1375744e-03 -7.6995717e-03 -9.4687141e-03 -7.1379923e-03 -2.8920923e-03
 -2.0571190e-03 -5.3218427e-03 -7.4645357e-03 -5.1630628e-03 -2.4274522e-03
 -5.0036561e-03 -1.2292280e-02 -1.8114698e-02 -1.8685470e-02 -1.6307741e-02
 -1.5069048e-02 -1.6207250e-02 -1.8587486e-02 -2.1161600e-02 -2.3123368e-02
 -2.3064870e-02 -2.0267837e-02 -1.6363731e-02 -1.3880706e-02 -1.3118145e-02
 -1.2041366e-02 -9.6176747e-03 -7.2391100e-03 -6.4610885e-03 -6.4907552e-03
 -5.6224799e-03 -4.3954873e-03 -4.8734984e-03 -6.8628434e-03 -7.1609736e-03
 -3.8535464e-03  2.9219680e-04  1.0714092e-03 -1.5454925e-03 -3.6534002e-03
 -3.0082524e-03 -1.8394443e-03 -2.4807270e-03 -3.4212890e-03 -1.5485637e-03
  2.7032278e-03  5.3838922e-03  3.9502768e-03  4.5216755e-04 -1.4148961e-03
 -2.7458477e-04  2.1226366e-03  3.5178105e-03  3.2671054e-03  2.8223128e-03
  4.2774470e-03  8.1418573e-03  1.2289982e-02  1.4090881e-02  1.3572130e-02
  1.3516975e-02  1.5736551e-02  1.8434347e-02  1.8633239e-02  1.6275985e-02
  1.4216024e-02  1.4431422e-02  1.6038441e-02  1.6927191e-02  1.6529406e-02
  1.5503604e-02  1.4432884e-02  1.3452000e-02  1.2336781e-02  1.0054737e-02
  4.9447404e-03 -2.7980779e-03 -9.1492740e-03 -8.7673666e-03 -9.1948188e-04
  7.8412201e-03  9.1960723e-03  1.4242557e-03 -8.6815001e-03 -1.2772172e-02
 -9.4866813e-03 -4.6449389e-03 -3.7827222e-03 -6.1073854e-03 -6.7859605e-03
 -3.4398830e-03  1.4477384e-03  4.2707615e-03  4.3560013e-03  3.3487935e-03
  2.5517602e-03  2.2931161e-03  3.3815941e-03  6.4897106e-03  1.0735402e-02
  1.3544761e-02  1.3062781e-02  9.0648699e-03  2.1495874e-03 -6.1121905e-03
 -1.2159407e-02 -1.2012117e-02 -6.3286326e-03 -1.8120547e-03 -4.5968871e-03
 -1.2513319e-02 -1.7123159e-02 -1.3877781e-02 -7.5497754e-03 -6.1142797e-03
 -1.1561057e-02 -1.9177060e-02 -2.3816985e-02 -2.3936070e-02 -2.0509140e-02
 -1.5287162e-02 -1.0693409e-02 -8.8375640e-03 -9.0911940e-03 -8.4466729e-03
 -5.9318918e-03 -4.2995926e-03 -5.7791706e-03 -8.0668547e-03 -6.8229395e-03
 -1.6738118e-03  3.5501933e-03  6.1562729e-03  7.1912671e-03  8.1669278e-03
  7.9755563e-03  5.3155751e-03  2.3267523e-03  2.9439047e-03  8.1995195e-03
  1.4562206e-02  1.7633553e-02  1.5753264e-02  1.0925311e-02  6.7260002e-03
  5.5940666e-03  6.9163272e-03  7.8044500e-03  6.7030189e-03  5.8259689e-03
  8.3614332e-03  1.3469132e-02  1.6347853e-02  1.4320485e-02  1.0676486e-02
  1.0474250e-02  1.4027578e-02  1.7012431e-02  1.6676486e-02  1.4844249e-02
  1.4343675e-02  1.4755876e-02  1.3821999e-02  1.1137783e-02  8.0048052e-03
  4.7523242e-03  9.9126711e-04 -1.8417424e-03 -8.8918834e-04  3.8188656e-03
  8.1683903e-03  8.7773948e-03  7.1423796e-03  7.1981615e-03  1.0680455e-02
  1.8083359e-02  3.1411261e-02  5.0993419e-02  6.7732163e-02  6.4109475e-02
  2.7149274e-02 -3.8309830e-02 -1.0789930e-01 -1.4777604e-01 -1.3111041e-01
 -5.6974825e-02  3.9139246e-02  1.0156064e-01  9.6053484e-02  4.0455448e-02
 -1.2870365e-02 -2.7847070e-02 -1.3468087e-02 -1.1540583e-03 -4.1754936e-03
 -9.0375013e-03 -7.9185208e-04  1.6399457e-02  2.6562206e-02  2.0668129e-02
  2.8053902e-03 -1.7405411e-02 -3.2890421e-02 -4.1040426e-02 -4.1516766e-02
 -3.2535255e-02 -1.0523556e-02  2.2906090e-02  5.3207981e-02  5.9600961e-02
  3.5873812e-02  1.2871618e-03 -1.7126919e-02 -1.3006999e-02 -4.3532853e-03
 -7.7290296e-03 -1.6925729e-02 -1.3852293e-02  4.1238901e-03  1.7431735e-02
  7.0698840e-03 -2.1708973e-02 -4.3472266e-02 -3.9619764e-02 -1.7198997e-02
  3.1450956e-04 -1.5027055e-03 -1.4421394e-02 -1.9768933e-02 -1.0304816e-02
  3.5598036e-03  8.4617152e-03  4.0576622e-03  7.9097462e-04  5.4542985e-03
  1.4127651e-02  1.9510498e-02  2.0149796e-02  1.9920401e-02  0.0000000e+00
  0.0000000e+00  0.0000000e+00  0.0000000e+00  0.0000000e+00  0.0000000e+00
