Scaled from
PEER NGA STRONG MOTION DATABASE RECORD
ACCELERATION TIME SERIES IN UNITS OF G
NPTS= 3908.000000, DT= 0.010000, Scalar= 1.000000
  7.3485745e-03  9.2759309e-03  1.2330819e-02  1.5607224e-02  1.7151747e-02
  1.6823362e-02  1.6373905e-02  1.6710068e-02  1.5999188e-02  1.2066015e-02
  6.0181271e-03  2.2057560e-03  3.4681592e-03  7.9322940e-03  1.1006798e-02
  1.0758227e-02  9.8254929e-03  1.1812371e-02  1.6095235e-02  1.7578545e-02
  1.2355846e-02  3.5087423e-03 -1.0290507e-03  3.0318577e-03  1.1160675e-02
  1.5342419e-02  1.3663972e-02  1.1481957e-02  1.2783659e-02  1.3743109e-02
  8.3594305e-03 -1.7369881e-03 -7.5034665e-03 -3.1609794e-03  6.6789543e-03
  1.2813758e-02  1.2142108e-02  9.4558490e-03  9.6902161e-03  1.1917887e-02
  1.2232744e-02  9.8085833e-03  7.4449592e-03  7.0347323e-03  7.1074436e-03
  5.8111536e-03  3.8902229e-03  3.8421996e-03  6.4320741e-03  9.4047820e-03
  9.9205249e-03  7.8585681e-03  5.7763198e-03  5.8493693e-03  7.4923061e-03
  7.8670229e-03  5.4022794e-03  2.2526633e-03  2.3856404e-03  6.6667794e-03
  1.1431567e-02  1.2329467e-02  9.4818898e-03  6.4932869e-03  5.1760289e-03
  3.2346038e-03 -1.4457033e-03 -6.6901146e-03 -8.2285502e-03 -5.4377896e-03
 -1.8214346e-03  8.3215530e-05  1.7060097e-03  5.0201224e-03  8.6769928e-03
  9.5948460e-03  7.5521661e-03  5.4090433e-03  5.0380466e-03  4.8280294e-03
  2.1412628e-03 -2.9017552e-03 -7.0587440e-03 -7.2082248e-03 -3.2095776e-03
  1.7960702e-03  3.3579763e-03 -8.9965843e-04 -8.7622172e-03 -1.3966654e-02
 -1.0974669e-02 -2.5013020e-04  1.0716291e-02  1.3385640e-02  6.4094153e-03
 -2.7620481e-03 -5.2683554e-03  5.6315736e-04  8.7304271e-03  1.2889851e-02
  1.1672698e-02  6.8507559e-03 -5.2825594e-04 -9.7402685e-03 -1.7683385e-02
 -1.9746356e-02 -1.4620041e-02 -6.2315263e-03 -2.3925733e-04  8.9972606e-04
 -2.3691366e-04  7.4094491e-04  5.2027461e-03  9.3016335e-03  7.3394433e-03
 -1.6708377e-03 -1.1889817e-02 -1.6006629e-02 -1.2330481e-02 -5.2707227e-03
  5.8033752e-04  4.0353072e-03  5.5165883e-03  3.8763570e-03 -2.3951774e-03
 -1.1868849e-02 -1.9429132e-02 -1.9820758e-02 -1.2398796e-02 -3.0435930e-03
  1.2960871e-04 -5.1553992e-03 -1.2212452e-02 -1.2663939e-02 -6.4100917e-03
 -6.5930535e-04  4.7972539e-04  3.9051033e-04  2.0329061e-03  9.9746356e-04
 -7.5497988e-03 -1.9177517e-02 -2.3958876e-02 -2.0101119e-02 -1.5941019e-02
 -1.7298860e-02 -1.8495722e-02 -1.1153911e-02  3.5381650e-03  1.5813859e-02
  1.8242078e-02  1.0521154e-02 -4.4296391e-03 -2.2481315e-02 -3.7170686e-02
 -4.2656160e-02 -4.0025026e-02 -3.5280192e-02 -2.9489668e-02 -1.6308296e-02
  5.9156549e-03  2.5864250e-02  2.9781866e-02  1.7813589e-02  1.7153438e-03
 -1.1502925e-02 -2.4700869e-02 -3.7880889e-02 -4.0907707e-02 -2.5752646e-02
  7.6187899e-04  2.3570631e-02  3.3672089e-02  2.9677365e-02  1.1203287e-02
 -1.7601542e-02 -4.1188407e-02 -4.3613244e-02 -2.9665866e-02 -2.2605093e-02
 -3.4455004e-02 -4.8699652e-02 -4.1956103e-02 -1.5887585e-02  5.3711657e-03
  6.6529135e-03 -1.6307619e-03 -8.9255639e-04  1.1163042e-02  1.8808888e-02
  7.9678041e-03 -1.5660320e-02 -3.0186006e-02 -2.2077175e-02 -6.0945585e-03
 -1.2162400e-02 -4.8033413e-02 -8.4247015e-02 -8.6952552e-02 -5.7215327e-02
 -2.2967973e-02  4.0704792e-04  1.9411546e-02  3.4106666e-02  2.7232913e-02
 -6.4631878e-03 -3.9615814e-02 -4.0265143e-02 -9.9431837e-03  2.0357807e-02
  2.5529440e-02  5.8480165e-03 -1.9993574e-02 -3.0268524e-02 -1.8010078e-02
 -2.4482397e-03 -1.1273631e-02 -4.4786770e-02 -7.7013088e-02 -9.9411546e-02
 -1.2903717e-01 -1.5276472e-01 -1.0925293e-01  2.3795529e-02  1.5810815e-01
  1.8013460e-01  9.3760357e-02  4.5916331e-04 -6.2514796e-02 -1.6374920e-01
 -3.1843485e-01 -3.8881937e-01 -2.4195610e-01  4.4519598e-02  2.4311610e-01
  2.3545943e-01  1.1652406e-01  3.2304102e-02  1.2444790e-02  9.4216916e-04
 -4.0745375e-02 -1.3166830e-01 -2.9513003e-01 -4.7363793e-01 -4.5933241e-01
 -6.4537184e-02  5.7654976e-01  9.9245832e-01  8.0209003e-01  1.4857452e-01
 -4.0911089e-01 -4.8199127e-01 -2.3934526e-01 -1.3628462e-01 -3.2545910e-01
 -4.8581284e-01 -2.6058034e-01  2.6793601e-01  6.4729954e-01  5.4787108e-01
  8.1463695e-02 -3.5946430e-01 -4.8320877e-01 -3.0118367e-01 -4.4178024e-02
  5.8946870e-02 -3.9409517e-02 -1.8731780e-01 -1.9859312e-01 -5.3177314e-02
  9.0997328e-02  9.6509858e-02  6.3130305e-03 -3.6517975e-02  1.4714059e-02
  5.9822787e-02 -1.1261118e-02 -1.8609693e-01 -3.4072847e-01 -3.4796577e-01
 -1.7801414e-01  6.6299165e-02  2.1030471e-01  1.4790152e-01 -5.6532179e-02
 -2.2536778e-01 -2.3624066e-01 -1.1847205e-01  1.0235043e-02  6.7912341e-02
  5.9437248e-02  3.7491968e-02  3.7475058e-02  4.4025838e-02  1.5311982e-02
 -5.4584193e-02 -1.1253340e-01 -1.1007136e-01 -7.4324461e-02 -7.4138456e-02
 -1.2113362e-01 -1.5596740e-01 -1.4009266e-01 -1.0257026e-01 -6.9961784e-02
 -1.1074436e-02  9.6046535e-02  1.8489973e-01  1.5814197e-01  1.4324123e-02
 -1.3744800e-01 -1.9394636e-01 -1.5070851e-01 -8.0520139e-02 -5.5801684e-02
 -9.3310562e-02 -1.4131016e-01 -1.1959485e-01 -5.5686699e-03  1.1665596e-01
  1.3051845e-01  2.2347391e-02 -8.9874531e-02 -8.3242585e-02  3.5040076e-02
  1.3742771e-01  1.0940512e-01 -3.6000541e-02 -1.6837905e-01 -1.6663736e-01
 -4.6684027e-02  5.1212418e-02  2.3877372e-02 -7.1321316e-02 -1.0041259e-01
 -3.7268761e-02  1.3104941e-02 -1.9004024e-02 -7.0063242e-02 -5.7181508e-02
 -9.8068924e-03 -1.0199533e-02 -5.5537894e-02 -6.8115256e-02 -1.8399337e-02
  4.7018837e-02  9.1697386e-02  1.2121140e-01  1.2724475e-01  8.4040718e-02
  1.7680003e-02 -1.8798742e-03  2.9327336e-02  2.0802530e-02 -8.4081301e-02
 -2.1470121e-01 -2.6302208e-01 -2.1393013e-01 -1.2534749e-01 -2.7505834e-02
  7.9924921e-02  1.6161859e-01  1.6445264e-01  9.6462511e-02  1.4476648e-02
 -6.2234097e-02 -1.4744158e-01 -2.0028408e-01 -1.4460753e-01 -8.1196523e-03
  6.1412290e-02 -1.3886503e-02 -1.2170516e-01 -1.2309852e-01 -6.6194325e-02
 -1.0516419e-01 -2.3394772e-01 -2.5716798e-01 -6.7151409e-02  1.8653996e-01
  2.9532619e-01  2.5927492e-01  2.3405932e-01  2.6852447e-01  2.4551726e-01
  9.2688288e-02 -8.5187189e-02 -1.4737732e-01 -9.3165139e-02 -1.6464879e-02
  4.3738375e-02  1.0537049e-01  1.3717069e-01  7.3093442e-02 -5.3978829e-02
 -1.0166390e-01  1.9658088e-03  1.4089756e-01  1.4576076e-01  6.6600156e-03
 -1.2508032e-01 -1.3603436e-01 -7.3120498e-02 -4.6599479e-02 -7.2373093e-02
 -6.4658933e-02  3.4745849e-02  1.7212283e-01  2.4194596e-01  2.0183300e-01
  1.0199195e-01  9.0990564e-03 -6.7401671e-02 -1.5505428e-01 -2.4318036e-01
 -2.6248774e-01 -1.5484460e-01  4.7522743e-02  2.2274341e-01  2.4004870e-01
  5.4685651e-02 -2.4437756e-01 -4.7218371e-01 -4.7113531e-01 -2.4146572e-01
  5.0901282e-02  2.2219892e-01  2.2965606e-01  1.7027292e-01  1.4077919e-01
  1.4369441e-01  1.3782001e-01  1.2917583e-01  1.6688085e-01  2.6509520e-01
  3.7153776e-01  4.2003450e-01  3.8956339e-01  3.0172816e-01  1.8093273e-01
  3.4498969e-02 -1.3126585e-01 -2.8496060e-01 -3.6467246e-01 -3.0982786e-01
 -1.1883391e-01  1.1852954e-01  2.6781088e-01  2.5906524e-01  1.5589638e-01
  9.8853529e-02  1.6650546e-01  2.9591802e-01  3.4539552e-01  2.3238189e-01
  1.0313842e-02 -1.7778417e-01 -2.1401468e-01 -9.1092022e-02  9.3077209e-02
  2.2041665e-01  2.4150969e-01  1.8780141e-01  1.0917177e-01  2.5587609e-02
 -5.1499882e-02 -8.8197098e-02 -6.0560046e-02 -7.6668132e-03 -6.8713856e-03
 -8.8920829e-02 -2.0675708e-01 -2.8951267e-01 -2.9204234e-01 -1.9500829e-01
 -1.0572221e-02  1.9531942e-01  3.3903751e-01  4.0187358e-01  4.2923332e-01
  4.3102574e-01  3.6003923e-01  2.3392742e-01  1.8416247e-01  2.9015185e-01
  4.3778958e-01  4.6954581e-01  4.2006831e-01  4.3822923e-01  4.9014170e-01
  3.5219318e-01 -2.4263249e-02 -3.3219926e-01 -2.5654909e-01  1.1349386e-01
  3.9984443e-01  4.0397037e-01  2.7618452e-01  2.3314282e-01  3.0003044e-01
  3.8479489e-01  4.4752951e-01  4.9169739e-01  4.8780818e-01  4.1340593e-01
  3.2018668e-01  2.8026311e-01  3.0250938e-01  3.6162873e-01  4.5855457e-01
  5.7925530e-01  6.3982549e-01  5.6795969e-01  4.1929047e-01  3.2262166e-01
  3.1326051e-01  3.0851568e-01  2.5973824e-01  2.3643681e-01  3.1752173e-01
  4.7103385e-01  5.9964828e-01  6.5896716e-01  6.7479455e-01  6.7337414e-01
  6.5514559e-01  6.2758294e-01  6.1398762e-01  6.2213805e-01  6.3441442e-01
  6.3069431e-01  6.0076431e-01  5.4026176e-01  4.5821638e-01  3.8506544e-01
  3.4333254e-01  3.1180967e-01  2.4597044e-01  1.4139132e-01  5.2839122e-02
  3.7968819e-02  9.7125368e-02  1.7848422e-01  2.3131996e-01  2.4624438e-01
  2.5164192e-01  2.7858568e-01  3.2691332e-01  3.6805438e-01  3.8425378e-01
  3.9362170e-01  4.1935811e-01  4.4708986e-01  4.4401231e-01  4.2006831e-01
  4.2926714e-01  4.9267814e-01  5.5592005e-01  5.5537894e-01  4.9890088e-01
  4.4025838e-01  3.9199838e-01  3.1743380e-01  2.1154588e-01  1.3271670e-01
  1.2626399e-01  1.5275796e-01  1.2912848e-01  2.2812067e-02 -1.2492813e-01
 -2.5615340e-01 -3.4471913e-01 -3.9281004e-01 -4.1080185e-01 -4.1022693e-01
 -3.9930332e-01 -3.7853833e-01 -3.5006257e-01 -3.3197944e-01 -3.4979201e-01
 -4.1103859e-01 -4.9707464e-01 -5.8121681e-01 -6.4777301e-01 -6.9704758e-01
 -7.4398864e-01 -8.0925970e-01 -8.9597213e-01 -9.7318137e-01 -1.0000000e+00
 -9.7216680e-01 -9.3303798e-01 -9.2904731e-01 -9.5924786e-01 -9.7078021e-01
 -8.9756164e-01 -7.0898576e-01 -4.3958199e-01 -1.7927559e-01 -1.5902465e-02
  3.0418682e-02  1.6237614e-02  1.5400588e-02  5.8375326e-02  1.2832358e-01
  1.9642531e-01  2.4412730e-01  2.6343130e-01  2.5552775e-01  2.2929081e-01
  1.9173797e-01  1.4464135e-01  9.7050966e-02  6.6140214e-02  4.9768338e-02
  1.3439751e-02 -6.6772634e-02 -1.5575096e-01 -1.8813622e-01 -1.5101289e-01
 -1.0414962e-01 -1.0076770e-01 -1.2003788e-01 -1.0493084e-01 -4.4154351e-02
  1.9284386e-02  5.3424194e-02  7.3979506e-02  1.0671988e-01  1.4024147e-01
  1.3218574e-01  5.1009503e-02 -9.7067875e-02 -2.7206534e-01 -4.2314586e-01
 -5.1723088e-01 -5.5767865e-01 -5.7428388e-01 -5.9176841e-01 -6.1219520e-01
 -6.2717711e-01 -6.3475261e-01 -6.3715378e-01 -6.3194562e-01 -6.1581386e-01
 -5.9383138e-01 -5.7384423e-01 -5.5389090e-01 -5.2396091e-01 -4.8229565e-01
 -4.4218607e-01 -4.1800534e-01 -4.0941527e-01 -4.0363218e-01 -3.9352024e-01
 -3.8851500e-01 -4.0522168e-01 -4.4854408e-01 -5.1009503e-01 -5.8612060e-01
 -6.8507559e-01 -8.0317224e-01 -8.9647942e-01 -9.0077446e-01 -7.9248537e-01
 -6.2190132e-01 -4.7353647e-01 -3.9581995e-01 -3.7691501e-01 -3.7874125e-01
 -3.7742230e-01 -3.6856167e-01 -3.5226081e-01 -3.2530015e-01 -2.8488282e-01
 -2.3332882e-01 -1.8087524e-01 -1.4562887e-01 -1.4432345e-01 -1.7833880e-01
 -2.3157023e-01 -2.8519734e-01 -3.3137746e-01 -3.7015117e-01 -3.9991207e-01
 -4.1871555e-01 -4.3119483e-01 -4.4719132e-01 -4.7340120e-01 -5.1107579e-01
 -5.5997836e-01 -6.1578004e-01 -6.6383713e-01 -6.8429774e-01 -6.6982313e-01
 -6.3306165e-01 -5.9163313e-01 -5.4891948e-01 -4.9660117e-01 -4.3281815e-01
 -3.6639724e-01 -2.9647266e-01 -1.9849166e-01 -4.9409855e-02  1.2576347e-01
  2.4551388e-01  2.2919274e-01  7.1747438e-02 -1.4261558e-01 -3.0541784e-01
 -3.6352261e-01 -3.4066083e-01 -2.9504210e-01 -2.6670161e-01 -2.5884879e-01
 -2.5510163e-01 -2.4636951e-01 -2.4267983e-01 -2.6144949e-01 -3.0611451e-01
 -3.6003923e-01 -4.0491731e-01 -4.4127295e-01 -4.8185600e-01 -5.2632825e-01
 -5.5257195e-01 -5.3880753e-01 -4.8919476e-01 -4.3217559e-01 -3.9504210e-01
 -3.8256282e-01 -3.7502114e-01 -3.4343400e-01 -2.7237986e-01 -1.7510569e-01
 -8.5829754e-02 -3.1145456e-02 -8.3411681e-03  5.9234333e-03  2.8567419e-02
  5.7715851e-02  8.4125266e-02  1.0577632e-01  1.2749501e-01  1.5188880e-01
  1.7636376e-01  1.9681085e-01  2.1044675e-01  2.1639893e-01  2.1608103e-01
  2.1338902e-01  2.1309480e-01  2.1930400e-01  2.3525990e-01  2.6266022e-01
  2.9986811e-01  3.4312963e-01  3.9051033e-01  4.4238899e-01  4.9687172e-01
  5.4729615e-01  5.8811593e-01  6.2095438e-01  6.5206804e-01  6.8341844e-01
  7.1027089e-01  7.2809361e-01  7.3813791e-01  7.4537522e-01  7.5102303e-01
  7.4872333e-01  7.2792452e-01  6.8111874e-01  6.1148500e-01  5.3336264e-01
  4.6413474e-01  4.1249281e-01  3.7508878e-01  3.4505732e-01  3.2086307e-01
  3.0434239e-01  2.9175488e-01  2.7651256e-01  2.6383036e-01  2.7660388e-01
  3.3260848e-01  4.1293246e-01  4.6210558e-01  4.3285197e-01  3.3450911e-01
  2.3023437e-01  1.8187967e-01  1.9774426e-01  2.3513815e-01  2.5032636e-01
  2.3903412e-01  2.2903040e-01  2.4167879e-01  2.7017485e-01  2.9643884e-01
  3.1949677e-01  3.5615002e-01  4.1316920e-01  4.6941053e-01  4.9409855e-01
  4.7928574e-01  4.4506071e-01  4.1452197e-01  3.9345260e-01  3.7850451e-01
  3.7302580e-01  3.8418614e-01  4.0813014e-01  4.2903040e-01  4.3548987e-01
  4.3143157e-01  4.2882749e-01  4.3454293e-01  4.4594000e-01  4.5429335e-01
  4.5080997e-01  4.3275052e-01  4.0650681e-01  3.8114241e-01  3.5838209e-01
  3.3244614e-01  3.0214076e-01  2.7684061e-01  2.6529473e-01  2.6326896e-01
  2.5867293e-01  2.4588251e-01  2.2904731e-01  2.1194494e-01  1.9232304e-01
  1.6743549e-01  1.3889546e-01  1.0896209e-01  7.7023234e-02  4.2788055e-02
  8.7808177e-03 -2.2957489e-02 -5.2859414e-02 -8.0178565e-02 -1.0132233e-01
 -1.1446447e-01 -1.2199263e-01 -1.2407589e-01 -1.1478237e-01 -8.9465318e-02
 -5.0779533e-02 -7.7489939e-04  6.8017180e-02  1.6065474e-01  2.5834827e-01
  3.2253035e-01  3.2863134e-01  2.8973249e-01  2.4011296e-01  2.0167743e-01
  1.7358382e-01  1.4926105e-01  1.3059961e-01  1.2319321e-01  1.2694038e-01
  1.3686969e-01  1.4926105e-01  1.6247421e-01  1.7469985e-01  1.8442964e-01
  1.9065575e-01  1.9039873e-01  1.7777740e-01  1.4918327e-01  1.0861037e-01
  6.4875376e-02  2.3416416e-02 -1.6452704e-02 -5.5619061e-02 -8.9343569e-02
 -1.0943556e-01 -1.1142751e-01 -9.9097027e-02 -8.2620312e-02 -7.2504988e-02
 -7.4009943e-02 -8.4703575e-02 -9.7686767e-02 -1.0901958e-01 -1.2278738e-01
 -1.4775271e-01 -1.8705739e-01 -2.3314958e-01 -2.7474720e-01 -3.0652034e-01
 -3.2836417e-01 -3.3689675e-01 -3.2666306e-01 -3.0124116e-01 -2.7387128e-01
 -2.4863540e-01 -2.0834996e-01 -1.3492171e-01 -4.1699077e-02  2.8485914e-02
  4.4905137e-02  2.1408908e-02 -8.3692381e-04  2.4321080e-03  1.8164970e-02
  1.6359701e-02 -1.8953972e-02 -7.8196760e-02 -1.3811762e-01 -1.8221448e-01
 -2.1285806e-01 -2.4428286e-01 -2.8277250e-01 -3.1786330e-01 -3.3697453e-01
 -3.4096520e-01 -3.3333897e-01 -2.9756502e-01 -2.0518787e-01 -5.7289729e-02
  9.4135750e-02  1.8264737e-01  1.8499104e-01  1.3457337e-01  8.1216815e-02
  4.8019886e-02  2.6760459e-02 -7.3867902e-04 -4.5415807e-02 -1.0694985e-01
 -1.7617437e-01 -2.4026514e-01 -2.8971220e-01 -3.2085968e-01 -3.3130305e-01
 -3.1717677e-01 -2.7805810e-01 -2.2079881e-01 -1.5371166e-01 -7.9353377e-02
  5.0410903e-04  7.4682945e-02  1.2513443e-01  1.4256485e-01  1.3548649e-01
  1.2089689e-01  1.0874226e-01  9.7375630e-02  7.9864047e-02  4.9528222e-02
  2.0135953e-03 -6.0928675e-02 -1.2781629e-01 -1.8181203e-01 -2.1277351e-01
 -2.2303426e-01 -2.1881362e-01 -1.9755825e-01 -1.4945720e-01 -7.3103588e-02
  1.5596740e-02  9.4849335e-02  1.5553451e-01  2.0307417e-01  2.4273733e-01
  2.7071933e-01  2.8190673e-01  2.7751023e-01  2.5498664e-01  1.9567452e-01
  7.8403057e-02 -8.7940072e-02 -2.5406338e-01 -3.6501065e-01 -4.0637154e-01
 -4.1026075e-01 -4.1611147e-01 -4.3278433e-01 -4.4093476e-01 -4.2148872e-01
 -3.7099665e-01 -2.9218776e-01 -1.8451757e-01 -5.2842504e-02  8.0442355e-02
  1.8271501e-01  2.3341675e-01  2.3536474e-01  2.0297947e-01  1.4620041e-01
  7.0780209e-02 -1.0218134e-02 -7.4622070e-02 -1.0497819e-01 -1.0242484e-01
 -8.4409348e-02 -6.9488315e-02 -6.4540566e-02 -6.3620684e-02 -5.5649498e-02
 -3.2091718e-02  9.7903209e-03  6.8284352e-02  1.3763739e-01  2.0597924e-01
  2.5642058e-01  2.7589029e-01  2.6631946e-01  2.4360310e-01  2.2158680e-01
  1.9822449e-01  1.6028273e-01  1.0093003e-01  2.9320572e-02 -3.7397274e-02
 -8.8051676e-02 -1.2281105e-01 -1.4870980e-01 -1.7199432e-01 -1.9273902e-01
 -2.0312828e-01 -1.9139301e-01 -1.5039399e-01 -8.4385674e-02 -7.2985221e-03
  6.5315026e-02  1.2258446e-01  1.5969766e-01  1.7711455e-01  1.7924854e-01
  1.7113193e-01  1.5465860e-01  1.2908113e-01  9.5995806e-02  6.1256722e-02
  2.9476141e-02 -1.7170347e-03 -3.7079374e-02 -7.2444114e-02 -9.3669045e-02
 -9.0706483e-02 -6.9806216e-02 -4.7492306e-02 -3.3639284e-02 -2.5422571e-02
 -1.6017451e-02 -1.0951334e-03  2.3894619e-02  6.2961209e-02  1.0752815e-01
  1.3245967e-01  1.1661199e-01  6.9085867e-02  2.4523657e-02  8.2332849e-03
  1.3028171e-02  1.5866617e-02  8.9617505e-03  4.1293246e-03  8.6215293e-03
  9.7105076e-03 -1.0890460e-02 -5.2835740e-02 -9.4517907e-02 -1.1382867e-01
 -1.0758227e-01 -9.1068349e-02 -8.1199905e-02 -8.1436640e-02 -8.0953025e-02
 -6.7536947e-02 -4.1699077e-02 -1.8657716e-02 -1.4647097e-02 -2.9930671e-02
 -4.6139538e-02 -4.3055227e-02 -1.8301600e-02  1.0861037e-02  2.5523352e-02
  2.2769116e-02  1.3911529e-02  8.8410159e-03  7.3343705e-03  6.4303832e-03
  1.0261422e-02  2.7221076e-02  5.9061855e-02  9.7389158e-02  1.3134702e-01
  1.5507457e-01  1.6689776e-01  1.6607596e-01  1.5361696e-01  1.3509419e-01
  1.1900639e-01  1.1149853e-01  1.1287497e-01  1.1811356e-01  1.2013257e-01
  1.1381514e-01  9.9600933e-02  8.3276404e-02  7.0513037e-02  6.2748148e-02
  5.9126112e-02  6.0120396e-02  6.5037708e-02  6.6048903e-02  5.0952011e-02
  1.6782779e-02 -2.1108255e-02 -3.8986777e-02 -2.5950150e-02  5.8733809e-03
  3.2381548e-02  3.6917041e-02  1.7852819e-02 -1.7904224e-02 -6.2744766e-02
 -1.0847171e-01 -1.4389056e-01 -1.5826034e-01 -1.4925429e-01 -1.2578376e-01
 -1.0183300e-01 -8.7365146e-02 -8.4642700e-02 -9.0476513e-02 -9.9286415e-02
 -1.0483953e-01 -1.0207312e-01 -8.8755115e-02 -6.6657648e-02 -4.1093713e-02
 -1.9721668e-02 -1.0105854e-02 -1.5354933e-02 -3.0714938e-02 -4.5987352e-02
 -5.3633873e-02 -5.4956204e-02 -5.7766580e-02 -6.7969833e-02 -8.4453313e-02
 -1.0160303e-01 -1.1508675e-01 -1.2398120e-01 -1.2900673e-01 -1.2994352e-01
 -1.2516487e-01 -1.1305421e-01 -9.4477324e-02 -7.4473266e-02 -6.0708850e-02
 -5.7898475e-02 -6.2967973e-02 -6.7388143e-02 -6.5105347e-02 -5.7607630e-02
 -5.0813352e-02 -4.8567757e-02 -5.0813352e-02 -5.5916669e-02 -6.1405526e-02
 -6.1598296e-02 -4.8943150e-02 -2.1345666e-02  1.1366296e-02  3.1656126e-02
  2.7234266e-02  8.4294362e-04 -3.2414353e-02 -5.6772295e-02 -6.5724238e-02
 -6.2592580e-02 -5.4408333e-02 -4.5517265e-02 -3.6869695e-02 -2.8825121e-02
 -2.3438737e-02 -2.3125233e-02 -2.8251885e-02 -3.6538266e-02 -4.5148635e-02
 -5.2710609e-02 -6.0110251e-02 -7.0029423e-02 -8.5099259e-02 -1.0539078e-01
 -1.2710947e-01 -1.4425581e-01 -1.5312659e-01 -1.5512868e-01 -1.5558186e-01
 -1.5867293e-01 -1.6277182e-01 -1.6008320e-01 -1.4267307e-01 -1.1036220e-01
 -7.2914201e-02 -4.3521932e-02 -2.9275254e-02 -2.9184619e-02 -3.9179546e-02
 -5.6085765e-02 -7.5027901e-02 -8.7016808e-02 -8.3523285e-02 -6.3133687e-02
 -3.1303054e-02  5.9616490e-03  4.4536508e-02  7.7692854e-02  9.4196625e-02
  8.5207481e-02  5.1807636e-02  3.3481687e-03 -5.1192127e-02 -1.0638168e-01
 -1.5663364e-01 -1.9325307e-01 -2.0905340e-01 -2.0392303e-01 -1.8428083e-01
 -1.5710034e-01 -1.2571612e-01 -8.9015523e-02 -4.3670736e-02  1.1980791e-02
  7.2728195e-02  1.2475227e-01  1.5251446e-01  1.4924414e-01  1.2041665e-01
  7.6549765e-02  2.4845615e-02 -3.0684162e-02 -8.3533430e-02 -1.2426190e-01
 -1.4750583e-01 -1.5674186e-01 -1.5972809e-01 -1.6042477e-01 -1.5624472e-01
 -1.4286246e-01 -1.1932767e-01 -8.8504853e-02 -5.4320403e-02 -1.8666171e-02
  1.9627651e-02  6.2491122e-02  1.0823498e-01  1.4854408e-01  1.7290067e-01
  1.7716189e-01  1.6823362e-01  1.5869999e-01  1.5720180e-01  1.6395888e-01
  1.7391863e-01  1.8224830e-01  1.8767628e-01  1.9193750e-01  1.9698333e-01
  2.0126484e-01  1.9903953e-01  1.8505529e-01  1.6168961e-01  1.3908485e-01
  1.2656837e-01  1.2386283e-01  1.2244242e-01  1.1520511e-01  1.0327370e-01
  9.3337617e-02  9.0087592e-02  9.1971321e-02  9.3554060e-02  8.9942169e-02
  7.9803172e-02  6.5879807e-02  5.3082620e-02  4.5060705e-02  4.1628056e-02
  3.9565085e-02  3.6497683e-02  3.3927424e-02  3.5733369e-02  4.3417092e-02
  5.3779296e-02  6.2169840e-02  6.7334032e-02  7.2180324e-02  7.8856235e-02
  8.4869289e-02  8.4619027e-02  7.4077581e-02  5.3086002e-02  2.5528087e-02
 -3.5865264e-04 -1.3537489e-02 -7.2028138e-03  1.3148906e-02  3.1888464e-02
  3.7617099e-02  3.4346782e-02  3.5587947e-02  4.8405425e-02  6.6579864e-02
  7.9640840e-02  8.4324800e-02  8.4818560e-02  8.5494944e-02  8.7419257e-02
  9.0730157e-02  9.5978897e-02  1.0217119e-01  1.0590821e-01  1.0380466e-01
  9.5177382e-02  8.1172850e-02  6.3522608e-02  4.4884846e-02  2.9691569e-02
  2.2857046e-02  2.6936657e-02  4.0779194e-02  6.0627684e-02  8.2728533e-02
  1.0511346e-01  1.2763705e-01  1.4981907e-01  1.6922114e-01  1.8170043e-01
  1.8364165e-01  1.7418918e-01  1.5569346e-01  1.3348777e-01  1.1465048e-01
  1.0495451e-01  1.0625317e-01  1.1627380e-01  1.3116440e-01  1.4708309e-01
  1.6010687e-01  1.6718185e-01  1.6870371e-01  1.6883222e-01  1.7132470e-01
  1.7580236e-01  1.7907268e-01  1.7987081e-01  1.7959688e-01  1.7924516e-01
  1.7738172e-01  1.7241706e-01  1.6445264e-01  1.5376915e-01  1.3900030e-01
  1.1878995e-01  9.4271027e-02  6.8504177e-02  4.3663972e-02  2.0675708e-02
  1.1932429e-03 -1.1966587e-02 -1.7375968e-02 -1.7143968e-02 -1.5182793e-02
 -1.4226386e-02 -1.5627853e-02 -2.0593189e-02 -3.0390950e-02 -4.4739423e-02
 -6.1703135e-02 -7.9235010e-02 -9.6607934e-02 -1.1295275e-01 -1.2669688e-01
 -1.3715716e-01 -1.4671446e-01 -1.5919037e-01 -1.7563326e-01 -1.9310765e-01
 -2.0816057e-01 -2.2049782e-01 -2.3172579e-01 -2.4198654e-01 -2.4965335e-01
 -2.5431364e-01 -2.5790862e-01 -2.6205147e-01 -2.6542663e-01 -2.6564307e-01
 -2.6232879e-01 -2.5764821e-01 -2.5284927e-01 -2.4653860e-01 -2.3662281e-01
 -2.2276032e-01 -2.0597585e-01 -1.8585343e-01 -1.5958267e-01 -1.2540498e-01
 -8.6753018e-02 -5.2527985e-02 -3.1519159e-02 -2.6053299e-02 -3.1041293e-02
 -3.8766952e-02 -4.3714701e-02 -4.3626771e-02 -3.7941763e-02 -2.7924516e-02
 -1.7848422e-02 -1.3129291e-02 -1.6184518e-02 -2.3607494e-02 -2.8715547e-02
 -2.6775001e-02 -1.8028679e-02 -7.0665224e-03  7.5092157e-04  2.4894653e-03
 -1.3702188e-03 -8.3313605e-03 -1.6481450e-02 -2.5417836e-02 -3.5439142e-02
 -4.6629916e-02 -5.8967162e-02 -7.2555717e-02 -8.6786838e-02 -9.9485948e-02
 -1.0785958e-01 -1.1016943e-01 -1.0695999e-01 -1.0101458e-01 -9.6499713e-02
 -9.6574115e-02 -1.0051743e-01 -1.0294903e-01 -9.8008049e-02 -8.4632554e-02
 -6.7530184e-02 -5.2845886e-02 -4.3515168e-02 -3.9362170e-02 -3.9619196e-02
 -4.3883797e-02 -5.0505597e-02 -5.5876086e-02 -5.6535561e-02 -5.2081572e-02
 -4.6075282e-02 -4.3450911e-02 -4.7235280e-02 -5.6393520e-02 -6.7019514e-02
 -7.4811458e-02 -7.7084108e-02 -7.3029186e-02 -6.3181034e-02 -4.9785248e-02
 -3.7011735e-02 -2.9315161e-02 -2.9091616e-02 -3.5432379e-02 -4.5354933e-02
 -5.5480402e-02 -6.2748148e-02 -6.4537184e-02 -5.9640164e-02 -4.8922858e-02
 -3.4762758e-02 -1.9435558e-02 -4.4073185e-03  9.3286888e-03  2.0165714e-02
  2.6591701e-02  2.8709459e-02  2.9093645e-02  3.1593561e-02  3.8283337e-02
  4.8009740e-02  5.8243431e-02  6.7750008e-02  7.6857520e-02  8.4490514e-02
  8.7371910e-02  8.2721769e-02  7.1608779e-02  5.8077717e-02  4.5652542e-02
  3.6051270e-02  3.0816396e-02  3.1824546e-02  3.8411850e-02  4.6027935e-02
  4.9572187e-02  4.8222801e-02  4.5003213e-02  4.2669688e-02  4.1641584e-02
  4.2246948e-02  4.6355981e-02  5.4895330e-02  6.5954209e-02  7.6989415e-02
  8.7845379e-02  9.9445365e-02  1.1041970e-01  1.1747100e-01  1.1932429e-01
  1.1753526e-01  1.1237783e-01  1.0111942e-01  8.2495181e-02  6.2156312e-02
  4.9670263e-02  4.9528222e-02  5.7161216e-02  6.4631878e-02  6.7793973e-02
  6.7411816e-02  6.4432345e-02  5.8628970e-02  5.1300348e-02  4.6569042e-02
  4.7593764e-02  5.2771484e-02  5.7360749e-02  5.8324597e-02  5.5889614e-02
  5.0552944e-02  4.0867124e-02  2.5620751e-02  6.4084007e-03 -1.2662924e-02
 -2.7525111e-02 -3.4816869e-02 -3.1936488e-02 -1.9231628e-02 -2.9009774e-03
  7.8717576e-03  8.6151037e-03  3.2572965e-03 -1.0737259e-03 -2.3237174e-03
 -3.6744564e-03 -6.6562954e-03 -7.9468362e-03 -4.8672596e-03 -1.1234739e-03
 -3.7028645e-03 -1.3854375e-02 -2.4630187e-02 -2.7873110e-02 -2.2781629e-02
 -1.6117556e-02 -1.4891271e-02 -2.0350367e-02 -2.8348270e-02 -3.4028882e-02
 -3.5983632e-02 -3.5987013e-02 -3.6189929e-02 -3.6977916e-02 -3.8046603e-02
 -4.0667591e-02 -4.7495688e-02 -5.9342555e-02 -7.2231053e-02 -7.9343231e-02
 -7.5477696e-02 -6.0478880e-02 -3.9034124e-02 -1.8519395e-02 -6.4993743e-03
 -7.9725388e-03 -2.2394061e-02 -4.3359600e-02 -6.2234097e-02 -7.3069769e-02
 -7.5085393e-02 -7.0942541e-02 -6.3373804e-02 -5.3370084e-02 -4.1249281e-02
 -2.8304982e-02 -1.6607934e-02 -6.9048666e-03  2.1536406e-03  1.1855998e-02
  2.1478914e-02  3.0496466e-02  4.1509689e-02  5.8338124e-02  7.9157225e-02
  9.4440123e-02  9.4676858e-02  7.9972268e-02  5.9227569e-02  4.0231323e-02
  2.3574352e-02  6.9373330e-03 -8.5944739e-03 -1.8506882e-02 -2.0503568e-02
 -1.6945111e-02 -1.2942271e-02 -1.3812439e-02 -2.2838446e-02 -3.8168352e-02
 -5.1442389e-02 -5.3177314e-02 -4.1340593e-02 -2.3503331e-02 -9.1095404e-03
 -1.4036998e-03  2.1187730e-03  3.3608509e-03  9.5968751e-04 -6.5565288e-03
 -1.8200818e-02 -3.1436302e-02 -4.3866888e-02 -5.2710609e-02 -5.5033988e-02
 -5.0021982e-02 -4.0765667e-02 -3.1829619e-02 -2.5912611e-02 -2.2916230e-02
 -2.2057222e-02 -2.2946667e-02 -2.4946735e-02 -2.6964727e-02 -2.8198789e-02
 -2.8407116e-02 -2.6962697e-02 -2.2476580e-02 -1.4527715e-02 -4.9453820e-03
  3.3859786e-03  9.0584734e-03  1.2576347e-02  1.4948426e-02  1.6332984e-02
  1.6892692e-02  1.7732084e-02  1.9618858e-02  2.1082214e-02  1.9205249e-02
  1.2874970e-02  4.8949914e-03 -5.8595150e-04 -1.9610065e-03 -2.9659441e-04
  3.9267476e-03  1.2019006e-02  2.4518584e-02  3.8932666e-02  5.1993642e-02
  6.3387331e-02  7.5423586e-02  8.8849809e-02  1.0048361e-01  1.0571206e-01
  1.0284758e-01  9.4325138e-02  8.4389056e-02  7.5663702e-02  6.8145693e-02
  6.0407860e-02  5.2108627e-02  4.4830735e-02  4.0312489e-02  3.7792959e-02
  3.4221651e-02  2.7266394e-02  1.7514627e-02  7.1598634e-03 -2.8743955e-03
 -1.2992323e-02 -2.2562481e-02 -2.9112584e-02 -3.0490040e-02 -2.7835571e-02
 -2.5123947e-02 -2.5452332e-02 -2.7591735e-02 -2.7155467e-02 -2.0777165e-02
 -9.4856099e-03  2.4502350e-03  1.1546552e-02  1.7501437e-02  2.2489770e-02
  2.8746660e-02  3.7461531e-02  4.8730089e-02  6.1371707e-02  7.3005513e-02
  8.0996990e-02  8.4010281e-02  8.2474889e-02  7.7736819e-02  7.1263824e-02
  6.4452636e-02  5.8527512e-02  5.3968683e-02  4.9998309e-02  4.5256857e-02
  3.9734181e-02  3.4996111e-02  3.2412662e-02  3.1037573e-02  2.8734824e-02
  2.5207481e-02  2.2017315e-02  1.8932666e-02  1.1796476e-02 -2.5277487e-03
 -2.0797795e-02 -3.5445906e-02 -4.2818492e-02 -4.6690791e-02 -5.1871893e-02
 -5.7353986e-02 -5.8811593e-02 -5.5794920e-02 -5.3042037e-02 -5.4134398e-02
 -5.7624539e-02 -6.0468734e-02 -6.2991647e-02 -6.8135547e-02 -7.6877811e-02
 -8.6208529e-02 -9.1288173e-02 -8.8897156e-02 -7.9840373e-02 -6.9295546e-02
 -6.4283540e-02 -6.8680037e-02 -7.9864047e-02 -9.1406541e-02 -9.9026007e-02
 -1.0323650e-01 -1.0610437e-01 -1.0727789e-01 -1.0440326e-01 -9.6269742e-02
 -8.3973080e-02 -6.9194088e-02 -5.3129967e-02 -3.7870743e-02 -2.6962697e-02
 -2.3040685e-02 -2.4717779e-02 -2.6916703e-02 -2.4626467e-02 -1.6498022e-02
 -4.8019886e-03  7.3177990e-03  1.7844364e-02  2.6216308e-02  3.2333187e-02
  3.6095235e-02  3.7177449e-02  3.5158443e-02  3.0523183e-02  2.4899050e-02
  2.0264466e-02  1.7136866e-02  1.3830363e-02  8.1872907e-03  2.2814096e-04
 -6.5426629e-03 -7.6343468e-03 -2.0202577e-03  5.2852650e-03  6.6704995e-03
 -1.1069701e-03 -1.3595658e-02 -2.2744428e-02 -2.4298759e-02 -2.0757212e-02
 -1.7318475e-02 -1.7000237e-02 -1.9702729e-02 -2.4580811e-02 -3.1793771e-02
 -4.1705841e-02 -5.2000406e-02 -5.6856843e-02 -4.9994927e-02 -3.0867124e-02
 -7.8332037e-03  7.2866854e-03  9.4375867e-03  4.0975346e-03 -2.7597146e-04
 -1.5283236e-03 -4.0288816e-03 -1.0677737e-02 -1.8536305e-02 -2.2847577e-02
 -2.2871588e-02 -2.1324360e-02 -2.0138321e-02 -1.8651967e-02 -1.6017451e-02
 -1.2638236e-02 -9.1159660e-03 -4.6295106e-03  2.1953397e-03  1.1091346e-02
  1.9788630e-02  2.5343772e-02  2.6709392e-02  2.5398897e-02  2.4229429e-02
  2.4829720e-02  2.6496669e-02  2.7180493e-02  2.5606886e-02  2.2421455e-02
  1.9439616e-02  1.8248842e-02  1.9657073e-02  2.3942643e-02  3.1150191e-02
  4.0231323e-02  4.8503500e-02  5.3031892e-02  5.3373465e-02  5.2686936e-02
  5.4878420e-02  6.0232000e-02  6.4926105e-02  6.5467212e-02  6.2785350e-02
  6.0729142e-02  6.1412290e-02  6.3383949e-02  6.4168555e-02  6.2957827e-02
  5.9873516e-02  5.4858128e-02  4.8878893e-02  4.5006595e-02  4.6014407e-02
  5.0525889e-02  5.3583145e-02  5.1652068e-02  4.5726944e-02  3.9203220e-02
  3.3822584e-02  2.9272211e-02  2.5705976e-02  2.4094153e-02  2.4757347e-02
  2.6167608e-02  2.6708715e-02  2.6588319e-02  2.7574825e-02  3.1118063e-02
  3.6575468e-02  4.1107241e-02  4.1445433e-02  3.6250803e-02  2.7590044e-02
  1.9878589e-02  1.6494301e-02  1.7662079e-02  2.1105212e-02  2.4589604e-02
  2.7267070e-02  2.8878217e-02  2.8696946e-02  2.6361054e-02  2.3501302e-02
  2.2957827e-02  2.5616355e-02  2.8818357e-02  2.9180899e-02  2.6865298e-02
  2.5315364e-02  2.6765870e-02  2.9947580e-02  3.2828300e-02  3.5405323e-02
  3.6957625e-02  3.2467449e-02  1.6197031e-02 -1.0343941e-02 -3.6683689e-02
 -5.2632825e-02 -5.7205181e-02 -5.7080050e-02 -5.7604248e-02 -5.7742906e-02
 -5.4076905e-02 -4.5818256e-02 -3.5303866e-02 -2.5839224e-02 -2.0120735e-02
 -1.8950252e-02 -2.0740979e-02 -2.2089012e-02 -2.0557002e-02 -1.5480740e-02
 -6.6786161e-03  5.9694274e-03  2.0509994e-02  3.2473536e-02  3.8215699e-02
  3.8195407e-02  3.5239609e-02  3.0666915e-02  2.4248706e-02  1.6557882e-02
  8.7642463e-03 -3.3519903e-05 -1.2093070e-02 -2.6931584e-02 -4.0684501e-02
 -5.1012885e-02 -6.0073049e-02 -6.9938111e-02 -7.7628598e-02 -7.7926207e-02
 -7.0435253e-02 -5.9920863e-02 -5.0069329e-02 -4.0339545e-02 -2.9985796e-02
 -2.2028814e-02 -2.0113294e-02 -2.3816497e-02 -2.9673645e-02 -3.5692786e-02
 -4.2152254e-02 -4.8696270e-02 -5.4009266e-02 -5.8392235e-02 -6.3810071e-02
 -6.9867091e-02 -7.3046096e-02 -7.1230004e-02 -6.6958639e-02 -6.3370422e-02
 -5.8875850e-02 -4.8503500e-02 -3.0092326e-02 -6.6684704e-03  1.7399642e-02
  3.9673307e-02  5.8206229e-02  6.9484934e-02  7.0699043e-02  6.3252055e-02
  5.3407285e-02  4.8195746e-02  5.0877608e-02  5.8957016e-02  6.6089486e-02
  6.6999222e-02  6.1304068e-02  5.2971017e-02  4.5544320e-02  3.9105144e-02
  3.2443099e-02  2.6104028e-02  2.1818797e-02  1.9729446e-02  1.8041868e-02
  1.6415503e-02  1.6681660e-02  1.9786939e-02  2.2590551e-02  2.0198181e-02
  1.1000034e-02 -1.4606514e-03 -1.1746424e-02 -1.5930535e-02 -1.2482668e-02
 -1.4422537e-03  1.5095539e-02  3.2520207e-02  4.5351551e-02  4.9906997e-02
  4.6166593e-02  3.7390510e-02  2.9361493e-02  2.8702695e-02  3.8875173e-02
  5.6440867e-02  7.2014610e-02  7.7878860e-02  7.4378572e-02  6.8243769e-02
  6.4740099e-02  6.3238527e-02  6.1107917e-02  5.8879232e-02  5.9264771e-02
  6.2193513e-02  6.3343366e-02  5.9602963e-02  5.3447868e-02  5.0390612e-02
  5.2470493e-02  5.6102675e-02  5.7154452e-02  5.6251480e-02  5.7225473e-02
  6.1016605e-02  6.3356894e-02  5.9055091e-02  4.7600528e-02  3.2864486e-02
  1.8250871e-02  4.2605431e-03 -8.6624505e-03 -1.7718895e-02 -2.0230309e-02
 -1.7647198e-02 -1.4822280e-02 -1.4434036e-02 -1.4186817e-02 -9.5694816e-03
  1.2100172e-03  1.5996821e-02  3.0703101e-02  4.1682167e-02  4.6582570e-02
  4.5260239e-02  4.0271906e-02  3.6129054e-02  3.6176401e-02  4.0248233e-02
  4.4908519e-02  4.6846359e-02  4.6044844e-02  4.5348169e-02  4.6903852e-02
  4.9447056e-02  4.9555277e-02  4.5108052e-02  3.6457100e-02  2.4518245e-02
  9.6634989e-03 -6.6018465e-03 -2.0027394e-02 -2.6083398e-02 -2.4425919e-02
 -2.0271568e-02 -2.0648314e-02 -2.9100071e-02 -4.3231087e-02 -5.6393520e-02
 -6.2629781e-02 -6.0570192e-02 -5.3759004e-02 -4.6927525e-02 -4.1644966e-02
 -3.6602523e-02 -3.0677737e-02 -2.4791843e-02 -2.0555988e-02 -1.8475430e-02
 -1.8529203e-02 -2.1282762e-02 -2.6574115e-02 -3.1460990e-02 -3.1453888e-02
 -2.4583517e-02 -1.3901045e-02 -5.1773817e-03 -1.8270486e-03 -2.8481856e-03
 -4.5747235e-03 -4.4096858e-03 -2.7716527e-03 -1.9609726e-03 -3.9480537e-03
 -8.5325848e-03 -1.3640299e-02 -1.7038452e-02 -1.7999932e-02 -1.7629274e-02
 -1.7344854e-02 -1.7418918e-02 -1.6727654e-02 -1.4286246e-02 -1.0634448e-02
 -8.0925970e-03 -9.0730157e-03 -1.3980182e-02 -2.0236058e-02 -2.3532754e-02
 -2.1613176e-02 -1.6251818e-02 -1.1756231e-02 -1.0702763e-02 -1.2307822e-02
 -1.5502384e-02 -2.2163414e-02 -3.4925090e-02 -5.1814400e-02 -6.5061382e-02
 -6.7875140e-02 -6.1442727e-02 -5.3664311e-02 -5.0880990e-02 -5.2122155e-02
 -5.1915858e-02 -4.7340120e-02 -4.1090331e-02 -3.7820014e-02 -3.9247185e-02
 -4.3129629e-02 -4.6142920e-02 -4.7164260e-02 -4.6815922e-02 -4.5564612e-02
 -4.2777909e-02 -3.8848118e-02 -3.7109811e-02 -4.2460009e-02 -5.6934627e-02
 -7.6762826e-02 -9.3773885e-02 -1.0055463e-01 -9.5133417e-02 -8.1920254e-02
 -6.8362136e-02 -5.9775440e-02 -5.6528797e-02 -5.5456728e-02 -5.3958538e-02
 -5.1902330e-02 -4.9961108e-02 -4.7198079e-02 -4.2138726e-02 -3.5729987e-02
 -3.1576989e-02 -3.1853969e-02 -3.4025500e-02 -3.2770131e-02 -2.5737428e-02
 -1.6025906e-02 -8.9326660e-03 -7.1757584e-03 -9.1646657e-03 -1.1495823e-02
 -1.1410599e-02 -7.8007373e-03 -1.6139200e-03  3.7677974e-03  3.6714126e-03
 -4.7414522e-03 -1.9175150e-02 -3.3247658e-02 -4.0914471e-02 -4.0667591e-02
 -3.5307247e-02 -2.8497413e-02 -2.1826237e-02 -1.4713720e-02 -5.4861510e-03
  7.2450878e-03  2.2936860e-02  3.7721939e-02  4.5419189e-02  4.2121817e-02
  3.0424769e-02  1.8749028e-02  1.5088437e-02  2.1616896e-02  3.4285908e-02
  4.6717846e-02  5.4252765e-02  5.5044134e-02  4.9649971e-02  4.0068991e-02
  2.9156549e-02  1.9755825e-02  1.3959890e-02  1.2132301e-02  1.3061652e-02
  1.5099259e-02  1.7658020e-02  2.1027766e-02  2.4432345e-02  2.5141872e-02
  2.1058541e-02  1.4012648e-02  9.2038960e-03  1.0113294e-02  1.5029592e-02
  1.9483581e-02  2.1157969e-02  2.0679766e-02  1.8486252e-02  1.3234469e-02
  4.2361933e-03 -6.5538233e-03 -1.6619433e-02 -2.5739457e-02 -3.4901417e-02
 -4.3092428e-02 -4.7116913e-02 -4.5564612e-02 -4.0968582e-02 -3.7400656e-02
 -3.6450337e-02 -3.7194359e-02 -3.8479489e-02 -3.9967534e-02 -4.0650681e-02
 -3.8472725e-02 -3.1946295e-02 -2.1552640e-02 -9.2654469e-03  1.9729108e-03
  8.4199669e-03  7.0746390e-03 -1.7440225e-03 -1.3381582e-02 -2.2441070e-02
 -2.6729007e-02 -2.7370219e-02 -2.5031283e-02 -1.8706754e-02 -8.2126551e-03
  3.1068349e-03  1.0297947e-02  1.1206331e-02  7.8856235e-03  3.9805201e-03
  7.2028138e-04 -3.4867598e-03 -9.9086882e-03 -1.6511887e-02 -1.8946870e-02
 -1.4937942e-02 -6.8409483e-03  6.1192465e-04  4.6819304e-03  6.0522845e-03
  6.0536373e-03  4.5449626e-03  1.5256857e-03 -6.4784064e-04  1.4075552e-03
  8.5782407e-03  1.8044236e-02  2.5335656e-02  2.7754405e-02  2.5177720e-02
  1.9277622e-02  1.1988569e-02  4.3775576e-03 -3.2132977e-03 -1.0099428e-02
 -1.4286922e-02 -1.4246001e-02 -1.1365281e-02 -1.0015219e-02 -1.3779972e-02
 -2.1854645e-02 -2.9667557e-02 -3.2808008e-02 -3.0269201e-02 -2.4549697e-02
 -1.9897866e-02 -2.0219487e-02 -2.6683351e-02 -3.6731036e-02 -4.5409043e-02
 -4.8692888e-02 -4.6213940e-02 -4.0515405e-02 -3.4617336e-02 -3.0345294e-02
 -2.8493355e-02 -2.9016199e-02 -3.0486997e-02 -3.0063580e-02 -2.5128344e-02
 -1.5462816e-02 -3.2797524e-03  8.9039196e-03  1.9434881e-02  2.6664750e-02
  2.8275897e-02  2.3381920e-02  1.4259190e-02  4.8145017e-03 -3.0195813e-03
 -1.0007440e-02 -1.6955257e-02 -2.2695052e-02 -2.6521695e-02 -2.9945551e-02
 -3.4576753e-02 -3.8645203e-02 -3.7901180e-02 -3.0694308e-02 -1.9859312e-02
 -9.3080591e-03  1.3583483e-04  1.0123778e-02  2.1681829e-02  3.3743448e-02
  4.3971727e-02  5.0113294e-02  5.0958774e-02  4.7776387e-02  4.4431668e-02
  4.4512834e-02  4.8317495e-02  5.2744428e-02  5.4699178e-02  5.3146877e-02
  4.8652305e-02  4.2169164e-02  3.5621766e-02  3.2036592e-02  3.3485407e-02
  3.8800771e-02  4.4840881e-02  4.9088572e-02  5.0738950e-02  4.9284724e-02
  4.4252427e-02  3.6961006e-02  3.1601001e-02  3.2042342e-02  3.7958673e-02
  4.4989685e-02  4.9538368e-02  5.1831310e-02  5.4046468e-02  5.6197369e-02
  5.5892996e-02  5.1763671e-02  4.5659305e-02  4.0623626e-02  3.7075992e-02
  3.2724813e-02  2.5774629e-02  1.7416889e-02  1.0909737e-02  8.8139606e-03
  1.1912138e-02  1.9138287e-02  2.8159559e-02  3.5648821e-02  3.8364503e-02
  3.4898035e-02  2.6277182e-02  1.4957219e-02  3.6568704e-03 -4.9436910e-03
 -8.3692381e-03 -5.5121918e-03  1.8154486e-03  9.0019953e-03  1.1596943e-02
  8.8352667e-03  4.6240996e-03  4.6416855e-03  1.1910109e-02  2.4432683e-02
  3.6856167e-02  4.4059657e-02  4.4502689e-02  4.0268524e-02  3.5354594e-02
  3.3154993e-02  3.4421184e-02  3.7157158e-02  3.8320538e-02  3.6626196e-02
  3.3664311e-02  3.2332510e-02  3.3920660e-02  3.6856167e-02  3.8425378e-02
  3.7373601e-02  3.4590280e-02  3.1548581e-02  2.8403057e-02  2.4473266e-02
  2.0221178e-02  1.8042883e-02  2.0536711e-02  2.7581589e-02  3.5192262e-02
  3.7664446e-02  3.2022727e-02  2.0982786e-02  1.1575298e-02  9.7794988e-03
  1.6220366e-02  2.6547059e-02  3.5665731e-02  4.0836687e-02  4.1881700e-02
  3.9805201e-02  3.6233894e-02  3.3432649e-02  3.3147553e-02  3.5719842e-02
  4.0572897e-02  4.6951199e-02  5.3731949e-02  5.8564713e-02  5.9224187e-02
  5.5734046e-02  5.0093003e-02  4.3423856e-02  3.4701884e-02  2.3138084e-02
  1.0648652e-02  4.9524840e-04 -5.8923197e-03 -9.6618080e-03 -1.2324394e-02
 -1.4201021e-02 -1.5131388e-02 -1.5215936e-02 -1.4112415e-02 -1.1216815e-02
 -6.6897765e-03 -1.8404072e-03  2.5453685e-03  7.1324698e-03  1.2021712e-02
  1.4998478e-02  1.3483716e-02  8.1632791e-03  2.9633738e-03  6.0309784e-04
 -2.5537218e-05 -1.3386993e-03 -3.1955764e-03 -3.5625148e-03 -2.4590280e-03
 -3.1078156e-03 -8.0459265e-03 -1.5461125e-02 -2.0963171e-02 -2.2477595e-02
 -2.2341303e-02 -2.4258852e-02 -2.9559336e-02 -3.6673543e-02 -4.3261524e-02
 -4.8016504e-02 -5.1185363e-02 -5.3809733e-02 -5.6992120e-02 -6.0705469e-02
 -6.3387331e-02 -6.3167507e-02 -6.0113633e-02 -5.6292063e-02 -5.4120870e-02
 -5.4810782e-02 -5.8138591e-02 -6.3137069e-02 -6.8277588e-02 -7.1926680e-02
 -7.3502655e-02 -7.4290642e-02 -7.6028949e-02 -7.8751395e-02 -8.0729818e-02
 -8.0351043e-02 -7.7577869e-02 -7.3093442e-02 -6.7012750e-02 -5.9467686e-02
 -5.1516791e-02 -4.5077615e-02 -4.1276337e-02 -3.9811965e-02 -3.9473773e-02
 -3.8875173e-02 -3.6382698e-02 -3.0890121e-02 -2.3201664e-02 -1.6401637e-02
 -1.3042037e-02 -1.2402516e-02 -1.1199229e-02 -8.0222530e-03 -5.7719233e-03
 -8.5356285e-03 -1.6112144e-02 -2.3003483e-02 -2.3533092e-02 -1.7154452e-02
 -7.9349995e-03  4.5703270e-04  7.5217288e-03  1.4301803e-02  2.0339207e-02
  2.3655179e-02  2.3088370e-02  1.9376712e-02  1.3914911e-02  7.3850993e-03
 -7.0770063e-05 -8.1910109e-03 -1.6170652e-02 -2.3002469e-02 -2.7316784e-02
 -2.7744936e-02 -2.4084683e-02 -1.8068247e-02 -1.2555717e-02 -9.4189861e-03
 -8.1954074e-03 -6.8514322e-03 -3.8959721e-03  4.6893706e-04  4.7329974e-03
  7.8294836e-03  9.8582975e-03  1.1847205e-02  1.4097535e-02  1.5321113e-02
  1.3161419e-02  6.6718523e-03 -2.2337921e-03 -1.0011837e-02 -1.4648788e-02
 -1.7150732e-02 -1.9592479e-02 -2.2013934e-02 -2.2099158e-02 -1.8579932e-02
 -1.3208428e-02 -9.0851906e-03 -7.3177990e-03 -6.7591058e-03 -6.5622781e-03
 -7.0509655e-03 -7.9617167e-03 -7.8660083e-03 -6.1594914e-03 -4.6738138e-03
 -5.6454395e-03 -8.6107072e-03 -1.1152897e-02 -1.1440022e-02 -9.2093070e-03
 -4.4414759e-03  2.4004532e-03  8.3161419e-03  9.0966891e-03  3.9970915e-03
 -2.0089959e-03 -3.2020021e-03  5.5892996e-04  4.3599716e-03  4.7580236e-03
  3.4039027e-03  3.8019547e-03  6.6769252e-03  9.7128750e-03  1.1118063e-02
  1.1475532e-02  1.2256079e-02  1.3701512e-02  1.4985289e-02  1.5584903e-02
  1.6284961e-02  1.7931618e-02  1.9879942e-02  1.9673983e-02  1.5501031e-02
  8.4882816e-03  2.2612872e-03 -2.6065474e-04  9.6300179e-04  3.9791674e-03
  7.2366330e-03  1.0252968e-02  1.2745443e-02  1.4271365e-02  1.4689371e-02
  1.3839156e-02  1.1398086e-02  7.4060672e-03  3.1324698e-03  3.4891271e-04
 -5.2132301e-04 -7.4730292e-04 -1.5572728e-03 -3.0320268e-03 -5.0701748e-03
 -8.6996517e-03 -1.4785079e-02 -2.1757584e-02 -2.5810815e-02 -2.4282864e-02
 -1.8367547e-02 -1.2028138e-02 -8.0050052e-03 -5.7137543e-03 -2.9990531e-03
  4.6031317e-04  2.3490480e-03  2.3027157e-04 -5.4929149e-03 -1.1558389e-02
 -1.4925767e-02 -1.5030606e-02 -1.3161757e-02 -1.0367277e-02 -6.8669891e-03
 -3.3673104e-03 -1.4781359e-03 -1.7641449e-03 -2.3521594e-03 -3.8263046e-04
  4.7079712e-03  1.0382833e-02  1.3702188e-02  1.4522980e-02  1.4760391e-02
  1.5462478e-02  1.5940681e-02  1.5897731e-02  1.6960330e-02  2.1004092e-02
  2.7123339e-02  3.1770097e-02  3.2291251e-02  2.9145727e-02  2.4409686e-02
  1.9572863e-02  1.5018093e-02  1.1188407e-02  8.5264973e-03  6.2271298e-03
  2.5987013e-03 -2.7410125e-03 -7.9806554e-03 -1.0863742e-02 -1.0806926e-02
 -8.9174473e-03 -6.0008793e-03 -1.8960398e-03  3.9406135e-03  1.1448476e-02
  1.9681423e-02  2.6746593e-02  3.0871859e-02  3.1552978e-02  3.0039230e-02
  2.8163279e-02  2.6730359e-02  2.5438466e-02  2.4186479e-02  2.4102946e-02
  2.6294768e-02  3.0218810e-02  3.3599716e-02  3.4563225e-02  3.3633873e-02
  3.3186783e-02  3.4715411e-02  3.6666779e-02  3.6240657e-02  3.2794143e-02
  2.8762555e-02  2.6182150e-02  2.3843552e-02  1.9450438e-02  1.4010957e-02
  1.2014610e-02  1.5999188e-02  2.2359904e-02  2.4169569e-02  1.7924177e-02
  6.7854848e-03 -2.4401907e-03 -5.2619297e-03 -2.1430890e-03  2.6672867e-03
  5.3231425e-03  4.9984781e-03  3.2642294e-03  1.3286550e-03 -1.4525347e-03
 -5.6031655e-03 -8.9485610e-03 -8.1250634e-03 -2.6698908e-03  3.2685583e-03
  4.6355981e-03  8.0733200e-04 -3.8462579e-03 -4.5534174e-03 -1.1318273e-03
  2.0075755e-03  7.3678515e-04 -4.4604146e-03 -9.5373533e-03 -1.1613514e-02
 -1.1856674e-02 -1.2966282e-02 -1.5062396e-02 -1.5326186e-02 -1.1904359e-02
 -6.1466401e-03 -7.3127262e-04  3.4154013e-03  7.0786973e-03  1.0601305e-02
  1.2956136e-02  1.2913862e-02  1.0073049e-02  4.9967872e-03 -8.6445264e-04
 -5.0143732e-03 -5.2774866e-03 -1.5935946e-03  3.5398559e-03  7.0026041e-03
  7.3032568e-03  5.4289966e-03  3.6961006e-03  3.9768000e-03  6.5933917e-03
  1.0116676e-02  1.2713315e-02  1.3437384e-02  1.2671041e-02  1.1703473e-02
  1.2024417e-02  1.4601441e-02  1.8991511e-02  2.3077886e-02  2.4728939e-02
  2.3821232e-02  2.2027461e-02  2.0416314e-02  1.8623220e-02  1.6105381e-02
  1.2942609e-02  8.7128412e-03  1.9059488e-03 -7.6600494e-03 -1.6944097e-02
 -2.1797829e-02 -2.1093375e-02 -1.7166965e-02 -1.2717035e-02 -9.3344381e-03
 -8.0658798e-03 -9.6371200e-03 -1.2436674e-02 -1.2960195e-02 -9.2553012e-03
 -2.9524164e-03  3.2498901e-03  8.6465555e-03  1.3701174e-02  1.7486895e-02
  1.8171396e-02  1.5654232e-02  1.1586459e-02  6.7330650e-03  5.7103723e-04
 -6.3160743e-03 -1.1189421e-02 -1.1531333e-02 -7.5038047e-03 -1.3010585e-03
  4.2169164e-03  6.2308499e-03  3.4925090e-03 -2.2060266e-03 -6.9383476e-03
 -8.3878386e-03 -7.1990936e-03 -3.7349927e-03  3.4948764e-03  1.4027529e-02
  2.1982143e-02  2.0472454e-02  1.0223207e-02 -5.5027224e-04 -5.0603673e-03
 -4.5764145e-03 -4.0522168e-03 -5.3400521e-03 -6.7682370e-03 -8.2390341e-03
 -1.2062971e-02 -1.8849471e-02 -2.5514221e-02 -2.8614427e-02 -2.7948865e-02
 -2.5833474e-02 -2.4422875e-02 -2.4079949e-02 -2.3556089e-02 -2.1419054e-02
 -1.7389834e-02 -1.3806013e-02 -1.3925057e-02 -1.8717238e-02 -2.5562582e-02
 -3.1140384e-02 -3.4340018e-02 -3.5848355e-02 -3.5865264e-02 -3.4235179e-02
 -3.2501606e-02 -3.3607833e-02 -3.8401704e-02 -4.4137441e-02 -4.7157496e-02
 -4.6288343e-02 -4.2662924e-02 -3.7404038e-02 -3.1180628e-02 -2.5983632e-02
 -2.4774257e-02 -2.8094964e-02 -3.1859042e-02 -3.1112652e-02 -2.5653218e-02
 -2.0858670e-02 -2.1682844e-02 -2.6956948e-02 -3.0660489e-02 -2.8987453e-02
 -2.4091785e-02 -2.0847847e-02 -2.1147824e-02 -2.2777233e-02 -2.3379215e-02
 -2.3034935e-02 -2.2871927e-02 -2.2406913e-02 -2.0229971e-02 -1.6361054e-02
 -1.2734283e-02 -1.1040617e-02 -1.0535020e-02 -8.9620887e-03 -5.0732186e-03
 -3.6585613e-05  3.9531266e-03  5.8077717e-03  6.1523893e-03  5.6714803e-03
  3.5591329e-03 -1.2512090e-03 -7.7936352e-03 -1.2886131e-02 -1.4353546e-02
 -1.3344719e-02 -1.2617268e-02 -1.2675099e-02 -1.1202273e-02 -6.7695898e-03
 -1.5512868e-03  1.1095404e-03  8.5024857e-04  1.1347695e-03  4.8429098e-03
  1.0826203e-02  1.4997464e-02  1.5000169e-02  1.2384930e-02  1.0192769e-02
  9.4500998e-03  8.6272786e-03  6.0526227e-03  2.4104298e-03 -3.2558761e-04
 -8.0611451e-04  7.8748013e-04  3.5496635e-03  7.0360851e-03  1.0965876e-02
  1.4875376e-02  1.8503162e-02  2.2010213e-02  2.5114140e-02  2.6527106e-02
  2.5079982e-02  2.1720045e-02  1.9246170e-02  1.9490683e-02  2.0702087e-02
  1.9094322e-02  1.2854679e-02  4.2186073e-03 -2.8268457e-03 -5.8642497e-03
 -5.1763671e-03 -1.8707768e-03  3.1867496e-03  8.9898204e-03  1.4127972e-02
  1.7897122e-02  2.0860361e-02  2.4065745e-02  2.7230546e-02  2.9066252e-02
  2.8847780e-02  2.7260306e-02  2.5411749e-02  2.3419798e-02  2.0726436e-02
  1.7124015e-02  1.3482363e-02  1.1753864e-02  1.3468836e-02  1.8043559e-02
  2.2638574e-02  2.4293010e-02  2.2786364e-02  1.9990192e-02  1.7033380e-02
  1.2707227e-02  5.8436200e-03 -2.0671649e-03 -7.5812506e-03 -8.7459840e-03
 -6.7489601e-03 -3.7251852e-03 -3.9866076e-04  3.7130102e-03  8.6702290e-03
  1.3003483e-02  1.4677872e-02  1.2949711e-02  9.3685955e-03  6.7543711e-03
  6.7377997e-03  8.5332612e-03  1.0248571e-02  1.1017282e-02  1.1403497e-02
  1.1789712e-02  1.1672360e-02  1.0588454e-02  9.0412256e-03  7.9772735e-03
  7.6184518e-03  7.5815888e-03  7.4845277e-03  7.1859042e-03  7.2095776e-03
  8.9045960e-03  1.3378538e-02  1.9745680e-02  2.4803680e-02  2.6237276e-02
  2.5233522e-02  2.5015726e-02  2.6872062e-02  2.9070310e-02  2.9355744e-02
  2.7245088e-02  2.3361967e-02  1.7968481e-02  1.1487369e-02  5.1273293e-03
  3.6101999e-05 -3.8273192e-03 -6.5419865e-03 -6.8406101e-03 -3.3937570e-03
  3.0939836e-03  9.8234638e-03  1.4559505e-02  1.6576482e-02  1.5351551e-02
  9.9178193e-03  1.2217525e-03 -6.7093916e-03 -9.5857148e-03 -6.8233623e-03
 -1.5436099e-03  3.2924685e-03  6.9410531e-03  9.3205722e-03  8.9211674e-03
  4.6751666e-03 -1.1813386e-03 -4.1181643e-03 -1.6180121e-03  4.3058609e-03
  9.1220535e-03  9.5887585e-03  5.7255910e-03  6.9826507e-05 -3.3301769e-03
 -1.0313842e-03  7.0671988e-03  1.6434441e-02  2.1331124e-02  2.0166390e-02
  1.6907234e-02  1.6145287e-02  1.7799723e-02  1.8527512e-02  1.6738476e-02
  1.4385336e-02  1.3441780e-02  1.3162772e-02  1.2118773e-02  1.0933748e-02
  1.1117725e-02  1.1765362e-02  1.0056478e-02  4.9646589e-03 -1.6780412e-03
 -8.0388244e-03 -1.4137441e-02 -1.9914099e-02 -2.3113396e-02 -2.1257736e-02
 -1.4710339e-02 -6.6522371e-03  1.7721939e-04  4.8320877e-03  7.3113734e-03
  7.4963644e-03  5.9464304e-03  4.0167067e-03  2.5693125e-03  1.1019649e-03
 -6.8798404e-04 -1.7325239e-03 -8.2380195e-04  1.1323345e-03  1.7387805e-03
 -2.1210389e-04 -2.9887382e-03 -3.9328351e-03 -2.6214278e-03 -1.6928540e-03
 -4.3285197e-03 -1.0870844e-02 -1.7877169e-02 -2.1155940e-02 -1.9564409e-02
 -1.5432379e-02 -1.1343299e-02 -7.3739389e-03 -2.4583178e-03  2.4772228e-03
  4.3322398e-03  1.2933478e-03 -4.4840881e-03 -8.5501708e-03 -8.7091210e-03
 -6.9755487e-03 -7.4571342e-03 -1.2489770e-02 -2.0402110e-02 -2.6582570e-02
 -2.6923129e-02 -2.1605059e-02 -1.5521661e-02 -1.4392438e-02 -1.9747709e-02
 -2.7821367e-02 -3.3337617e-02 -3.3819203e-02 -3.0012175e-02 -2.3384626e-02
 -1.4785079e-02 -5.1777199e-03  3.5229463e-03  9.2837093e-03  1.0573912e-02
  6.3461734e-03 -3.1778890e-03 -1.5118198e-02 -2.4219284e-02 -2.6715479e-02
 -2.3129967e-02 -1.6765531e-02 -9.5353242e-03 -1.3179005e-03  7.5234198e-03
  1.5498664e-02  2.2487402e-02  3.0845142e-02  4.1682167e-02  5.1668978e-02
  5.6119585e-02  5.4692414e-02  5.2213467e-02  5.3363320e-02  5.7915384e-02
  6.1459637e-02  5.9667219e-02  5.1330786e-02  3.9308059e-02  2.8394602e-02
  2.1708884e-02  1.8084480e-02  1.4278467e-02  1.0049714e-02  9.1636511e-03
  1.4238561e-02  2.1951030e-02  2.6501742e-02  2.6320809e-02  2.5012682e-02
  2.5514897e-02  2.6279888e-02  2.3923704e-02  1.7902195e-02  1.0088268e-02
  1.9724373e-03 -5.4790490e-03 -1.0010484e-02 -9.4473942e-03 -5.2998072e-03
 -3.0045994e-03 -6.6701613e-03 -1.4303155e-02 -1.9540059e-02 -1.8050661e-02
 -1.1184687e-02 -3.8354358e-03  6.9495079e-04  2.6876797e-03  4.2372079e-03
  6.6725287e-03  9.7324901e-03  1.2127566e-02  1.2005479e-02  7.2315601e-03
 -2.8990835e-03 -1.6171328e-02 -2.7832866e-02 -3.4076228e-02 -3.4681592e-02
 -3.2368021e-02 -2.9691569e-02 -2.7558592e-02 -2.6392506e-02 -2.6494640e-02
 -2.7141263e-02 -2.6075620e-02 -2.1909094e-02 -1.6191958e-02 -1.2589198e-02
 -1.3074504e-02 -1.6278535e-02 -1.9402415e-02 -2.1096080e-02 -2.1480943e-02
 -2.0516757e-02 -1.7921472e-02 -1.4198316e-02 -1.0958436e-02 -9.7125368e-03
 -1.0621259e-02 -1.2637898e-02 -1.4170922e-02 -1.3609862e-02 -1.0008117e-02
 -4.1509689e-03  1.4848997e-03  4.4624438e-03  4.2378843e-03  1.8182218e-03
 -2.0109574e-03 -7.0083533e-03 -1.2630119e-02 -1.7365822e-02 -2.0268863e-02
 -2.2144814e-02 -2.4303155e-02 -2.6179445e-02 -2.5135784e-02 -1.9198823e-02
 -9.9993236e-03 -1.9076059e-03  1.2100511e-03 -1.1497176e-03 -6.2484359e-03
 -1.0541784e-02 -1.1733911e-02 -9.7240353e-03 -6.2846224e-03 -4.1540126e-03
 -5.5676553e-03 -1.0707160e-02 -1.7376644e-02 -2.2254388e-02 -2.2983530e-02
 -1.9302986e-02 -1.2762691e-02 -5.8395617e-03 -1.3130982e-03 -1.0156921e-03
 -4.8868748e-03 -1.0872197e-02 -1.6455409e-02 -1.9883324e-02 -2.0191417e-02
 -1.7073963e-02 -1.1520850e-02 -5.8267104e-03 -1.7638743e-03  1.0302005e-03
  3.8442288e-03  5.9332409e-03  4.8205891e-03  2.8410836e-04 -3.8293483e-03
 -3.2910142e-03  1.8590754e-03  7.9150462e-03  1.2077852e-02  1.4811120e-02
  1.7362440e-02  1.9693598e-02  2.1620616e-02  2.4373499e-02  2.8777774e-02
  3.3262200e-02  3.4887889e-02  3.2706551e-02  2.8652981e-02  2.4982921e-02
  2.1915520e-02  1.8727722e-02  1.5821976e-02  1.4788461e-02  1.6413135e-02
  1.9407488e-02  2.1575975e-02  2.2012581e-02  2.1583077e-02  2.1053130e-02
  1.9274240e-02  1.4072170e-02  5.1043322e-03 -4.8101052e-03 -1.2167473e-02
 -1.6402990e-02 -1.9954006e-02 -2.4975481e-02 -3.0822145e-02 -3.5036694e-02
 -3.6294768e-02 -3.5171971e-02 -3.2843519e-02 -2.9689540e-02 -2.5729311e-02
 -2.1688931e-02 -1.8594812e-02 -1.6507829e-02 -1.4018059e-02 -9.8569448e-03
 -4.7495688e-03 -1.0715953e-03 -8.1737631e-04 -3.5029930e-03 -6.9542426e-03
 -9.1365958e-03 -9.8092597e-03 -9.9174811e-03 -1.0710541e-02 -1.2812743e-02
 -1.6062430e-02 -1.9474450e-02 -2.1818120e-02 -2.2490784e-02 -2.1874598e-02
 -2.0431871e-02 -1.8265075e-02 -1.5513883e-02 -1.2702831e-02 -1.0576279e-02
 -9.4365721e-03 -9.1227299e-03 -9.0906016e-03 -8.6157800e-03 -7.3147553e-03
 -5.8733809e-03 -6.0428151e-03 -9.0114647e-03 -1.4094491e-02 -1.9157564e-02
 -2.2730562e-02 -2.4672123e-02 -2.5727958e-02 -2.6360716e-02 -2.6812540e-02
 -2.7082756e-02 -2.6849741e-02 -2.5710372e-02 -2.3765768e-02 -2.1498867e-02
 -1.8507220e-02 -1.3521932e-02 -6.0593865e-03  2.1883391e-03  8.3012615e-03
  1.0869830e-02  1.0720011e-02  9.4426595e-03  7.7418918e-03  5.0749095e-03
  9.1751496e-04 -4.4279482e-03 -9.5721871e-03 -1.2903717e-02 -1.3939937e-02
 -1.3848625e-02 -1.4280496e-02 -1.5981264e-02 -1.8608340e-02 -2.1960161e-02
 -2.6258920e-02 -3.1020325e-02 -3.4634245e-02 -3.5753661e-02 -3.4914945e-02
 -3.4018736e-02 -3.4187832e-02 -3.5023166e-02 -3.5574419e-02 -3.5381650e-02
 -3.4526024e-02 -3.3468159e-02 -3.2874632e-02 -3.3447191e-02 -3.5327539e-02
 -3.7495350e-02 -3.8290101e-02 -3.6707362e-02 -3.3333559e-02 -3.0080490e-02
 -2.8680375e-02 -2.9213365e-02 -3.0149143e-02 -2.9856268e-02 -2.7993169e-02
 -2.5303866e-02 -2.2051135e-02 -1.7831513e-02 -1.2564848e-02 -7.2981839e-03
 -3.3606480e-03 -1.3561500e-03 -7.0117353e-04 -3.6829112e-04  6.2917244e-04
  2.6737800e-03  5.3224661e-03  7.5886909e-03  8.9286077e-03  9.7646184e-03
  1.0420034e-02  1.0128513e-02  7.7429064e-03  3.5449288e-03 -8.9208292e-05
 -6.6265345e-04  2.1675403e-03  6.4878758e-03  9.7409449e-03  1.0698028e-02
  9.6415165e-03  7.6789881e-03  5.7164598e-03  3.8340830e-03  1.3881768e-03
 -2.3868579e-03 -7.3096824e-03 -1.1789712e-02 -1.3711996e-02 -1.2472522e-02
 -9.7832189e-03 -7.8994893e-03 -7.3445162e-03 -6.7699280e-03 -5.5507457e-03
 -4.7742568e-03 -5.7299875e-03 -7.6519328e-03 -8.6475701e-03 -8.0131219e-03
 -6.7936014e-03 -5.9755149e-03 -5.4817545e-03 -5.2690318e-03 -6.1841794e-03
 -8.7906253e-03 -1.2363962e-02 -1.5836518e-02 -1.9208292e-02 -2.2922655e-02
 -2.6012378e-02 -2.6182150e-02 -2.2122831e-02 -1.5183807e-02 -8.1243870e-03
 -3.2996381e-03 -1.7373263e-03 -3.3971389e-03 -6.7689134e-03 -8.8914065e-03
 -6.8659745e-03 -4.7049275e-04  7.3144171e-03  1.2823903e-02  1.4728939e-02
  1.4217255e-02  1.2940580e-02  1.1401806e-02  9.4402922e-03  7.2975075e-03
  5.5781393e-03  4.4221989e-03  3.7096283e-03  3.6210220e-03  4.5398897e-03
  6.5254151e-03  9.0351382e-03  1.1887112e-02  1.5222361e-02  1.8960398e-02
  2.2778924e-02  2.6557543e-02  3.0900267e-02  3.5686023e-02  3.9544794e-02
  4.0988873e-02  4.0397037e-02  3.9602286e-02  3.9696980e-02  3.9991207e-02
  3.9179546e-02  3.7038791e-02  3.4170922e-02  3.0983124e-02  2.7432446e-02
  2.3700159e-02  2.0249924e-02  1.7303257e-02  1.4618688e-02  1.1993980e-02
  9.8532247e-03  8.7997565e-03  9.5383679e-03  1.2714329e-02  1.8185600e-02
  2.4260881e-02  2.8081098e-02  2.8276912e-02  2.6297474e-02  2.5083364e-02
  2.5943725e-02  2.7770976e-02  2.9135581e-02  2.9792350e-02  3.0230985e-02
  3.0486320e-02  3.0522845e-02  3.0960465e-02  3.2647029e-02  3.4918327e-02
  3.5959958e-02  3.4887889e-02  3.2969664e-02  3.2240184e-02  3.2960195e-02
  3.3117116e-02  3.0615509e-02  2.5314688e-02  1.8966823e-02  1.3183063e-02
  8.3661943e-03  4.5760763e-03  2.4980216e-03  2.9574216e-03  4.7255572e-03
  4.6815922e-03  8.5187189e-04 -5.0924955e-03 -9.0828232e-03 -8.5829754e-03
 -4.4780006e-03  4.5246711e-04  3.6917041e-03  3.6683689e-03 -6.0018939e-05
 -6.1043661e-03 -1.1544185e-02 -1.4345768e-02 -1.4892286e-02 -1.4532111e-02
 -1.3225337e-02 -1.0146775e-02 -6.5037708e-03 -5.2169502e-03 -7.8572153e-03
 -1.2611519e-02 -1.6600156e-02 -1.8958030e-02 -2.0953363e-02 -2.3612905e-02
 -2.6614698e-02 -2.9173459e-02 -3.0584396e-02 -3.0545166e-02 -2.9418310e-02
 -2.8230918e-02 -2.7647536e-02 -2.7285671e-02 -2.6218675e-02 -2.4245663e-02
 -2.1446785e-02 -1.7137543e-02 -1.0733877e-02 -3.7461531e-03  5.4357604e-04
  4.8331022e-04 -1.7918428e-03 -2.7978964e-03 -1.5087084e-03  1.2320674e-04
  3.0533329e-04 -6.2004126e-04 -1.2029490e-03 -1.0204944e-03 -7.3725862e-04
 -7.7598160e-04 -5.9329027e-04  5.7641449e-04  2.7530522e-03  5.3126585e-03
  7.8318509e-03  1.0653387e-02  1.4280496e-02  1.8551862e-02  2.2159018e-02
  2.3591599e-02  2.2345700e-02  1.9488992e-02  1.6793601e-02  1.5648821e-02
  1.6437485e-02  1.8555582e-02  2.1116710e-02  2.3255098e-02  2.4527038e-02
  2.4853732e-02  2.4515202e-02  2.3935202e-02  2.3335588e-02  2.2675437e-02
  2.2035578e-02  2.1899286e-02  2.2447834e-02  2.2956136e-02  2.2297000e-02
  2.0469749e-02  1.8481518e-02  1.7218371e-02  1.6820995e-02  1.7229869e-02
  1.8806520e-02  2.1571240e-02  2.5242653e-02  3.0223545e-02  3.6835875e-02
  4.3085664e-02  4.5104670e-02  4.1871555e-02  3.7586662e-02  3.6727654e-02
  3.8449051e-02  3.9118672e-02  3.8905611e-02  4.0765667e-02  4.2828638e-02
  3.8486252e-02  2.7055024e-02  1.8425040e-02  2.1434949e-02  3.1027766e-02
  3.4742467e-02  3.0201901e-02  2.7794312e-02  3.4549697e-02  4.3339308e-02
  4.2947005e-02  3.3873313e-02  2.6753695e-02  2.7166627e-02  2.8747337e-02
  2.2857384e-02  9.7581927e-03 -2.4949102e-03 -7.4381954e-03 -6.2589198e-03
 -4.7580236e-03 -6.9616828e-03 -1.1360547e-02 -1.3584159e-02 -1.2102202e-02
 -1.0036525e-02 -1.0225912e-02 -1.0495451e-02 -6.2741385e-03  1.9341540e-03
  7.7063817e-03  6.1889141e-03 -1.0138997e-04 -5.2433292e-03 -6.9217762e-03
 -6.8277588e-03 -5.9278298e-03 -3.5581183e-03 -2.8169705e-04  1.4039704e-03
  7.9393960e-04  4.0559370e-04  2.2529338e-03  5.4293348e-03  8.4649464e-03
  1.2205688e-02  1.7698603e-02  2.3332206e-02  2.6268051e-02  2.6243363e-02
  2.5272752e-02  2.3698130e-02  1.9787615e-02  1.3359938e-02  6.9525517e-03
  2.7809192e-03  4.4184788e-04 -6.8879570e-04  4.1611147e-04  3.9778146e-03
  7.4994082e-03  8.6452027e-03  8.8044912e-03  1.0695323e-02  1.3573337e-02
  1.4296730e-02  1.2744766e-02  1.2461700e-02  1.5018093e-02  1.7091549e-02
  1.5217965e-02  1.0505259e-02  6.3566573e-03  3.1143089e-03 -1.3763063e-03
 -7.5585918e-03 -1.3015320e-02 -1.5874057e-02 -1.6517637e-02 -1.6315398e-02
 -1.5931550e-02 -1.5749264e-02 -1.5808110e-02 -1.5544320e-02 -1.4656566e-02
 -1.4291995e-02 -1.5739457e-02 -1.7952247e-02 -1.8130813e-02 -1.5812168e-02
 -1.4298759e-02 -1.6893368e-02 -2.2951402e-02 -2.9311779e-02 -3.4039027e-02
 -3.7278907e-02 -3.9487301e-02 -4.0353072e-02 -3.9943860e-02 -3.9172782e-02
 -3.8645203e-02 -3.8093950e-02 -3.6923805e-02 -3.4783050e-02 -3.1977409e-02
 -2.9495417e-02 -2.8965471e-02 -3.1114005e-02 -3.4752613e-02 -3.7745612e-02
 -3.9209983e-02 -3.9784910e-02 -4.0484967e-02 -4.1506307e-02 -4.2683216e-02
 -4.3420474e-02 -4.2246948e-02 -3.8290101e-02 -3.3146877e-02 -3.0298624e-02
 -3.0994623e-02 -3.2536440e-02 -3.1359194e-02 -2.7604248e-02 -2.4372485e-02
 -2.3275052e-02 -2.2801921e-02 -2.1422436e-02 -2.0324326e-02 -2.1421421e-02
 -2.3948054e-02 -2.4943691e-02 -2.3220603e-02 -2.0973993e-02 -2.0821468e-02
 -2.2360242e-02 -2.2770807e-02 -2.0281714e-02 -1.6060401e-02 -1.2906422e-02
 -1.2490784e-02 -1.4309919e-02 -1.6471643e-02 -1.7404376e-02 -1.7229869e-02
 -1.6994487e-02 -1.6597450e-02 -1.4106328e-02 -8.6343806e-03 -3.3636917e-03
 -3.2883763e-03 -9.1132605e-03 -1.5279854e-02 -1.6130407e-02 -1.2549968e-02
 -1.0298624e-02 -1.1833001e-02 -1.3105279e-02 -9.4037675e-03 -1.9757516e-03
  3.7806487e-03  5.0062566e-03  4.1979776e-03  5.1422097e-03  8.3015996e-03
  1.1280057e-02  1.2204674e-02  1.1216139e-02  9.1609456e-03  6.7432108e-03
  4.6278197e-03  3.7414184e-03  4.5666069e-03  6.0969258e-03  6.9626974e-03
  6.7817647e-03  6.4601441e-03  6.5616017e-03  5.7567047e-03  2.1534377e-03
 -3.9470391e-03 -9.3222632e-03 -1.0569177e-02 -7.9089587e-03 -5.3491833e-03
 -6.6556191e-03 -1.1244208e-02 -1.4865907e-02 -1.4278806e-02 -1.0691264e-02
 -8.1500896e-03 -8.4483750e-03 -9.3909162e-03 -8.5207481e-03 -7.3076533e-03
 -9.1758260e-03 -1.3601069e-02 -1.4663330e-02 -8.1937164e-03  1.8004667e-03
  6.7804119e-03  3.5040076e-03 -2.2892556e-03 -3.2494166e-03  6.0387568e-04
  3.6315060e-03  2.8333052e-03  1.4714735e-03  2.9693598e-03  5.2328452e-03
  3.6098617e-03 -2.0001353e-03 -6.1801211e-03 -4.2581758e-03  2.4571342e-03
  8.1656465e-03  7.7317461e-03  7.3391051e-04 -8.3580777e-03 -1.2798201e-02
 -9.2235111e-03 -1.1172512e-03  5.3579763e-03  8.9137272e-03  1.3778281e-02
  2.1120430e-02  2.4817545e-02  1.9171091e-02  7.3022422e-03 -4.3244614e-03
 -1.5408705e-02 -2.7174744e-02 -2.9899219e-02 -6.8680037e-03  4.1858027e-02
  8.8129460e-02  9.9100409e-02  7.1747438e-02  3.6521357e-02  2.5761101e-02
  4.3156684e-02  6.4557476e-02  6.3427914e-02  3.3998444e-02 -6.2585816e-03
 -3.3228043e-02 -3.6369170e-02 -2.4814502e-02 -1.3358247e-02 -5.9498123e-03
  3.4292671e-03  1.5873719e-02  2.2657175e-02  1.9093307e-02  1.6110115e-02
  2.9017214e-02  5.5541276e-02  7.2295309e-02  5.6403666e-02  8.8386486e-03
 -4.3660590e-02 -6.7320505e-02 -4.4424904e-02  1.3654841e-02  7.1047381e-02
  8.9796747e-02  5.7316784e-02 -3.5354594e-03 -5.3116440e-02 -6.6079340e-02
 -4.6623153e-02 -1.6130407e-02  7.6952213e-03  1.8411512e-02  1.5434746e-02
  1.2004126e-03 -1.4561196e-02 -1.7033718e-02 -5.5649498e-04  2.1842132e-02
  2.8956339e-02  1.2267578e-02 -1.7671210e-02 -4.4708986e-02 -6.0313166e-02
 -6.1652406e-02 -4.4790152e-02 -8.5359667e-03  3.5875410e-02  6.5849369e-02
  6.3441442e-02  3.0140350e-02 -1.3791133e-02 -4.3667354e-02 -4.5953532e-02
 -2.4154689e-02  6.9478170e-03  3.2652778e-02  4.5693125e-02  0.0000000e+00
  0.0000000e+00  0.0000000e+00  0.0000000e+00  0.0000000e+00  0.0000000e+00
