Scaled from
PEER NGA STRONG MOTION DATABASE RECORD
ACCELERATION TIME SERIES IN UNITS OF G
NPTS= 3908.000000, DT= 0.010000, Scalar= 1.000000
  6.2339186e-03  5.9853095e-03  7.7034075e-03  1.0223835e-02  1.0725400e-02
  8.4062065e-03  5.9835709e-03  6.0713665e-03  7.6077886e-03  7.6438630e-03
  6.1009214e-03  6.3438804e-03  1.0417246e-02  1.5810588e-02  1.8331015e-02
  1.6891516e-02  1.4209840e-02  1.3158901e-02  1.3557458e-02  1.2635605e-02
  8.7895515e-03  3.9599704e-03  2.3912118e-03  5.6623783e-03  1.0330755e-02
  1.1841968e-02  1.0428547e-02  1.1059631e-02  1.6064847e-02  2.0474618e-02
  1.7663421e-02  8.1241307e-03 -2.5109527e-04 -1.7937239e-03  1.0375522e-03
  2.7300504e-03  2.6104833e-03  4.3550070e-03  8.7130563e-03  1.1181328e-02
  8.2932024e-03  2.7134475e-03 -4.5479833e-05  2.0871001e-03  6.6520341e-03
  1.0699757e-02  1.2599531e-02  1.1160031e-02  5.9170723e-03 -8.5313804e-04
 -5.0873609e-03 -5.1286509e-03 -3.4877869e-03 -2.5976617e-03 -1.3968185e-03
  2.2631693e-03  7.1905424e-03  9.8409249e-03  9.3076321e-03  8.4127260e-03
  9.2772079e-03  1.0349009e-02  9.1946280e-03  6.3069367e-03  3.9624913e-03
  2.0062152e-03 -1.8652208e-03 -7.2379172e-03 -9.1937587e-03 -3.4116829e-03
  7.4169854e-03  1.5217750e-02  1.5202538e-02  1.0166898e-02  5.7779903e-03
  3.2524774e-03 -3.8569628e-04 -5.6545549e-03 -8.5935327e-03 -5.9948713e-03
 -3.1596401e-04  3.4217229e-03  3.6399948e-03  3.0041725e-03  4.2831189e-03
  8.2023644e-03  1.3441412e-02  1.6584232e-02  1.2143602e-02 -1.9238960e-03
 -1.8035901e-02 -2.3122827e-02 -1.1957145e-02  6.6103095e-03  1.9355007e-02
  2.2290508e-02  2.0542420e-02  1.7552156e-02  1.0627608e-02 -1.8608745e-03
 -1.4427156e-02 -1.9358919e-02 -1.5102573e-02 -7.2492177e-03 -1.7505650e-03
  7.2826843e-05 -4.4880042e-05 -9.9022079e-04 -2.7901165e-03 -4.4084666e-03
 -3.6201321e-03 -7.3535292e-04 -4.6466446e-04 -6.5598922e-03 -1.4596662e-02
 -1.4351530e-02 -2.7189673e-03  1.0337274e-02  1.2652990e-02  4.4093359e-03
 -4.6622914e-03 -1.0395080e-02 -1.7577364e-02 -2.7424809e-02 -3.0854920e-02
 -2.0851878e-02 -4.2500869e-03  6.1926287e-03  7.9911335e-03  8.3405772e-03
  9.2333102e-03  3.9148122e-03 -9.6331711e-03 -2.1266081e-02 -2.1486439e-02
 -1.5571975e-02 -1.6206102e-02 -2.4060761e-02 -2.5082145e-02 -1.0136040e-02
  1.0012604e-02  1.5176460e-02 -5.7132302e-04 -2.2297027e-02 -3.2144037e-02
 -2.8791725e-02 -2.4921766e-02 -2.8453147e-02 -3.3149774e-02 -2.9719663e-02
 -2.0103877e-02 -1.4836144e-02 -1.7978964e-02 -2.0708449e-02 -1.2127955e-02
  7.6060501e-03  2.7212709e-02  3.4784423e-02  2.5429850e-02  1.8679590e-03
 -2.7672549e-02 -5.1699409e-02 -6.0718011e-02 -5.4494089e-02 -4.2235744e-02
 -3.1920202e-02 -2.0647166e-02 -8.0797983e-04  2.4259823e-02  3.7552590e-02
  2.7706450e-02  5.1799374e-03 -9.2459145e-03 -9.9030772e-03 -9.0333797e-03
 -1.5125608e-02 -2.0362917e-02 -1.5844924e-02 -6.6407337e-03 -8.0185153e-04
  6.0465925e-03  2.1100487e-02  3.6150035e-02  3.5365960e-02  1.9388474e-02
  5.1703755e-03  3.4719228e-04 -4.9417594e-03 -1.6959318e-02 -2.6363004e-02
 -2.5932284e-02 -2.4077712e-02 -2.8744784e-02 -3.0876217e-02 -1.8902556e-02
 -7.4282858e-04  5.3038074e-03 -3.5835362e-03 -1.4380216e-02 -2.1945845e-02
 -3.4327191e-02 -5.0691064e-02 -5.2433936e-02 -2.7672549e-02  5.3942107e-03
  1.4341099e-02 -1.1831971e-02 -5.2912031e-02 -8.1619437e-02 -8.8669159e-02
 -8.1845445e-02 -6.8958623e-02 -5.0282510e-02 -2.6764604e-02 -6.4816586e-03
  3.2423939e-03  6.0048679e-03  1.1097444e-02  1.9810501e-02  2.7595184e-02
  3.8302764e-02  5.9805285e-02  7.9567976e-02  6.4603616e-02  3.1840664e-03
 -6.6828929e-02 -9.3128477e-02 -6.6272601e-02 -1.9692716e-02  1.9537118e-02
  4.7483484e-02  4.9595793e-02 -6.8258866e-03 -1.2026252e-01 -2.2443933e-01
 -2.4631433e-01 -1.8252347e-01 -8.5192107e-02  1.3797375e-02  1.1596836e-01
  1.9534075e-01  1.9025991e-01  9.1859353e-02 -1.6353442e-02 -7.0145167e-02
 -1.3315369e-01 -2.9843533e-01 -4.9291551e-01 -5.0369437e-01 -2.5141690e-01
  6.9936544e-02  2.2302243e-01  2.1058328e-01  1.9068150e-01  1.6632476e-01
 -3.7992437e-02 -4.4910466e-01 -7.8833449e-01 -7.7007997e-01 -4.2713404e-01
  2.5662813e-03  3.8674809e-01  6.8723922e-01  7.2639951e-01  2.8240177e-01
 -4.9013387e-01 -9.9943498e-01 -7.9502782e-01 -9.2354833e-02  4.6888039e-01
  5.1903686e-01  2.3008519e-01 -4.2593446e-02 -1.4679242e-01 -1.2134910e-01
 -2.2617785e-02  9.3610918e-02  1.3670028e-01  7.0862309e-02 -1.5812326e-02
 -3.5767124e-02 -3.9621871e-02 -1.1622914e-01 -1.9754433e-01 -1.0709318e-01
  1.7740786e-01  4.3158901e-01  4.2322236e-01  1.8196280e-01 -3.6955407e-02
 -3.8196714e-02  1.1261300e-01  1.7901599e-01  2.6947583e-02 -2.1588578e-01
 -3.0129086e-01 -1.6176547e-01 -7.6986266e-03 -6.7172288e-02 -2.8109788e-01
 -3.6435153e-01 -1.7120567e-01  1.1443846e-01  2.0424635e-01  3.5249478e-02
 -1.9805720e-01 -2.8221923e-01 -1.7266603e-01  2.5010866e-02  1.7607789e-01
  2.1137865e-01  1.5674983e-01  8.6565542e-02  3.5118654e-02 -2.7146210e-02
 -1.0970097e-01 -1.4688369e-01 -8.8108484e-02 -7.6425591e-03 -3.6676808e-02
 -1.8411422e-01 -3.0121697e-01 -2.4722705e-01 -3.4485831e-02  2.0299896e-01
  3.2746001e-01  2.7288334e-01  7.6095271e-02 -1.3096749e-01 -2.1546419e-01
 -1.6698540e-01 -8.4883519e-02 -3.1904990e-02  2.1491655e-02  7.5173853e-02
  2.8387083e-02 -1.7430024e-01 -3.9722705e-01 -4.3784771e-01 -2.7565629e-01
 -8.6026599e-02 -6.3847357e-03  1.2047114e-03  3.4546245e-02  1.0228182e-01
  1.4532337e-01  1.3650904e-01  1.0059110e-01  7.0527643e-02  6.1708971e-02
  6.0965751e-02  2.7354398e-02 -5.4833102e-02 -1.1955407e-01 -8.2536509e-02
  2.1666812e-02  5.0843185e-02 -4.8739569e-02 -1.4363265e-01 -8.9303720e-02
  6.4668811e-02  1.4840056e-01  1.0288595e-01  1.8780859e-02 -3.4291116e-02
 -7.9963491e-02 -1.1864569e-01 -8.2301808e-02  2.4675330e-02  6.2726008e-02
 -4.9300243e-02 -1.6039204e-01 -5.4789638e-02  2.3142820e-01  4.0970097e-01
  2.8660031e-01 -1.3682632e-02 -2.3580494e-01 -2.8750000e-01 -2.4235483e-01
 -1.3867350e-01  5.5650209e-02  2.7641690e-01  3.3164551e-01  1.3375782e-01
 -1.2878564e-01 -1.6788074e-01  8.5239917e-02  4.2739047e-01  6.2978095e-01
  6.3829972e-01  5.2490438e-01  3.5429850e-01  1.6398209e-01  2.2926373e-03
 -1.0395949e-01 -1.9634040e-01 -3.2601269e-01 -4.5227747e-01 -4.6596836e-01
 -3.2577364e-01 -1.1452538e-01  6.1522079e-02  1.8055894e-01  2.7705146e-01
  3.4810935e-01  3.5039551e-01  2.9010344e-01  2.5903599e-01  3.3870828e-01
  4.7657337e-01  4.9130737e-01  2.3077191e-01 -2.5977486e-01 -7.2844228e-01
 -8.9725313e-01 -6.8728268e-01 -2.8677417e-01  1.1097879e-02  6.2330494e-02
 -2.2055372e-02 -2.6986700e-02  1.1606398e-01  2.5698453e-01  2.1653773e-01
  1.0801026e-02 -1.5896210e-01 -1.2805111e-01  7.5408554e-02  3.0195584e-01
  4.4045549e-01  4.6257823e-01  3.6734179e-01  1.7434371e-01 -2.4122045e-02
 -8.6656815e-02  4.1901947e-02  2.4239395e-01  3.1454277e-01  1.6562500e-01
 -1.0827973e-01 -3.2048418e-01 -3.4967837e-01 -2.0121262e-01  4.4258519e-02
  2.9701843e-01  4.7270515e-01  4.9856572e-01  3.7305720e-01  2.2070150e-01
  2.1659857e-01  3.9702712e-01  5.7918985e-01  5.4311544e-01  2.9918724e-01
  1.0111700e-01  1.5710622e-01  3.8418376e-01  5.1512517e-01  4.2369176e-01
  2.6492959e-01  2.7056241e-01  4.6918463e-01  6.6576843e-01  6.7446106e-01
  5.0664986e-01  3.1164812e-01  1.9147253e-01  1.2797723e-01  6.7767733e-02
  7.1422983e-03 -2.7263561e-02 -2.8130216e-02  2.2156641e-03  8.0076495e-02
  2.1699844e-01  3.8393168e-01  5.3251043e-01  6.3530076e-01  6.7676460e-01
  6.3725661e-01  5.3863873e-01  4.7826843e-01  5.4050765e-01  6.7511300e-01
  7.4578408e-01  7.2127086e-01  7.2983310e-01  8.6426460e-01  1.0000000e+00
  9.0455494e-01  5.2107962e-01  6.7819889e-02 -1.7073192e-01 -1.1515125e-01
  6.9310675e-02  1.7907250e-01  1.8232789e-01  2.0920115e-01  3.4930459e-01
  5.0973574e-01  5.1894993e-01  3.4478442e-01  1.3451408e-01  2.9362830e-02
  2.5182980e-02  5.3016342e-02  1.0059545e-01  1.6350834e-01  1.5355963e-01
 -1.0202973e-02 -2.4251565e-01 -3.6338665e-01 -3.4510605e-01 -3.5647166e-01
 -5.1164812e-01 -7.0158206e-01 -7.6238700e-01 -7.0923157e-01 -6.8002434e-01
 -7.0479833e-01 -6.7276599e-01 -5.2360049e-01 -3.4435848e-01 -2.3387952e-01
 -1.6417768e-01 -3.7370914e-02  1.7244437e-01  3.9299809e-01  5.4289812e-01
  6.0118220e-01  6.0400730e-01  6.0887517e-01  6.5225139e-01  7.1201321e-01
  7.1075278e-01  5.7714708e-01  3.1342576e-01  6.4855702e-04 -2.5804068e-01
 -4.0526339e-01 -4.6131780e-01 -4.9604485e-01 -5.5445932e-01 -6.0852747e-01
 -5.9953060e-01 -5.2538248e-01 -4.5127782e-01 -4.2127955e-01 -3.9871784e-01
 -3.2252260e-01 -1.9128564e-01 -5.3972531e-02  6.0509388e-02  1.5919245e-01
  2.4289378e-01  2.9817455e-01  3.3753477e-01  4.0013474e-01  4.9091620e-01
  5.5367698e-01  5.3190195e-01  4.3750000e-01  3.3527469e-01  2.7034510e-01
  2.3223227e-01  1.7936370e-01  8.1901947e-02 -5.1425591e-02 -1.7080581e-01
 -2.1689412e-01 -1.7452191e-01 -9.2298331e-02 -3.4577973e-02 -1.9352834e-02
 -1.8882563e-02 -1.2874218e-02 -1.6181328e-02 -5.3290160e-02 -1.2914204e-01
 -2.3048505e-01 -3.3497045e-01 -4.1409510e-01 -4.5145167e-01 -4.6779381e-01
 -5.0473748e-01 -5.6723748e-01 -6.0522427e-01 -5.7862483e-01 -5.2564325e-01
 -5.3429242e-01 -6.4551460e-01 -8.0611092e-01 -9.2233136e-01 -9.4328060e-01
 -8.8756085e-01 -8.0897949e-01 -7.4847879e-01 -7.1535987e-01 -6.9827886e-01
 -6.8619611e-01 -6.7567803e-01 -6.6394298e-01 -6.4912204e-01 -6.3929937e-01
 -6.4933936e-01 -6.7937239e-01 -7.0649339e-01 -7.0788421e-01 -6.8354485e-01
 -6.4760083e-01 -6.0983136e-01 -5.8236266e-01 -5.8597010e-01 -6.2008866e-01
 -6.3530076e-01 -5.7636474e-01 -4.6288248e-01 -3.8793463e-01 -4.1311718e-01
 -4.9382823e-01 -5.3894298e-01 -5.2077538e-01 -4.8904729e-01 -4.8878651e-01
 -5.1160466e-01 -5.3268428e-01 -5.5524166e-01 -5.9601008e-01 -6.5046940e-01
 -6.9232441e-01 -6.9614917e-01 -6.4903512e-01 -5.5567629e-01 -4.4445410e-01
 -3.5487656e-01 -3.0198627e-01 -2.6372566e-01 -2.1496436e-01 -1.5938369e-01
 -1.1054850e-01 -5.8114569e-02  2.0713665e-02  1.2065803e-01  2.0902295e-01
  2.6861092e-01  3.1628564e-01  3.6879346e-01  4.1354312e-01  4.3117611e-01
  4.3338404e-01  4.5775382e-01  5.2668637e-01  6.2521732e-01  7.1935848e-01
  7.8746523e-01  8.2923331e-01  8.5100834e-01  8.4822670e-01  8.0332928e-01
  7.0232093e-01  5.4950452e-01  3.6271297e-01  1.5667594e-01 -5.8484006e-02
 -2.6029207e-01 -4.1206537e-01 -4.9043811e-01 -5.1169159e-01 -5.1829798e-01
 -5.3972531e-01 -5.7280076e-01 -5.9892211e-01 -6.0505042e-01 -5.8557893e-01
 -5.3351008e-01 -4.4171592e-01 -3.1350400e-01 -1.6798939e-01 -3.2933762e-02
  7.0088665e-02  1.3707841e-01  1.7865525e-01  2.0339447e-01  2.0807111e-01
  1.8939499e-01  1.6094402e-01  1.4544506e-01  1.4525817e-01  1.3054590e-01
  6.6937587e-02 -4.7761648e-02 -1.8191064e-01 -3.0323800e-01 -4.0535901e-01
 -4.9904381e-01 -5.8553547e-01 -6.4890473e-01 -6.7650382e-01 -6.7867698e-01
 -6.7754694e-01 -6.7233136e-01 -6.2534771e-01 -4.9226356e-01 -2.6785031e-01
  2.7108397e-03  2.5720184e-01  4.5579798e-01  5.9253303e-01  6.8193672e-01
  7.4100313e-01  7.7977225e-01  7.9985223e-01  8.0389430e-01  8.0493741e-01
  8.1941064e-01  8.4635779e-01  8.6261300e-01  8.4683588e-01  8.0172114e-01
  7.4152469e-01  6.6159597e-01  5.3616134e-01  3.5229051e-01  1.3740873e-01
 -5.4368046e-02 -1.8184979e-01 -2.4109440e-01 -2.5594576e-01 -2.5090403e-01
 -2.3165855e-01 -1.8899079e-01 -1.1826756e-01 -3.1148296e-02  5.4633171e-02
  1.3339273e-01  2.1003129e-01  2.8110223e-01  3.2733397e-01  3.3220619e-01
  3.0185588e-01  2.5975748e-01  2.2599096e-01  2.0855355e-01  2.1034857e-01
  2.3320584e-01  2.7149252e-01  3.0971836e-01  3.3242350e-01  3.3522688e-01
  3.2472618e-01  3.1052243e-01  2.9919593e-01  2.9397601e-01  2.9652729e-01
  3.0795810e-01  3.2595619e-01  3.4103790e-01  3.3849531e-01  3.0959666e-01
  2.6142211e-01  2.1253042e-01  1.7619524e-01  1.5102138e-01  1.2822062e-01
  1.0412465e-01  8.1441238e-02  6.0913595e-02  3.6665073e-02 -7.0636300e-04
 -5.9466273e-02 -1.4398470e-01 -2.5207319e-01 -3.7179677e-01 -4.8400556e-01
 -5.7253999e-01 -6.3321453e-01 -6.7241829e-01 -6.9649687e-01 -7.0692803e-01
 -7.0636300e-01 -7.0475487e-01 -7.0953581e-01 -7.0518950e-01 -6.5177330e-01
 -5.1551634e-01 -3.0418985e-01 -6.8371871e-02  1.3574409e-01  2.7948105e-01
  3.6069193e-01  3.8374478e-01  3.5293811e-01  2.8391864e-01  2.0674983e-01
  1.4767038e-01  1.1017472e-01  7.8450974e-02  4.0386387e-02  2.2436978e-03
 -1.9724444e-02 -1.9097271e-02 -4.7327017e-03  1.2938978e-02  3.6034857e-02
  7.4052503e-02  1.2453929e-01  1.6646818e-01  1.7755129e-01  1.5595445e-01
  1.2147949e-01  9.5944889e-02  8.6417768e-02  8.6530772e-02  8.8225834e-02
  8.8286683e-02  8.5670202e-02  7.7529555e-02  6.1030946e-02  3.9191151e-02
  2.4611439e-02  3.2691238e-02  6.8306676e-02  1.1948018e-01  1.6712882e-01
  2.0198192e-01  2.2918985e-01  2.5676721e-01  2.8385779e-01  3.0336405e-01
  3.1376043e-01  3.2361787e-01  3.4365438e-01  3.7540855e-01  4.1064847e-01
  4.4041203e-01  4.6422983e-01  4.8813456e-01  5.1486439e-01  5.3998609e-01
  5.5884910e-01  5.7345271e-01  5.8736092e-01  5.9674896e-01  5.9322844e-01
  5.7432197e-01  5.4528860e-01  5.0943150e-01  4.6409944e-01  4.0874478e-01
  3.4723574e-01  2.7728616e-01  1.8717837e-01  7.4708797e-02 -3.5868394e-02
 -1.0954451e-01 -1.3507910e-01 -1.3289725e-01 -1.2771210e-01 -1.2493915e-01
 -1.1853703e-01 -1.0698887e-01 -8.9255911e-02 -5.5185153e-02  2.4833102e-03
  6.7372218e-02  1.0679764e-01  1.0674983e-01  8.9290682e-02  8.8703929e-02
  1.1813717e-01  1.6563804e-01  2.1562065e-01  2.6153946e-01  2.9822236e-01
  3.1292594e-01  2.9112048e-01  2.2912031e-01  1.3981659e-01  4.6266516e-02
 -3.1984092e-02 -9.0129520e-02 -1.3789551e-01 -1.8591794e-01 -2.3249739e-01
 -2.6646384e-01 -2.8185414e-01 -2.8554416e-01 -2.8923418e-01 -2.9724878e-01
 -3.0422896e-01 -3.0100834e-01 -2.8005911e-01 -2.3760866e-01 -1.7444367e-01
 -9.6614221e-02 -1.5858397e-02  5.0664986e-02  8.7478268e-02  9.4966968e-02
  9.6244784e-02  1.1851095e-01  1.5967490e-01  1.8129781e-01  1.4448453e-01
  5.1143081e-02 -5.7566933e-02 -1.4309371e-01 -1.9965229e-01 -2.4387170e-01
 -2.8583971e-01 -3.1838056e-01 -3.2985918e-01 -3.1934110e-01 -2.9945236e-01
 -2.8644819e-01 -2.8589186e-01 -2.8690455e-01 -2.7309197e-01 -2.3999044e-01
 -1.9737917e-01 -1.5487222e-01 -1.1432980e-01 -8.1476008e-02 -7.5147775e-02
 -1.1071801e-01 -1.7522166e-01 -2.3028077e-01 -2.4351965e-01 -2.1229572e-01
 -1.5568063e-01 -9.2928547e-02 -3.4685761e-02  1.1163508e-02  3.5401165e-02
  3.2466533e-02  8.4913943e-03 -1.8098922e-02 -2.6962361e-02 -1.1599009e-02
  1.5565890e-02  3.6698105e-02  4.5953581e-02  4.7757302e-02  3.9697931e-02
  8.5796245e-03 -4.8005042e-02 -1.0489830e-01 -1.2747305e-01 -1.0737570e-01
 -7.1253477e-02 -5.2499131e-02 -6.1361266e-02 -8.5826669e-02 -1.1316499e-01
 -1.4042507e-01 -1.6753303e-01 -1.9008171e-01 -2.0357267e-01 -2.0992264e-01
 -2.1461666e-01 -2.1959318e-01 -2.2368741e-01 -2.2941586e-01 -2.4375869e-01
 -2.6827625e-01 -2.9229833e-01 -3.0214273e-01 -2.9596227e-01 -2.8194106e-01
 -2.6196975e-01 -2.2703408e-01 -1.7363091e-01 -1.1457319e-01 -6.2530424e-02
 -8.9925243e-03  6.3569193e-02  1.4780076e-01  2.0672375e-01  2.1287378e-01
  1.8106745e-01  1.4871349e-01  1.3171940e-01  1.1591620e-01  9.2945932e-02
  8.4714013e-02  1.1928894e-01  1.8908206e-01  2.4650556e-01  2.4518428e-01
  1.8200626e-01  9.6079624e-02  2.8759997e-02 -1.3636127e-02 -5.7140994e-02
 -1.2389169e-01 -2.0334666e-01 -2.6276947e-01 -2.8154120e-01 -2.6634649e-01
 -2.3257997e-01 -1.8307111e-01 -1.1438630e-01 -3.6388213e-02  2.8518341e-02
  6.7958971e-02  9.1711579e-02  1.1632476e-01  1.4515386e-01  1.7035814e-01
  1.8963839e-01  2.1155685e-01  2.4243307e-01  2.7478268e-01  2.9276773e-01
  2.8759127e-01  2.6502086e-01  2.3787378e-01  2.1447757e-01  1.9504086e-01
  1.7581276e-01  1.5158640e-01  1.1566846e-01  6.5303373e-02  1.2972444e-02
 -1.3166290e-02  7.8737830e-03  6.2382650e-02  1.0637604e-01  1.0456798e-01
  6.3521384e-02  2.1338230e-02  8.2701669e-03  2.4395862e-02  5.2142733e-02
  7.9702712e-02  1.0672809e-01  1.3462274e-01  1.5789291e-01  1.6371697e-01
  1.3644385e-01  6.7059284e-02 -3.4489743e-02 -1.3764777e-01 -2.0876217e-01
 -2.3617003e-01 -2.3683936e-01 -2.3756085e-01 -2.5122131e-01 -2.7098835e-01
 -2.8244958e-01 -2.7507389e-01 -2.4336318e-01 -1.8383606e-01 -9.7518255e-02
  4.1429068e-03  9.9773992e-02  1.6825887e-01  1.9923939e-01  1.9528860e-01
  1.6578581e-01  1.2150991e-01  7.2422636e-02  2.6047462e-02 -1.4811805e-02
 -5.0678025e-02 -7.9215925e-02 -9.2333102e-02 -8.3840403e-02 -5.9066412e-02
 -3.1525991e-02 -7.3452712e-03  2.3612222e-02  7.5586752e-02  1.4536683e-01
  2.0707145e-01  2.3096749e-01  2.0835362e-01  1.5750608e-01  1.0593272e-01
  6.8024166e-02  3.9848748e-02  1.2966360e-02 -1.2130563e-02 -2.9875695e-02
 -4.3249739e-02 -6.5655424e-02 -1.0431154e-01 -1.4574061e-01 -1.6485570e-01
 -1.4947844e-01 -1.1116568e-01 -7.0188630e-02 -3.4178112e-02  4.2873348e-03
  5.2329624e-02  1.0490264e-01  1.4841794e-01  1.7153599e-01  1.7112743e-01
  1.5108223e-01  1.1943672e-01  8.5131259e-02  5.4389777e-02  2.8213230e-02
  3.7372218e-03 -2.2545636e-02 -5.3103268e-02 -8.8547462e-02 -1.2652990e-01
 -1.6042246e-01 -1.8077625e-01 -1.8071975e-01 -1.6031815e-01 -1.2691672e-01
 -9.0907510e-02 -5.9840056e-02 -3.5764517e-02 -1.6316064e-02  1.8110223e-03
  2.1491655e-02  4.5232093e-02  7.3943846e-02  1.0325539e-01  1.2239221e-01
  1.1968446e-01  9.0633693e-02  4.0588926e-02 -2.0035205e-02 -8.1336926e-02
 -1.3631780e-01 -1.8035466e-01 -2.1013126e-01 -2.2274861e-01 -2.1615960e-01
 -1.9161596e-01 -1.5700191e-01 -1.2528686e-01 -1.0796245e-01 -1.0812761e-01
 -1.2077104e-01 -1.3766081e-01 -1.5169941e-01 -1.5756259e-01 -1.5110396e-01
 -1.2950713e-01 -9.3106745e-02 -4.7387865e-02 -4.0783206e-03  2.3135866e-02
  2.6667246e-02  1.0166464e-02 -1.5074757e-02 -3.8822149e-02 -5.6015299e-02
 -6.4312413e-02 -6.1735049e-02 -4.9195932e-02 -3.1507736e-02 -1.2990699e-02
  7.4434979e-03  3.3856485e-02  6.7150556e-02  1.0290334e-01  1.3490960e-01
  1.5818846e-01  1.6894124e-01  1.6621175e-01  1.5473748e-01  1.4333710e-01
  1.3729572e-01  1.3342750e-01  1.2417855e-01  1.0566325e-01  7.9515821e-02
  4.8470097e-02  1.3831276e-02 -2.1867611e-02 -5.3585709e-02 -7.6573366e-02
 -9.0046940e-02 -9.5310327e-02 -9.2215751e-02 -7.9854833e-02 -6.0870132e-02
 -4.3231485e-02 -3.5268602e-02 -3.9836144e-02 -5.3177156e-02 -6.8997740e-02
 -8.3375348e-02 -9.6453408e-02 -1.1038769e-01 -1.2571714e-01 -1.3993828e-01
 -1.4967837e-01 -1.5458102e-01 -1.5733223e-01 -1.5881867e-01 -1.5323800e-01
 -1.2936370e-01 -7.8103268e-02  2.5190803e-04  9.5040855e-02  1.9055546e-01
  2.7207058e-01  3.2930285e-01  3.5729746e-01  3.5648470e-01  3.3354485e-01
  3.0084753e-01  2.7180546e-01  2.5292507e-01  2.3842576e-01  2.1473401e-01
  1.7396123e-01  1.2320063e-01  7.8985570e-02  5.1981919e-02  3.9344576e-02
  3.2500435e-02  2.8039378e-02  2.7668202e-02  2.9935240e-02  2.8375782e-02
  2.0003912e-02  1.2594315e-02  1.9727486e-02  4.9143776e-02  9.7631259e-02
  1.5543724e-01  2.1177417e-01  2.5505476e-01  2.7197497e-01  2.5260779e-01
  2.0003477e-01  1.3454885e-01  8.2545202e-02  5.6189152e-02  4.3266255e-02
  2.1258258e-02 -1.7649948e-02 -5.8627434e-02 -8.3327538e-02 -9.1307371e-02
 -9.7218359e-02 -1.0830146e-01 -1.1406467e-01 -1.0050852e-01 -6.7859006e-02
 -2.8139343e-02  8.8847357e-03  4.0887083e-02  6.5103442e-02  7.5265125e-02
  6.9458449e-02  5.4359353e-02  3.6286509e-02  1.2050591e-02 -2.5483745e-02
 -7.4148122e-02 -1.2190542e-01 -1.6060935e-01 -1.9389777e-01 -2.2833362e-01
 -2.6035292e-01 -2.7780772e-01 -2.7212274e-01 -2.4366307e-01 -1.9530163e-01
 -1.2784249e-01 -4.6123088e-02  3.5287726e-02  9.9508866e-02  1.4091186e-01
  1.6742437e-01  1.8869089e-01  2.0571106e-01  2.1457754e-01  2.1492959e-01
  2.1075278e-01  2.0310761e-01  1.8700017e-01  1.5642385e-01  1.1027034e-01
  5.2933762e-02 -7.5573713e-03 -6.1526426e-02 -1.0087796e-01 -1.2469576e-01
 -1.4018168e-01 -1.5489395e-01 -1.6859353e-01 -1.7466099e-01 -1.6970619e-01
 -1.5850574e-01 -1.4876130e-01 -1.4305459e-01 -1.3843011e-01 -1.3140212e-01
 -1.2114047e-01 -1.0944889e-01 -9.9913074e-02 -9.6870654e-02 -1.0102138e-01
 -1.0566759e-01 -1.0024339e-01 -8.0089534e-02 -5.1403860e-02 -2.4368915e-02
 -2.4063804e-03  1.9426287e-02  4.5192976e-02  7.1501217e-02  9.1129172e-02
  1.0144732e-01  1.0642820e-01  1.1058328e-01  1.1342142e-01  1.1123522e-01
  1.0343359e-01  9.4236787e-02  8.7904207e-02  8.3909944e-02  7.6808067e-02
  5.9970445e-02  2.7998088e-02 -2.2118394e-02 -8.7995480e-02 -1.5798853e-01
 -2.1382128e-01 -2.4109006e-01 -2.3815195e-01 -2.1461231e-01 -1.8139777e-01
 -1.4403686e-01 -1.0545897e-01 -7.0897079e-02 -4.7670376e-02 -4.0539812e-02
 -4.9530598e-02 -7.0949235e-02 -9.9530598e-02 -1.2848140e-01 -1.5020428e-01
 -1.5857962e-01 -1.5147775e-01 -1.3151078e-01 -1.0471140e-01 -7.8559631e-02
 -5.9448887e-02 -5.0039117e-02 -4.8552677e-02 -5.1025730e-02 -5.3781293e-02
 -5.4650556e-02 -5.2103616e-02 -4.5597184e-02 -3.6781120e-02 -2.8332754e-02
 -2.0326843e-02 -8.5374652e-03  1.1349965e-02  3.7577364e-02  6.2174026e-02
  7.7920723e-02  8.4714013e-02  8.8086752e-02  9.2963317e-02  1.0058241e-01
  1.1011822e-01  1.2006693e-01  1.2699061e-01  1.2547375e-01  1.1204798e-01
  8.8899513e-02  6.2669506e-02  3.9567542e-02  2.3195410e-02  1.5051721e-02
  1.5554155e-02  2.3043724e-02  3.4261127e-02  4.6844576e-02  6.1269993e-02
  7.9037726e-02  1.0049983e-01  1.2483484e-01  1.5126912e-01  1.7767733e-01
  1.9979138e-01  2.1348661e-01  2.1898470e-01  2.2023644e-01  2.1892820e-01
  2.1137430e-01  1.9371088e-01  1.6856311e-01  1.4450191e-01  1.2776860e-01
  1.1778946e-01  1.1126999e-01  1.0765821e-01  1.0857093e-01  1.1287813e-01
  1.1583362e-01  1.1265647e-01  1.0151252e-01  8.2519124e-02  5.6675939e-02
  2.6587274e-02 -2.4709666e-03 -2.4591881e-02 -3.6410379e-02 -3.8992524e-02
 -3.6863700e-02 -3.4889169e-02 -3.4467576e-02 -3.2805546e-02 -2.7440890e-02
 -2.2154033e-02 -2.5822757e-02 -4.3364482e-02 -6.8228442e-02 -8.7165334e-02
 -9.2798157e-02 -8.9534075e-02 -8.6578581e-02 -8.7760779e-02 -9.0707580e-02
 -9.3445758e-02 -9.7683414e-02 -1.0453755e-01 -1.1011822e-01 -1.0887083e-01
 -9.9965229e-02 -8.9273296e-02 -8.3857789e-02 -8.6104833e-02 -9.2541725e-02
 -9.7296592e-02 -9.6492524e-02 -9.0507650e-02 -8.2814673e-02 -7.5773644e-02
 -6.7698192e-02 -5.5524166e-02 -4.0641516e-02 -2.9688369e-02 -2.7616916e-02
 -3.1830668e-02 -3.4752260e-02 -3.3374478e-02 -3.2283554e-02 -3.7171419e-02
 -4.7161857e-02 -5.6397775e-02 -6.1022253e-02 -6.3169332e-02 -6.7437413e-02
 -7.5508519e-02 -8.4718359e-02 -9.1185675e-02 -9.3380563e-02 -9.2033206e-02
 -8.7139256e-02 -7.5882302e-02 -5.4733136e-02 -2.4580581e-02  8.2119263e-03
  3.6062674e-02  5.5315542e-02  6.6529033e-02  7.1366481e-02  7.1396905e-02
  6.8006780e-02  6.0839708e-02  4.6375174e-02  2.1299113e-02 -1.1101791e-02
 -4.1098748e-02 -6.0431154e-02 -6.9588839e-02 -7.4660987e-02 -7.9215925e-02
 -8.1880216e-02 -8.1645515e-02 -8.1050070e-02 -8.2810327e-02 -8.5035640e-02
 -8.1901947e-02 -6.9375869e-02 -4.9035118e-02 -2.7607354e-02 -1.3033727e-02
 -9.7483484e-03 -1.6399079e-02 -2.7426113e-02 -3.7313543e-02 -4.3134127e-02
 -4.3628303e-02 -3.8089360e-02 -2.7530859e-02 -1.5498522e-02 -6.3899513e-03
 -3.5432024e-03 -9.7809458e-03 -2.8209753e-02 -5.8592663e-02 -9.3663074e-02
 -1.2223574e-01 -1.3776513e-01 -1.4201147e-01 -1.3976443e-01 -1.3241481e-01
 -1.1908901e-01 -1.0118220e-01 -8.1436892e-02 -5.9488004e-02 -3.1750261e-02
  2.3327104e-03  3.7528251e-02  6.7728616e-02  9.1407337e-02  1.0905337e-01
  1.1795462e-01  1.1295636e-01  9.3776078e-02  6.7350487e-02  4.1441238e-02
  1.7859006e-02 -5.9005563e-03 -2.9972184e-02 -5.0113004e-02 -6.2978095e-02
 -7.0253825e-02 -7.5717142e-02 -7.9550591e-02 -7.7742524e-02 -6.7111439e-02
 -4.9439325e-02 -3.0005216e-02 -1.3523122e-02 -2.7093185e-03  5.7345271e-04
 -4.6070932e-03 -1.6775904e-02 -3.1037900e-02 -4.2042768e-02 -4.6888039e-02
 -4.4484527e-02 -3.3541377e-02 -1.4135518e-02  8.5044332e-03  2.4442368e-02
  2.7154903e-02  2.0886648e-02  1.7258780e-02  2.3749131e-02  3.6839795e-02
  4.7292246e-02  5.0286857e-02  4.8287552e-02  4.5201669e-02  4.1291290e-02
  3.4581885e-02  2.6476008e-02  2.3080233e-02  3.0399861e-02  4.8091968e-02
  6.8610918e-02  8.3205841e-02  8.8990786e-02  9.0616307e-02  9.4158554e-02
  1.0010431e-01  1.0260779e-01  9.5975313e-02  8.0806676e-02  6.3638734e-02
  5.1469054e-02  4.6570758e-02  4.5814499e-02  4.3867350e-02  3.7519993e-02
  2.7859875e-02  1.9002086e-02  1.4259388e-02  1.3657858e-02  1.5203408e-02
  1.7785118e-02  2.1814152e-02  2.6881085e-02  3.0728877e-02  3.1602051e-02
  3.1414291e-02  3.4693150e-02  4.3330146e-02  5.2173157e-02  5.1699409e-02
  3.5958362e-02  8.1545549e-03 -2.2159249e-02 -4.7114047e-02 -6.5651078e-02
 -8.0854485e-02 -9.4888734e-02 -1.0809284e-01 -1.2181850e-01 -1.3799983e-01
 -1.5511561e-01 -1.6630737e-01 -1.6462969e-01 -1.4973053e-01 -1.2807719e-01
 -1.0704538e-01 -9.0724965e-02 -8.0402469e-02 -7.6012691e-02 -7.5013039e-02
 -7.3131085e-02 -6.8841273e-02 -6.5746697e-02 -6.7772079e-02 -7.2466099e-02
 -7.2553025e-02 -6.4460188e-02 -5.1942803e-02 -4.0175156e-02 -2.9339795e-02
 -1.7184892e-02 -5.4181154e-03  6.5520688e-04 -4.6718533e-04 -3.1931937e-03
 -6.8845619e-04  8.9277643e-03  2.2895949e-02  3.8361439e-02  5.3490090e-02
  6.5985744e-02  7.3943846e-02  7.8620480e-02  8.4096836e-02  9.2863352e-02
  1.0388126e-01  1.1562065e-01  1.2894211e-01  1.4386300e-01  1.5544593e-01
  1.5611092e-01  1.4337187e-01  1.2392646e-01  1.0874913e-01  1.0488526e-01
  1.1186109e-01  1.2484788e-01  1.3880824e-01  1.5073453e-01  1.5939239e-01
  1.6450800e-01  1.6620741e-01  1.6485136e-01  1.6173505e-01  1.5844054e-01
  1.5532424e-01  1.5034771e-01  1.4063369e-01  1.2576495e-01  1.0880563e-01
  9.3889082e-02  8.3318846e-02  7.6712448e-02  7.1992350e-02  6.6494263e-02
  5.8257997e-02  4.6783727e-02  3.2408293e-02  1.4825713e-02 -7.1023122e-03
 -3.3097184e-02 -6.0231224e-02 -8.4957406e-02 -1.0577191e-01 -1.2288769e-01
 -1.3524426e-01 -1.4050765e-01 -1.3870393e-01 -1.3441846e-01 -1.3277121e-01
 -1.3428373e-01 -1.3457928e-01 -1.3021558e-01 -1.2147514e-01 -1.0984006e-01
 -9.4449757e-02 -7.4326321e-02 -5.3111961e-02 -3.8061109e-02 -3.2661248e-02
 -3.2179242e-02 -2.9005998e-02 -2.0526773e-02 -1.0287726e-02 -2.1196540e-03
  3.5386387e-03  7.4365438e-03  8.6678547e-03  6.9028164e-03  5.7010605e-03
  1.0424635e-02  2.3043724e-02  4.0119089e-02  5.5663248e-02  6.5303373e-02
  6.8297983e-02  6.8184979e-02  7.1588143e-02  8.3718707e-02  1.0361179e-01
  1.2425243e-01  1.3829972e-01  1.4325887e-01  1.4163769e-01  1.3775209e-01
  1.3455755e-01  1.3227138e-01  1.2892038e-01  1.2353095e-01  1.1894124e-01
  1.1999305e-01  1.2797723e-01  1.3811283e-01  1.4462796e-01  1.4655772e-01
  1.4603182e-01  1.4198540e-01  1.2887691e-01  1.0342924e-01  7.0914465e-02
  4.2566933e-02  2.6846749e-02  2.4016429e-02  2.7864221e-02  3.1372131e-02
  3.0819280e-02  2.6620741e-02  2.1771123e-02  2.0360744e-02  2.5892733e-02
  3.8797375e-02  5.4937413e-02  6.7789465e-02  7.3604833e-02  7.4578408e-02
  7.4956537e-02  7.5312935e-02  7.2248783e-02  6.4760083e-02  5.7506085e-02
  5.5137344e-02  5.5285118e-02  4.9374131e-02  3.1406467e-02  3.4467142e-03
 -2.7593011e-02 -5.6150035e-02 -7.9628825e-02 -9.6305633e-02 -1.0454624e-01
 -1.0468098e-01 -9.9773992e-02 -9.2819889e-02 -8.4235918e-02 -7.3013734e-02
 -6.0783206e-02 -5.3390125e-02 -5.6397775e-02 -6.8315369e-02 -7.8750869e-02
 -7.5964882e-02 -5.7884214e-02 -3.4444541e-02 -1.8251912e-02 -1.2851182e-02
 -1.1358658e-02 -6.0357267e-03  3.7125348e-03  1.3098922e-02  2.0207754e-02
  2.9567976e-02  4.6948887e-02  7.2409597e-02  9.8670028e-02  1.1605529e-01
  1.1902382e-01  1.0933154e-01  9.4315021e-02  8.1471662e-02  7.3748261e-02
  6.8980355e-02  6.3977747e-02  5.8040682e-02  5.2264430e-02  4.5940542e-02
  3.6926287e-02  2.5557632e-02  1.6258693e-02  1.3740438e-02  1.8209753e-02
  2.5811022e-02  3.2998522e-02  3.8270167e-02  3.9506259e-02  3.2250522e-02
  1.2859440e-02 -1.6419072e-02 -4.7557371e-02 -7.2205320e-02 -8.7356572e-02
 -9.4966968e-02 -9.7952886e-02 -9.7466099e-02 -9.4862656e-02 -9.4093359e-02
 -1.0009997e-01 -1.1336057e-01 -1.2744697e-01 -1.3400122e-01 -1.3033293e-01
 -1.2112743e-01 -1.1319106e-01 -1.1013995e-01 -1.1279120e-01 -1.2117959e-01
 -1.3402295e-01 -1.4679242e-01 -1.5362917e-01 -1.5179503e-01 -1.4310675e-01
 -1.3180633e-01 -1.2133171e-01 -1.1349531e-01 -1.0783206e-01 -1.0204277e-01
 -9.4467142e-02 -8.7174026e-02 -8.4566238e-02 -8.7391342e-02 -9.0685848e-02
 -8.9086405e-02 -8.2827712e-02 -7.6312587e-02 -7.2826843e-02 -7.4282858e-02
 -8.3783901e-02 -1.0369437e-01 -1.2893341e-01 -1.4777903e-01 -1.5207754e-01
 -1.4515386e-01 -1.3672201e-01 -1.3113700e-01 -1.2456537e-01 -1.1246088e-01
 -9.5771036e-02 -7.8850834e-02 -6.3977747e-02 -5.1090925e-02 -4.1081798e-02
 -3.5913161e-02 -3.5734092e-02 -3.7708188e-02 -3.8308849e-02 -3.6656815e-02
 -3.3996001e-02 -3.1853703e-02 -3.0950539e-02 -3.1782858e-02 -3.5203842e-02
 -4.1137430e-02 -4.7661683e-02 -5.1238700e-02 -4.8213665e-02 -3.7221836e-02
 -2.1153512e-02 -6.9236787e-03 -1.0015647e-03 -4.2150122e-03 -1.0741047e-02
 -1.4083797e-02 -1.2793811e-02 -9.5110396e-03 -5.5811022e-03 -1.7608223e-04
  5.3324930e-03  6.0013908e-03 -8.3470967e-04 -1.0854051e-02 -1.7327886e-02
 -1.8857354e-02 -1.9094663e-02 -1.9512344e-02 -1.7238352e-02 -1.1496436e-02
 -7.5143428e-03 -1.0648905e-02 -1.9192020e-02 -2.6909336e-02 -3.1026599e-02
 -3.3822583e-02 -3.7242698e-02 -4.0040421e-02 -4.0613265e-02 -3.9013387e-02
 -3.4822236e-02 -2.6672462e-02 -1.5624565e-02 -5.2746871e-03  3.5219924e-03
  1.5657163e-02  3.4909597e-02  5.7110570e-02  7.4448018e-02  8.4774861e-02
  9.2511300e-02  1.0035205e-01  1.0555024e-01  1.0608919e-01  1.0500261e-01
  1.0471575e-01  1.0142559e-01  9.0272949e-02  7.3213665e-02  5.6519471e-02
  4.1687239e-02  2.5175156e-02  7.3144124e-03 -5.5750174e-03 -1.0931850e-02
 -1.6368654e-02 -3.1432111e-02 -5.4646210e-02 -7.3622218e-02 -7.7086231e-02
 -6.3499652e-02 -3.8942542e-02 -1.1769385e-02  1.0409423e-02  2.3477486e-02
  2.9402816e-02  3.3932980e-02  4.0350313e-02  4.6922809e-02  5.1916725e-02
  5.7271384e-02  6.4625348e-02  7.0731919e-02  6.9697497e-02  6.0018255e-02
  4.5445063e-02  3.0720619e-02  1.9073800e-02  1.3872131e-02  1.7158814e-02
  2.6268255e-02  3.4292420e-02  3.6569019e-02  3.3671332e-02  2.7254433e-02
  1.6307806e-02  1.8925591e-03 -8.0715403e-03 -3.7985483e-03  1.5664551e-02
  4.0120393e-02  5.8053720e-02  6.5303373e-02  6.4190716e-02  5.7932024e-02
  4.9313282e-02  4.1834145e-02  3.7254868e-02  3.2701669e-02  2.3696540e-02
  1.0007389e-02 -4.5101704e-03 -1.7448713e-02 -2.9843533e-02 -4.0167333e-02
 -4.1796766e-02 -2.9967837e-02 -1.0219489e-02  5.1038769e-03  9.4275904e-03
  8.0319889e-03  1.0855355e-02  2.2167942e-02  3.9121175e-02  5.6462969e-02
  6.9301982e-02  7.3187587e-02  6.6642038e-02  5.4611439e-02  4.5944889e-02
  4.5066933e-02  4.7370480e-02  4.5019124e-02  3.6015734e-02  2.5640647e-02
  1.9690542e-02  1.8734788e-02  1.9724009e-02  2.0268602e-02  1.9107267e-02
  1.4478442e-02  4.7761648e-03 -8.4700974e-03 -2.0371175e-02 -2.6786770e-02
 -2.8207145e-02 -2.8410118e-02 -2.9959145e-02 -3.2826843e-02 -3.6965838e-02
 -4.3949930e-02 -5.4554937e-02 -6.5216446e-02 -6.9532337e-02 -6.3625695e-02
 -5.0217316e-02 -3.6263908e-02 -2.7615612e-02 -2.5799722e-02 -2.7632563e-02
 -2.7473053e-02 -1.9963056e-02 -4.1456015e-03  1.4596227e-02  2.7463491e-02
  2.8529642e-02  1.8544419e-02  2.7103616e-03 -1.3200626e-02 -2.4815716e-02
 -2.9313282e-02 -2.6360396e-02 -1.9158988e-02 -1.3770862e-02 -1.5474183e-02
 -2.5278164e-02 -3.8885170e-02 -4.9643602e-02 -5.3546592e-02 -5.2794680e-02
 -5.3251043e-02 -5.7571280e-02 -6.0696280e-02 -5.4789638e-02 -3.8346662e-02
 -1.9294159e-02 -7.9528860e-03 -7.5586752e-03 -1.2496088e-02 -1.5181676e-02
 -1.3364047e-02 -1.0744089e-02 -1.1100052e-02 -1.3370567e-02 -1.2691672e-02
 -6.5768428e-03  1.3491394e-03  5.4428894e-03  4.9069889e-03  5.4820063e-03
  1.2839013e-02  2.6355615e-02  4.0803634e-02  5.2712100e-02  6.3047636e-02
  7.3587448e-02  8.3918637e-02  9.3324061e-02  1.0303373e-01  1.1494263e-01
  1.2739917e-01  1.3517472e-01  1.3380998e-01  1.2377434e-01  1.1019211e-01
  9.9226356e-02  9.4367177e-02  9.5127782e-02  9.8500522e-02  1.0210362e-01
  1.0537204e-01  1.0827973e-01  1.0944889e-01  1.0764951e-01  1.0465056e-01
  1.0517646e-01  1.1284771e-01  1.2662552e-01  1.4208102e-01  1.5412465e-01
  1.5821888e-01  1.5043898e-01  1.3051547e-01  1.0462013e-01  8.2471314e-02
  6.9719228e-02  6.3625695e-02  5.8275382e-02  5.1655946e-02  4.6023122e-02
  4.1604659e-02  3.4445410e-02  2.2187065e-02  9.7987656e-03  6.6507302e-03
  1.7164465e-02  3.6039204e-02  5.2768602e-02  6.0074757e-02  5.7080146e-02
  4.7357441e-02  3.5848401e-02  2.7576930e-02  2.5927069e-02  2.9896992e-02
  3.3607006e-02  3.0249478e-02  1.7861179e-02  7.1266516e-04 -1.4238526e-02
 -2.1320410e-02 -1.7817716e-02 -3.7814239e-03  1.6776339e-02  3.6635083e-02
  4.8987309e-02  5.1873261e-02  4.8543985e-02  4.4232441e-02  4.2270080e-02
  4.3550070e-02  4.6453408e-02  4.6696801e-02  3.9536248e-02  2.3965143e-02
  5.3929068e-03 -7.4843533e-03 -9.9352399e-03 -4.8791725e-03  5.6484701e-04
  1.7127521e-03  2.2064499e-04  9.0259910e-04  5.7775556e-03  1.1143950e-02
  1.1101356e-02  3.6053112e-03 -7.6951495e-03 -1.7597792e-02 -2.4421071e-02
 -2.9536248e-02 -3.3641777e-02 -3.5314673e-02 -3.4347618e-02 -3.3898209e-02
 -3.8081537e-02 -4.7878999e-02 -6.0166029e-02 -7.0066933e-02 -7.3991655e-02
 -7.0723227e-02 -6.2017559e-02 -5.1264777e-02 -4.1034857e-02 -3.0621958e-02
 -1.7878999e-02 -3.2475661e-03  9.3919506e-03  1.6130911e-02  1.6657684e-02
  1.2861613e-02  5.2625174e-03 -7.3061544e-03 -2.3859962e-02 -3.9197236e-02
 -4.7031467e-02 -4.5262517e-02 -3.7410901e-02 -2.8601356e-02 -2.1811544e-02
 -1.8696540e-02 -2.2077104e-02 -3.5888387e-02 -5.9974791e-02 -8.6309110e-02
 -1.0237309e-01 -1.0068237e-01 -8.5274687e-02 -6.8311022e-02 -5.9683588e-02
 -6.0426808e-02 -6.5694541e-02 -7.1201321e-02 -7.5356398e-02 -7.6225661e-02
 -7.0601530e-02 -5.8349270e-02 -4.5818846e-02 -4.1691586e-02 -4.8596140e-02
 -5.9896558e-02 -6.5681502e-02 -6.1222184e-02 -4.9591446e-02 -3.8274513e-02
 -3.3737396e-02 -3.8746523e-02 -5.1860223e-02 -6.8363178e-02 -8.2510431e-02
 -8.9825278e-02 -8.8291029e-02 -7.8703060e-02 -6.5598922e-02 -5.6171766e-02
 -5.5693672e-02 -6.2626043e-02 -6.9449757e-02 -7.0010431e-02 -6.5081711e-02
 -5.9635779e-02 -5.5619784e-02 -5.0278164e-02 -4.1678112e-02 -3.3025035e-02
 -2.9161596e-02 -3.0083449e-02 -3.0643255e-02 -2.5925765e-02 -1.5228616e-02
 -5.2029729e-04  1.5766690e-02  3.0656293e-02  4.0265994e-02  4.2396992e-02
  3.8730007e-02  3.2708188e-02  2.6323887e-02  2.0948800e-02  2.0827538e-02
  3.0282076e-02  4.6544680e-02  5.8353616e-02  5.6289117e-02  4.2995480e-02
  2.9803981e-02  2.4092490e-02  2.3479659e-02  2.3021123e-02  2.3028946e-02
  2.6711579e-02  3.3241047e-02  3.7596923e-02  3.6725921e-02  3.2747740e-02
  2.9105094e-02  2.6524252e-02  2.3684805e-02  1.9887865e-02  1.5495480e-02
  1.1517733e-02  9.6614221e-03  1.1298679e-02  1.5576321e-02  2.0060848e-02
  2.4338056e-02  3.1384736e-02  4.2727312e-02  5.2929416e-02  5.3142385e-02
  4.0651513e-02  2.2593880e-02  7.8229312e-03 -2.5484179e-03 -1.4367611e-02
 -3.0691933e-02 -4.6549026e-02 -5.4489743e-02 -5.3681328e-02 -5.0617177e-02
 -5.1338665e-02 -5.4385431e-02 -5.2955494e-02 -4.4175939e-02 -3.4101617e-02
 -3.2181415e-02 -4.1156120e-02 -5.3390125e-02 -5.8588317e-02 -5.4050765e-02
 -4.6179590e-02 -4.2523470e-02 -4.4149861e-02 -4.6136127e-02 -4.4188978e-02
 -3.8722618e-02 -3.2945063e-02 -2.8617872e-02 -2.4885692e-02 -2.0791464e-02
 -1.7887691e-02 -1.9434545e-02 -2.6185675e-02 -3.3427503e-02 -3.3782597e-02
 -2.4409336e-02 -1.1023992e-02 -3.8760431e-03 -8.8921245e-03 -2.2784249e-02
 -3.6443846e-02 -4.2418289e-02 -3.9205059e-02 -2.9986961e-02 -1.9268515e-02
 -1.0359440e-02 -4.5840577e-03 -1.8377955e-03 -1.2876825e-03 -1.9853095e-03
 -2.6761996e-03 -2.5701930e-03 -2.2296592e-03 -4.1406467e-03 -1.0761909e-02
 -2.1422114e-02 -3.1768950e-02 -3.7172723e-02 -3.6187413e-02 -3.1058762e-02
 -2.4172896e-02 -1.5939239e-02 -5.7375695e-03  5.6015299e-03  1.5748870e-02
  2.3182806e-02  2.9033814e-02  3.5870132e-02  4.4827886e-02  5.4689673e-02
  6.3312761e-02  6.9293289e-02  7.1805459e-02  7.0410292e-02  6.6481224e-02
  6.3482267e-02  6.4077712e-02  6.6024861e-02  6.3721314e-02  5.4824409e-02
  4.4058588e-02  3.8959927e-02  4.2431763e-02  5.1542942e-02  6.2234875e-02
  7.2174896e-02  7.8490090e-02  7.6216968e-02  6.2886822e-02  4.2678634e-02
  2.3321888e-02  8.5200800e-03 -4.6253477e-03 -1.9919159e-02 -3.7179242e-02
 -5.3198887e-02 -6.5798853e-02 -7.3639604e-02 -7.3769993e-02 -6.2952017e-02
 -4.2167507e-02 -1.8510953e-02 -5.4885257e-04  7.1644645e-03  5.4572323e-03
 -1.5556763e-03 -8.5683241e-03 -1.0120393e-02 -3.2872045e-03  9.3428373e-03
  2.0549809e-02  2.3294072e-02  1.5866220e-02  1.8910379e-03 -1.3430546e-02
 -2.5955320e-02 -3.3046766e-02 -3.3435761e-02 -2.7895949e-02 -1.9226791e-02
 -1.0298157e-02 -1.9128129e-03  6.7311370e-03  1.6358223e-02  2.6141777e-02
  3.3929937e-02  3.7036683e-02  3.3152816e-02  2.1738960e-02  5.0456363e-03
 -1.2656902e-02 -2.7435240e-02 -3.7762952e-02 -4.4775730e-02 -5.0421592e-02
 -5.5519819e-02 -5.8497045e-02 -5.6867177e-02 -4.9052503e-02 -3.6009214e-02
 -2.0407250e-02 -5.2677330e-03  6.9732267e-03  1.5098227e-02  1.9677069e-02
  2.2702973e-02  2.5342490e-02  2.6452538e-02  2.4251565e-02  1.9797462e-02
  1.6690282e-02  1.6791551e-02  1.7851182e-02  1.6891081e-02  1.4560153e-02
  1.4583623e-02  1.8670462e-02  2.4568846e-02  2.9198974e-02  3.2354398e-02
  3.5949235e-02  4.1148731e-02  4.6840229e-02  5.0356398e-02  4.9291551e-02
  4.3131085e-02  3.3836926e-02  2.4775730e-02  1.7267907e-02  9.6296940e-03
 -3.8877782e-04 -1.1908467e-02 -2.1590751e-02 -2.6770254e-02 -2.7679068e-02
 -2.5767124e-02 -2.1862830e-02 -1.6690282e-02 -1.1957145e-02 -9.1920202e-03
 -7.2544332e-03 -3.2463491e-03  3.7635605e-03  1.0514604e-02  1.2347010e-02
  8.0472010e-03  8.2362656e-04 -5.5472010e-03 -1.0366394e-02 -1.4871784e-02
 -1.8627434e-02 -1.8658293e-02 -1.2763387e-02 -2.6707232e-03  7.2101008e-03
  1.3933849e-02  1.7838578e-02  2.0628477e-02  2.2358310e-02  2.1602051e-02
  1.7511735e-02  1.0904033e-02  3.6541203e-03 -2.7936805e-03 -7.8707406e-03
 -1.1525122e-02 -1.4272427e-02 -1.6789378e-02 -1.9174200e-02 -2.0551113e-02
 -1.9857006e-02 -1.7067542e-02 -1.3422723e-02 -1.0658467e-02 -1.0069541e-02
 -1.2507389e-02 -1.8256259e-02 -2.6623348e-02 -3.5219489e-02 -4.0713230e-02
 -4.1053981e-02 -3.7539986e-02 -3.4232441e-02 -3.4963056e-02 -3.9936978e-02
 -4.6075278e-02 -5.0273818e-02 -5.2403512e-02 -5.4272427e-02 -5.6580320e-02
 -5.7932024e-02 -5.7293115e-02 -5.5876217e-02 -5.5232962e-02 -5.4928720e-02
 -5.3094576e-02 -4.9430633e-02 -4.5653686e-02 -4.2943324e-02 -3.9843533e-02
 -3.4414986e-02 -2.7459145e-02 -2.2185761e-02 -2.0406380e-02 -2.0257302e-02
 -1.8477921e-02 -1.4498870e-02 -1.0959232e-02 -1.0499826e-02 -1.2317889e-02
 -1.2867698e-02 -9.5875348e-03 -3.6671592e-03  1.7870306e-03  6.0248609e-03
  1.1401252e-02  1.9598835e-02  2.8055459e-02  3.1619871e-02  2.7912465e-02
  2.0064325e-02  1.3121088e-02  9.6466446e-03  8.2423505e-03  6.8380563e-03
  5.2785987e-03  4.9352399e-03  6.4295028e-03  8.4409771e-03  8.7191412e-03
  6.2017559e-03  2.1313456e-03 -1.7576495e-03 -5.2842490e-03 -9.6392559e-03
 -1.5132997e-02 -2.0238178e-02 -2.3531815e-02 -2.5583710e-02 -2.7505650e-02
 -2.9325017e-02 -3.0289465e-02 -3.0192976e-02 -2.8906467e-02 -2.4901773e-02
 -1.7429590e-02 -9.6727225e-03 -6.9884388e-03 -1.0230789e-02 -1.3317976e-02
 -1.0426373e-02 -3.6271732e-03  3.2525643e-04  4.4732267e-04  3.3385779e-03
  1.3709579e-02  2.5917507e-02  3.0076930e-02  2.4298070e-02  1.6371697e-02
  1.3465751e-02  1.3846054e-02  1.1146992e-02  3.7900296e-03 -3.3084145e-03
 -5.9301113e-03 -5.5232962e-03 -6.0222531e-03 -8.8764777e-03 -1.1963665e-02
 -1.3317107e-02 -1.3091533e-02 -1.2814673e-02 -1.3624392e-02 -1.5339882e-02
 -1.6537291e-02 -1.4785292e-02 -8.5817976e-03  8.3166725e-04  9.9078581e-03
  1.5594141e-02  1.7424374e-02  1.6588578e-02  1.4355007e-02  1.1552938e-02
  9.7596488e-03  1.0709753e-02  1.4739656e-02  2.0140821e-02  2.4714447e-02
  2.7812500e-02  3.0082580e-02  3.2300939e-02  3.4546245e-02  3.6503825e-02
  3.8205407e-02  3.9931328e-02  4.2149687e-02  4.4988700e-02  4.7957232e-02
  4.9400209e-02  4.7270515e-02  4.0870567e-02  3.2011909e-02  2.4007302e-02
  1.9212013e-02  1.7781207e-02  1.9300678e-02  2.3511822e-02  2.9146818e-02
  3.3228442e-02  3.2962013e-02  2.9176373e-02  2.6089186e-02  2.6806763e-02
  3.0396818e-02  3.4167681e-02  3.8016777e-02  4.4141168e-02  5.3294506e-02
  6.2530424e-02  6.8111092e-02  6.8828234e-02  6.5898818e-02  6.0687587e-02
  5.3229312e-02  4.3619611e-02  3.2794680e-02  2.1969315e-02  1.2049722e-02
  3.7094924e-03 -2.1466881e-03 -4.4310675e-03 -2.3679590e-03  4.1469924e-03
  1.4026426e-02  2.4345445e-02  3.0964013e-02  3.0517211e-02  2.3237570e-02
  1.3344489e-02  6.0135605e-03  3.2114047e-03  2.7388300e-03  1.5674113e-03
 -3.2882910e-04 -7.7568672e-04  4.3397079e-04  6.3404033e-04 -2.1417768e-03
 -5.9531467e-03 -7.0206015e-03 -4.0770167e-03  7.2992003e-04  5.2785987e-03
  9.9561022e-03  1.5824061e-02  2.2495654e-02  2.7871610e-02  3.0091707e-02
  2.8582667e-02  2.4849183e-02  2.2126217e-02  2.2870306e-02  2.5116481e-02
  2.3141951e-02  1.3611787e-02  6.6507302e-04 -7.6747218e-03 -8.1984527e-03
 -5.6945410e-03 -6.2182719e-03 -1.0209927e-02 -1.3425330e-02 -1.2759040e-02
 -9.3745654e-03 -6.0161683e-03 -4.3142820e-03 -4.4497566e-03 -6.0344228e-03
 -8.2662552e-03 -1.0135605e-02 -1.1124826e-02 -1.0768428e-02 -8.0828408e-03
 -2.4466273e-03  3.7070150e-03  4.9695758e-03 -2.4122914e-03 -1.6315629e-02
 -3.0141255e-02 -3.8325365e-02 -3.9961752e-02 -3.7301808e-02 -3.2390038e-02
 -2.5718446e-02 -1.6639864e-02 -5.4646210e-03  5.7619089e-03  1.4115525e-02
  1.8406207e-02  2.0031293e-02  2.0439847e-02  1.8131519e-02  1.0154729e-02
 -3.2044506e-03 -1.6848487e-02 -2.5032163e-02 -2.6589882e-02 -2.4550591e-02
 -2.2097097e-02 -2.0859701e-02 -2.2029294e-02 -2.6589447e-02 -3.3504433e-02
 -3.9254607e-02 -4.0528077e-02 -3.6883258e-02 -3.0289030e-02 -2.2995480e-02
 -1.6970184e-02 -1.3791290e-02 -1.4003390e-02 -1.6285640e-02 -1.7894645e-02
 -1.7252260e-02 -1.5574583e-02 -1.5786248e-02 -1.9931763e-02 -2.7234440e-02
 -3.5002608e-02 -4.1011387e-02 -4.5210362e-02 -4.8396210e-02 -5.0369437e-02
 -4.9674026e-02 -4.5923157e-02 -4.0390734e-02 -3.4519298e-02 -2.8545289e-02
 -2.2570845e-02 -1.7606050e-02 -1.4401078e-02 -1.1687674e-02 -7.3178894e-03
 -7.7386127e-04  6.9606224e-03  1.5315977e-02  2.4292420e-02  3.2001043e-02
  3.4921766e-02  3.2122740e-02  2.6865438e-02  2.2928112e-02  2.0388126e-02
  1.7201408e-02  1.4143776e-02  1.4657945e-02  1.9752695e-02  2.6012257e-02
  2.9787465e-02  3.1103964e-02  3.1928894e-02  3.2468707e-02  3.1275209e-02
  2.7907684e-02  2.3349270e-02  1.7574757e-02  9.3415334e-03 -1.3241481e-03
 -1.2041898e-02 -1.9808762e-02 -2.3383171e-02 -2.3360570e-02 -2.1060066e-02
 -1.7595184e-02 -1.3483136e-02 -8.3097184e-03 -2.2306154e-03  3.0201669e-03
  5.8384040e-03  7.4660987e-03  1.1630303e-02  1.9986526e-02  2.9663161e-02
  3.7424809e-02  4.3997740e-02  5.1655946e-02  5.8144993e-02  5.7240960e-02
  4.6053547e-02  2.9775296e-02  1.6547723e-02  1.0386387e-02  1.0047375e-02
  1.3642211e-02  2.0161683e-02  2.7794680e-02  3.3952973e-02  3.8297114e-02
  4.2952886e-02  4.8648296e-02  5.3146732e-02  5.4646210e-02  5.4902643e-02
  5.6376043e-02  5.8005911e-02  5.6215229e-02  4.9873957e-02  4.1459492e-02
  3.3538769e-02  2.6265212e-02  1.9018168e-02  1.2777295e-02  8.8417072e-03
  7.6251739e-03  9.2798157e-03  1.4427156e-02  2.1645949e-02  2.6044419e-02
  2.3403164e-02  1.5663682e-02  9.8909075e-03  1.0226008e-02  1.3510953e-02
  1.3768689e-02  1.0014343e-02  7.0106050e-03  8.6656815e-03  1.3452277e-02
  1.6841533e-02  1.7280076e-02  1.7253129e-02  1.9503651e-02  2.2918550e-02
  2.3409249e-02  1.8697844e-02  1.0906641e-02  4.5388561e-03  1.7945063e-03
  8.0980529e-04 -1.1580320e-03 -4.0831885e-03 -5.6888908e-03 -4.8357093e-03
 -2.9216794e-03 -2.1980181e-03 -3.3374478e-03 -5.7453929e-03 -7.9720097e-03
 -8.1019645e-03 -4.1948887e-03  3.4390212e-03  1.0452017e-02  1.1667681e-02
  6.1800243e-03 -9.6349096e-04 -3.8886474e-03 -2.1553373e-03 -6.0300765e-04
 -2.6482528e-03 -5.7545202e-03 -4.6422983e-03  1.5167768e-03  8.0897949e-03
  1.1479485e-02  1.4507128e-02  2.2011909e-02  3.2312239e-02  3.7358310e-02
  3.2156207e-02  2.1052677e-02  1.1942368e-02  6.5851008e-03  5.2851182e-04
 -8.0641516e-03 -1.4353268e-02 -1.3499652e-02 -8.0389430e-03 -5.1668985e-03
 -7.6512517e-03 -1.0860570e-02 -9.2046245e-03 -3.9251999e-03 -2.1137865e-03
 -8.7395688e-03 -2.0307719e-02 -2.7632563e-02 -2.4940890e-02 -1.5209927e-02
 -6.7211405e-03 -4.4441064e-03 -6.7476530e-03 -9.9048157e-03 -1.3864743e-02
 -2.1111353e-02 -3.1152643e-02 -3.8839099e-02 -3.8632215e-02 -3.0066064e-02
 -1.8290595e-02 -9.7240090e-03 -7.1618567e-03 -7.8603095e-03 -5.9192455e-03
  2.3882997e-03  1.5768428e-02  2.9434545e-02  3.9137257e-02  4.3281033e-02
  4.1493828e-02  3.4118133e-02  2.2782945e-02  1.0852312e-02  1.7683849e-03
 -2.6826756e-03 -2.7346140e-03 -3.2729485e-04  1.4583188e-03  3.9769645e-04
 -2.2161422e-03 -2.2933762e-03  2.3910814e-03  8.8612656e-03  1.2225748e-02
  1.1527295e-02  1.0958362e-02  1.4297201e-02  2.0715838e-02  2.6461666e-02
  2.9334579e-02  2.9930024e-02  2.9102486e-02  2.6152208e-02  1.9527121e-02
  9.4080320e-03 -1.8495306e-03 -1.0984875e-02 -1.5850139e-02 -1.7117959e-02
 -1.7298766e-02 -1.8489221e-02 -2.0714534e-02 -2.2706885e-02 -2.4285466e-02
 -2.6821540e-02 -3.1323887e-02 -3.6318672e-02 -3.8673505e-02 -3.6473401e-02
 -3.1193498e-02 -2.6327364e-02 -2.4152903e-02 -2.3971662e-02 -2.3479659e-02
 -2.1719402e-02 -1.9415855e-02 -1.7034075e-02 -1.3591794e-02 -7.6908032e-03
  9.9591446e-05  7.3722184e-03  1.2083188e-02  1.4516255e-02  1.6172636e-02
  1.7493046e-02  1.7027556e-02  1.3274948e-02  6.7276599e-03  1.2858571e-04
 -3.3388387e-03 -2.3550504e-03  1.3980789e-03  4.1932371e-03  2.5112135e-03
 -4.6309979e-03 -1.4827886e-02 -2.4454972e-02 -3.1002260e-02 -3.3822583e-02
 -3.2373522e-02 -2.5747566e-02 -1.5213839e-02 -5.7932024e-03 -3.1529033e-03
 -7.9924374e-03 -1.5057371e-02 -1.8576582e-02 -1.7075365e-02 -1.2209666e-02
 -5.0404207e-03  3.4227660e-03  9.4793115e-03  8.0558936e-03 -9.2420028e-04
 -1.0861874e-02 -1.4691846e-02 -1.2440021e-02 -9.1529033e-03 -6.9267211e-03
 -2.7343098e-03  5.7549548e-03  1.4916985e-02  1.8592229e-02  1.4736179e-02
  6.7911161e-03 -6.8780424e-04 -5.5532858e-03 -7.6234353e-03 -7.4934805e-03
 -6.5877086e-03 -6.8980355e-03 -9.1494263e-03 -1.1866307e-02 -1.3884736e-02
 -1.6110483e-02 -2.0225139e-02 -2.5478529e-02 -2.9593185e-02 -3.2025817e-02
 -3.4898731e-02 -3.9763561e-02 -4.5588491e-02 -5.0373783e-02 -5.3920376e-02
 -5.6532510e-02 -5.6715056e-02 -5.2729485e-02 -4.6257823e-02 -4.2039725e-02
 -4.2272253e-02 -4.3823887e-02 -4.2350052e-02 -3.7975921e-02 -3.4766603e-02
 -3.4688804e-02 -3.5154294e-02 -3.2799026e-02 -2.8321888e-02 -2.5940977e-02
 -2.8916898e-02 -3.6499478e-02 -4.4727921e-02 -4.9256780e-02 -4.8196280e-02
 -4.2579538e-02 -3.4946106e-02 -2.6897166e-02 -1.8511822e-02 -1.0255998e-02
 -4.2516516e-03 -2.2587361e-03 -2.6985396e-03 -1.1457319e-03  5.0656293e-03
  1.2933328e-02  1.5625000e-02  8.7925939e-03 -4.6392559e-03 -1.6103964e-02
 -1.7889864e-02 -8.8312761e-03  5.5063456e-03  1.7307893e-02  2.1396905e-02
  1.6350400e-02  3.6692020e-03 -1.2842490e-02 -2.7413508e-02 -3.3908640e-02
 -2.9120741e-02 -1.4394993e-02  5.1186544e-03  2.1785901e-02  2.7893776e-02
  1.9560588e-02  9.0064325e-04 -1.6723748e-02 -2.2210101e-02 -1.3359266e-02
  3.2045376e-03  1.9561022e-02  3.2268341e-02  4.0446366e-02  4.1300417e-02
  3.1517733e-02  1.2961579e-02 -5.8531815e-03 -1.5896210e-02 -1.5169072e-02
 -9.9695758e-03 -8.9599270e-03 -1.6385605e-02 -2.9403251e-02 -4.1773296e-02
 -4.8709145e-02 -4.9256780e-02 -4.4075974e-02 -3.2872045e-02 -1.5738004e-02
  3.3616134e-03  1.6923244e-02  1.9899166e-02  1.3170636e-02  1.0587622e-03
 -1.3537465e-02 -2.8573540e-02 -3.9546679e-02 -4.0867090e-02 -3.1939325e-02
 -1.8971662e-02 -9.6544680e-03 -7.1953234e-03 -1.0792333e-02 -1.8608310e-02
 -2.7795549e-02 -3.3333623e-02 -3.0564152e-02 -2.0212100e-02 -8.2032337e-03
  2.3403164e-04  4.0644558e-03  4.1944541e-03  2.6060501e-04 -8.2280076e-03
 -1.8243220e-02 -2.3600052e-02 -1.9898296e-02 -8.8995132e-03  2.2556502e-03
  6.3708275e-03  1.9195932e-03 -5.4042072e-03 -7.0597184e-03  6.2695584e-04
  1.3541812e-02  2.4127260e-02  2.8087622e-02  2.6380824e-02  2.1515125e-02
  1.4191151e-02  4.7453060e-03 -4.0534162e-03 -7.4691412e-03 -3.0945323e-03
  6.2743394e-03  1.4634475e-02  1.7611700e-02  1.5852312e-02  1.3859962e-02
  1.5413334e-02  2.0253390e-02  2.4162465e-02  2.3024166e-02  1.6322149e-02
  8.0928373e-03  3.9270688e-03  6.5933588e-03  1.4125087e-02  2.1890212e-02
  2.6472097e-02  2.7507823e-02  2.5956189e-02  2.1815890e-02  1.5010431e-02
  7.2735570e-03  1.7875522e-03  2.3569628e-04  1.4532337e-03  3.5763213e-03
  6.1652469e-03  9.1168289e-03  1.1110918e-02  1.1034423e-02  9.6379520e-03
  8.3192803e-03  6.5342490e-03  2.5760170e-03 -3.2718620e-03 -8.3171071e-03
 -1.0981398e-02 -1.1911944e-02 -1.1263474e-02 -7.3022427e-03 -2.8735657e-04
  4.7087969e-03  2.4066846e-03 -5.6662900e-03 -1.1850226e-02 -1.0554590e-02
 -2.9441499e-03  6.5038248e-03  1.4968272e-02  2.1129172e-02  2.2890734e-02
  1.9192020e-02  1.3059805e-02  9.3867350e-03  8.6895862e-03  6.0257302e-03
 -2.9788769e-03 -1.6512083e-02 -2.8751739e-02 -3.5633693e-02 -3.7367003e-02
 -3.5837100e-02 -3.2573887e-02 -2.9078581e-02 -2.7264430e-02 -2.8375348e-02
 -3.1530772e-02 -3.4168115e-02 -3.4398905e-02 -3.2714273e-02 -3.0952277e-02
 -3.0354659e-02 -3.0610657e-02 -3.1100052e-02 -3.2365699e-02 -3.5779729e-02
 -4.1599009e-02 -4.8326669e-02 -5.4172462e-02 -5.8957754e-02 -6.3586579e-02
 -6.7493915e-02 -6.7724270e-02 -6.1352573e-02 -4.8435327e-02 -3.2647340e-02
 -1.8565282e-02 -8.7278338e-03 -2.6172201e-03  1.9666203e-03  6.8610918e-03
  1.2790334e-02  1.9367177e-02  2.5271210e-02  2.8405772e-02  2.6908032e-02
  2.0751912e-02  1.2680372e-02  6.4986092e-03  4.6383866e-03  6.6863700e-03
  1.0209492e-02  1.2956363e-02  1.4124652e-02  1.4179850e-02  1.4157684e-02
  1.4627521e-02  1.5096923e-02  1.5204277e-02  1.5596314e-02  1.7851617e-02
  2.2333102e-02  2.6788074e-02  2.8397079e-02  2.6692455e-02  2.4445410e-02
  2.4552764e-02  2.7119263e-02  2.9996088e-02  3.1786335e-02  3.2592576e-02
  3.2907250e-02  3.2316586e-02  3.0897949e-02  3.0358571e-02  3.2899426e-02
  3.8830841e-02  4.5592837e-02  4.9426287e-02  4.7905076e-02  4.1412118e-02
  3.2513474e-02  2.4391951e-02  1.9039465e-02  1.6663769e-02  1.5995741e-02
  1.5664117e-02  1.4893081e-02  1.2931154e-02  9.2094054e-03  4.1162204e-03
 -1.2293550e-04 -3.7648209e-04  4.2617350e-03  1.0840577e-02  1.4857441e-02
  1.4474531e-02  1.1891951e-02  1.0241655e-02  9.8070236e-03  8.8291029e-03
  6.7902469e-03  5.4502782e-03  5.8444889e-03  6.0835362e-03  3.6307806e-03
 -1.4619697e-03 -6.4242872e-03 -9.1876739e-03 -1.0061718e-02 -1.0210796e-02
 -9.8939499e-03 -8.7230529e-03 -6.7759040e-03 -4.3367959e-03 -1.3800852e-03
  2.3013734e-03  6.0605007e-03  8.5257302e-03  8.6617698e-03  6.0022601e-03
  1.2213143e-03 -3.6114395e-03 -6.1926287e-03 -6.2373957e-03 -5.9722705e-03
 -7.7507823e-03 -1.1419072e-02 -1.5423766e-02 -1.9895254e-02 -2.6510779e-02
 -3.5278164e-02 -4.3345358e-02 -4.7918115e-02 -4.9022079e-02 -4.8083275e-02
 -4.5049548e-02 -3.9063369e-02 -3.1086144e-02 -2.4142038e-02 -1.9812239e-02
 -1.6881519e-02 -1.3536161e-02 -9.7227051e-03 -6.7650382e-03 -5.0491134e-03
 -3.7986353e-03 -1.9795289e-03  8.2362656e-04  4.0665855e-03  6.2226182e-03
  5.6097879e-03  2.2530424e-03 -1.1033119e-03 -8.8821280e-04  3.7786857e-03
  1.0049983e-02  1.3940369e-02  1.4181589e-02  1.3025469e-02  1.3706537e-02
  1.7286596e-02  2.2315716e-02  2.6646384e-02  2.9786596e-02  3.2176200e-02
  3.3815195e-02  3.4031207e-02  3.2693411e-02  3.1098314e-02  3.0278599e-02
  2.9717924e-02  2.8251478e-02  2.6060935e-02  2.4620567e-02  2.5043898e-02
  2.7123175e-02  2.9797896e-02  3.1437326e-02  3.0385518e-02  2.5969228e-02
  2.0517646e-02  1.7990264e-02  2.0380737e-02  2.5747131e-02  3.0984440e-02
  3.5083015e-02  3.8715229e-02  4.1727225e-02  4.3004607e-02  4.2522601e-02
  4.2144037e-02  4.3576147e-02  4.6509910e-02  4.9756606e-02  5.2977225e-02
  5.5858832e-02  5.6823713e-02  5.3650904e-02  4.5714534e-02  3.4984788e-02
  2.4719663e-02  1.7457406e-02  1.3895602e-02  1.2896384e-02  1.2492177e-02
  1.1389517e-02  9.7426982e-03  8.6139604e-03  8.1841099e-03  7.8581363e-03
  7.2470445e-03  6.8428373e-03  7.0084318e-03  7.0445063e-03  6.1487309e-03
  4.8904729e-03  4.8491829e-03  6.8519645e-03  9.7092316e-03  1.2126217e-02
  1.4284597e-02  1.7995914e-02  2.4734875e-02  3.3932545e-02  4.3052851e-02
  4.9300243e-02  5.1512517e-02  5.0047809e-02  4.6123088e-02  4.0594576e-02
  3.4523209e-02  2.9020775e-02  2.4372392e-02  1.9051634e-02  1.0935761e-02
  2.8367959e-04 -9.4884388e-03 -1.4706189e-02 -1.4850921e-02 -1.2304416e-02
 -9.0851008e-03 -5.3733484e-03 -9.8896036e-04  2.7742959e-03  4.4671419e-03
  4.3220184e-03  3.8149339e-03  3.8256693e-03  3.4734875e-03  1.6725052e-03
 -1.6555546e-03 -5.8636127e-03 -9.9939152e-03 -1.2752955e-02 -1.2949409e-02
 -1.0713230e-02 -7.5973574e-03 -4.8174548e-03 -1.5977921e-03  3.5367698e-03
  1.0172549e-02  1.5565890e-02  1.7284423e-02  1.6311283e-02  1.5856224e-02
  1.7962448e-02  2.2139691e-02  2.6499478e-02  2.9379781e-02  2.9701843e-02
  2.6889777e-02  2.1673766e-02  1.6300417e-02  1.2998088e-02  1.1585101e-02
  1.0042159e-02  6.7137517e-03  1.7293550e-03 -4.0579798e-03 -9.7931154e-03
 -1.3872566e-02 -1.4121175e-02 -9.8930807e-03 -3.9559718e-03 -5.0399861e-04
 -1.3482702e-03 -4.8583102e-03 -8.8082406e-03 -1.2343967e-02 -1.4559718e-02
 -1.3204538e-02 -7.0871001e-03  7.1279555e-04  4.3456624e-03  1.3789986e-03
 -4.5123435e-03 -7.6855876e-03 -6.9780076e-03 -6.2695584e-03 -9.3402295e-03
 -1.5282945e-02 -2.0398122e-02 -2.2640386e-02 -2.2968098e-02 -2.2337448e-02
 -1.9817889e-02 -1.4451930e-02 -7.8433588e-03 -2.9171158e-03 -5.5319889e-04
  7.4956537e-04  2.1042681e-03  2.6562500e-03  1.5523296e-03 -1.9916551e-04
 -7.3391864e-04  2.3201495e-04  1.5864047e-03  2.3713491e-03  2.2760779e-03
  4.9817455e-04 -3.8152382e-03 -1.0173853e-02 -1.6506433e-02 -2.0535901e-02
 -2.1226530e-02 -1.8475748e-02 -1.3498783e-02 -9.1694193e-03 -8.6695932e-03
 -1.2104051e-02 -1.5590664e-02 -1.5169072e-02 -1.0917507e-02 -5.8118915e-03
 -2.1037900e-03 -2.6307806e-05 -4.5210362e-05 -3.1180459e-03 -8.5461579e-03
 -1.2576930e-02 -1.1664204e-02 -5.9122914e-03  1.1336926e-03  6.1869784e-03
  8.2892907e-03  8.1919332e-03  7.1110049e-03  6.6511648e-03  7.9255042e-03
  1.0234266e-02  1.1223922e-02  1.0142124e-02  8.9060327e-03  9.4545376e-03
  1.0573279e-02  9.2580841e-03  4.8891690e-03  8.0841446e-05 -2.5800156e-03
 -3.4033814e-03 -4.1492524e-03 -5.3611787e-03 -6.6507302e-03 -7.9142038e-03
 -9.6696801e-03 -1.2124044e-02 -1.5148209e-02 -1.8482702e-02 -2.1144819e-02
 -2.1788074e-02 -2.0361179e-02 -1.8779120e-02 -1.8672201e-02 -1.9704451e-02
 -2.1047027e-02 -2.3554416e-02 -2.7951147e-02 -3.2323105e-02 -3.4079451e-02
 -3.4025991e-02 -3.5161248e-02 -3.8499652e-02 -4.2663856e-02 -4.7087969e-02
 -5.1564673e-02 -5.2416551e-02 -4.6023122e-02 -3.6858049e-02 -3.5822757e-02
 -4.4462796e-02 -4.8965577e-02 -3.8069802e-02 -2.2308762e-02 -2.1995828e-02
 -3.7007563e-02 -4.3427069e-02 -2.6397340e-02 -3.4927851e-03 -2.4060761e-03
 -2.2955928e-02 -3.7320063e-02 -2.7796419e-02 -8.7495654e-03 -4.1953668e-03
 -1.5661944e-02 -2.4022079e-02 -1.7527816e-02 -5.7801634e-03 -3.5043463e-03
 -1.0442455e-02 -1.3601791e-02 -5.6076147e-03  6.0105181e-03  8.9838317e-03
  1.4238526e-03 -6.3951669e-03 -5.2077538e-03  1.9057719e-03  3.9467142e-03
 -3.1999305e-03 -1.1951495e-02 -1.4155511e-02 -1.2710362e-02 -1.6183067e-02
 -2.4883519e-02 -2.9494958e-02 -2.5126478e-02 -1.8972097e-02 -2.0142124e-02
 -2.6592055e-02 -2.8771732e-02 -2.3420549e-02 -1.6413421e-02 -1.2641255e-02
 -1.0189065e-02 -6.5724965e-03 -4.0174287e-03 -4.4128129e-03 -4.0579798e-03
  8.2579972e-04  6.7963317e-03  7.4869611e-03  2.8720010e-03 -7.8555285e-04
 -7.9424548e-04 -1.2948540e-03 -5.2116655e-03 -9.1033554e-03 -9.0090403e-03
 -6.5342490e-03 -5.2503477e-03 -4.0441586e-03  1.0956624e-03  9.9361092e-03
  1.7819019e-02  2.1637691e-02  2.2584318e-02  2.2054937e-02  1.9558849e-02
  1.5405946e-02  1.1848053e-02  9.8426634e-03  7.0349444e-03  1.5873609e-03
 -4.6888039e-03 -8.5326843e-03 -9.9695758e-03 -1.1510344e-02 -1.3879520e-02
 -1.4721836e-02 -1.1734614e-02 -5.7453929e-03  1.9237656e-04  4.1879781e-03
  7.6664638e-03  1.3887778e-02  2.3680459e-02  3.2825974e-02  3.5759301e-02
  3.2222705e-02  2.8168463e-02  2.8461405e-02  3.0747566e-02  2.9797462e-02
  2.5794506e-02  2.4195932e-02  2.6922375e-02  2.9051200e-02  2.6053547e-02
  2.0627173e-02  1.8949061e-02  2.1802851e-02  2.4139430e-02  2.2460014e-02
  1.9179416e-02  1.8148905e-02  1.8852138e-02  1.7639517e-02  1.3320150e-02
  8.4340229e-03  6.1339534e-03  6.6802851e-03  8.2114917e-03  9.1181328e-03
  8.8351878e-03  7.3383171e-03  4.2844663e-03 -3.4669245e-04 -5.6510779e-03
 -9.9204624e-03 -1.1395602e-02 -9.3767385e-03 -4.8222357e-03  5.6054416e-04
  4.9078581e-03  6.5372914e-03  4.0511996e-03 -1.7474791e-03 -6.5890125e-03
 -6.0739743e-03 -9.0020862e-04  2.7973314e-03  4.9078581e-04 -5.0769298e-03
 -7.7464360e-03 -6.5859701e-03 -7.2374826e-03 -1.3479659e-02 -2.1145254e-02
 -2.3117611e-02 -1.8490960e-02 -1.3165855e-02 -1.1489917e-02 -1.1652034e-02
 -1.0132128e-02 -7.7325278e-03 -8.4392385e-03 -1.3287118e-02 -1.7824670e-02
 -1.6771992e-02 -1.0156033e-02 -3.0997479e-03 -7.0258171e-04 -2.9645341e-03
 -6.4686196e-03 -9.5075626e-03 -1.3866481e-02 -2.0684979e-02 -2.6234788e-02
 -2.5651947e-02 -1.9970880e-02 -1.6282597e-02 -1.9246784e-02 -2.4747045e-02
 -2.4683154e-02 -1.6907597e-02 -7.4500174e-03 -2.8323627e-03 -2.8218011e-03
 -2.4234179e-03  1.4164638e-03  6.1617698e-03  7.2579103e-03  4.0831885e-03
  1.1153077e-03  3.6079190e-03  1.1457319e-02  1.8866047e-02  2.0606745e-02
  1.7377869e-02  1.3890386e-02  1.3223227e-02  1.5350313e-02  2.0402034e-02
  2.8714360e-02  3.6741568e-02  3.7003651e-02  2.6421679e-02  1.2656902e-02
  6.9136822e-03  1.1082667e-02  1.6131346e-02  1.4450626e-02  9.1715925e-03
  8.1632476e-03  1.2097097e-02  1.2847271e-02  4.0736700e-03 -1.0523731e-02
 -2.1369524e-02 -2.2846401e-02 -1.7413508e-02 -1.0998348e-02 -6.7307024e-03
 -3.6284336e-03 -1.6436022e-04  2.5229485e-03  1.3277990e-03 -4.7852921e-03
 -1.1959318e-02 -1.4734875e-02 -1.1894124e-02 -8.8208449e-03 -1.0976182e-02
 -1.6962361e-02 -1.9972184e-02 -1.6875435e-02 -1.2329190e-02 -1.2416116e-02
 -1.6747653e-02 -2.0277729e-02 -2.0417681e-02 -1.8461839e-02 -1.5289899e-02
 -1.0073887e-02 -4.6770688e-03 -4.3537031e-03 -1.2752086e-02 -2.9484527e-02
 -5.2972879e-02 -7.8894298e-02 -9.2676460e-02 -7.2531293e-02 -1.2686457e-02
  5.8753477e-02  9.7196627e-02  8.3540508e-02  4.3407945e-02  2.0639343e-02
  3.4518863e-02  6.5142559e-02  7.6847184e-02  5.0791029e-02 -1.3528773e-03
 -5.0286857e-02 -7.6108310e-02 -8.3714360e-02 -8.8964708e-02 -9.1346488e-02
 -7.0636300e-02 -1.7891168e-02  4.1297375e-02  6.8658727e-02  5.6493394e-02
  3.3173244e-02  2.3833015e-02  2.2278338e-02  1.2365264e-02  2.1141342e-03
  1.7096662e-02  5.9874826e-02  9.3697844e-02  7.6456015e-02  6.9397601e-03
 -6.8663074e-02 -9.5970967e-02 -5.9640125e-02  3.1378216e-03  3.4448887e-02
  7.4726182e-03 -4.7505216e-02 -7.0262517e-02 -2.8033293e-02  5.3481398e-02
  1.1628129e-01  1.2422201e-01  8.8051982e-02  4.2905946e-02  1.1579451e-02
 -4.9182893e-03 -9.9778338e-03  1.8008519e-04  2.5814065e-02  4.9430633e-02
  4.4419332e-02  2.3482702e-03 -5.2068846e-02 -7.8507476e-02 -5.5441586e-02
  1.7364395e-03  5.3894298e-02  6.9145515e-02  4.4593185e-02  3.3729138e-03
 -2.7031467e-02 -3.4867437e-02 -2.6761127e-02 -1.5526773e-02  0.0000000e+00
  0.0000000e+00  0.0000000e+00  0.0000000e+00  0.0000000e+00  0.0000000e+00
