Scaled from
PEER NGA STRONG MOTION DATABASE RECORD
ACCELERATION TIME SERIES IN UNITS OF G
NPTS= 3999.000000, DT= 0.020000, Scalar= 1.000000
 -6.1349218e-03 -6.6700567e-04 -9.3643760e-03 -9.3772096e-03  1.5225919e-02
  1.6162042e-02  3.9641145e-03 -1.0218170e-02 -1.5487433e-02 -9.1147271e-03
 -1.1967892e-04  2.6979515e-03  1.7019953e-02  1.5619158e-02 -1.4503850e-04
  3.3253426e-03  1.7729188e-02  1.1209744e-02 -1.1877815e-02  9.1474163e-03
  2.2888518e-02  1.2241997e-02 -3.9718630e-03 -5.0222771e-03 -4.6517991e-03
 -2.3883481e-02 -3.1841736e-02 -2.6684101e-03  4.0866386e-02  3.4909681e-02
 -1.1235653e-02 -2.8541334e-02 -2.5509710e-02 -1.2440312e-02  1.7373481e-02
  4.1077050e-02  4.0495908e-02  1.6749722e-02  5.1322098e-03 -7.0393239e-03
 -2.4805075e-02 -5.0106543e-03  1.0050850e-02 -9.7934525e-04  1.3595816e-04
 -6.4126592e-03  1.1655044e-02  4.1643663e-02  3.2803041e-02  2.8865805e-02
  2.1207807e-02 -1.4351785e-02 -1.9715725e-02  7.8744733e-03  1.2650249e-02
  9.2992397e-03 -7.6398373e-03 -3.4410867e-02 -1.3995835e-02  1.1740762e-02
 -5.2101797e-03 -4.9128287e-03  7.0369025e-03 -7.5783331e-04 -3.0868323e-02
 -2.8192649e-02  3.1817521e-02  4.0445058e-02  1.1546564e-02  3.1313865e-03
  9.4191002e-03  3.4321275e-02  4.9733643e-02  1.8099666e-02 -1.8524868e-02
 -3.9098746e-02 -4.8762652e-02  5.5327134e-03  3.4432660e-02 -1.3744976e-02
 -5.7835731e-02 -5.3404523e-02 -2.3284178e-03  2.6814858e-02  4.6208049e-02
  6.5286455e-02  4.5321807e-02  3.3023391e-02  2.4800232e-02 -9.0830064e-03
 -5.0346264e-03 -1.2156037e-02 -2.2207129e-02  1.0889874e-02 -5.0917720e-03
 -4.5244322e-02 -4.4237009e-02 -2.0789142e-02 -8.7483655e-03  1.0050366e-03
  3.6880721e-03  3.4609424e-03  1.9193908e-02  1.1517991e-02 -1.7514407e-02
 -9.4684973e-03  2.5669524e-03  1.5918689e-02 -2.4005037e-03 -3.9219817e-02
 -2.9124897e-02 -1.4660516e-02 -5.8019759e-03 -1.3187564e-02 -2.3996804e-02
 -1.2927503e-02 -1.2287278e-02  4.1859170e-03  2.1815826e-02  2.2879074e-02
  2.0546273e-02  1.5808756e-02 -5.3578866e-03 -5.3225338e-02 -4.6440506e-02
 -4.2055305e-02 -4.1914863e-02 -2.1836409e-02 -6.2959465e-03  5.0520606e-03
 -2.4667054e-05  6.1833503e-03  1.1963533e-02  3.4558574e-02  3.6163979e-02
 -7.9480847e-03 -5.0053271e-02 -7.7163543e-02 -7.7839121e-02 -7.9149111e-02
 -3.2936220e-02  9.5251586e-03  6.6296189e-03 -5.6719454e-03 -2.4858347e-02
  1.9330234e-04  2.4635576e-02  2.2577365e-02 -1.5932006e-02 -4.7435711e-02
 -5.3428737e-02 -5.1510969e-02  8.0921594e-03  3.9909923e-02  4.0570972e-02
  3.8781539e-02  5.0985520e-03  1.0132210e-02  5.1259141e-02  4.1382149e-02
  1.3491210e-04 -2.0275800e-02 -3.0592280e-02 -4.6442927e-02 -1.7830646e-02
  4.1445106e-02  4.2302291e-02  4.6815826e-02  4.0307037e-02  3.2069350e-02
  1.6114824e-02 -9.7263790e-03 -1.9663906e-03  7.0998596e-03  4.1600077e-02
  4.7934525e-02  2.1538573e-02  5.3581287e-03 -2.1344617e-02 -2.2246356e-02
 -1.0924984e-02 -1.4053223e-02 -2.1412175e-02 -2.0997869e-02  9.2953654e-03
  3.3146884e-02  3.5006538e-02  3.6534457e-02  3.2747349e-02  5.3087317e-02
  4.3227275e-02  1.7306165e-02 -1.5101216e-02 -3.5001695e-02  9.8198460e-03
  6.3915928e-02  8.7907405e-02  5.6196426e-02  1.5401472e-02 -7.0754032e-03
 -3.7578091e-02 -3.0304131e-02  2.0036321e-02  4.7217783e-02  6.9671655e-02
  5.7813938e-02  5.2276139e-02  5.4971185e-03 -3.3398712e-02 -6.9884740e-02
 -8.2778827e-02 -4.8314688e-03 -9.4992494e-03 -1.8150031e-02 -4.1432999e-02
 -6.7945179e-02 -8.3979854e-03  2.5550874e-02  1.1486271e-02 -1.1927212e-02
 -4.3348346e-02 -7.9429997e-02 -3.4040389e-02  2.6577558e-03 -1.8839895e-02
 -1.7926534e-04  2.2914911e-02 -7.0175311e-05 -4.4280595e-03 -3.5084023e-03
 -5.4092208e-03  4.3537217e-03  1.5773403e-02  1.1241222e-02 -2.3404765e-02
 -3.7582934e-02 -4.6103928e-02  2.4567776e-02  6.3676207e-02  3.4166303e-02
  1.4618626e-02 -6.0240205e-02 -5.9167514e-02 -1.1001017e-02 -4.0784057e-03
  3.3628747e-02  3.1660129e-02  3.2049978e-02  3.4585210e-02 -3.5875829e-02
 -5.1230084e-02 -4.6455034e-02 -5.1762797e-02 -6.0712383e-02 -8.2490678e-02
 -3.3640854e-02 -1.6762797e-02  1.9421037e-02  4.4726137e-02  2.6347523e-02
  1.2651218e-02 -4.5009444e-02 -3.1408301e-02 -7.4894668e-04  2.1282387e-02
  5.0452806e-02  3.6038065e-02 -4.8038646e-03 -4.5813357e-02 -2.4080343e-02
  8.4529517e-03  1.7083152e-02  4.5948956e-02  5.3745944e-02  2.3881544e-02
  3.5357644e-03 -1.6309507e-02 -2.9490532e-02 -2.2750012e-02 -1.4012785e-02
 -2.2677127e-02 -2.9381568e-02 -1.4960773e-02 -4.3733353e-02 -4.3045668e-02
  5.1348734e-03  3.7452177e-02  4.5639014e-02  3.2110514e-02 -1.4217638e-02
 -1.8714466e-02 -3.5444816e-02 -4.6394499e-02  3.9844545e-02  5.0007264e-02
  2.5127125e-02  6.1433968e-03 -1.4256623e-02 -4.3762410e-02 -4.3016611e-02
 -8.6791128e-03  3.9428059e-02  1.1706620e-01  9.3367718e-02  5.1121120e-02
  1.6987021e-02 -6.8264807e-02 -5.4186643e-02 -4.6287956e-03  2.5141653e-02
  8.1558429e-02  2.8369413e-02 -2.3027507e-02 -2.8098213e-02 -5.0968570e-02
 -1.8799942e-02  1.0983825e-02  2.1044845e-02 -2.0511889e-03 -6.7061359e-02
 -7.9439682e-02 -1.9565354e-02 -1.5941692e-02 -3.4725653e-04 -1.0142380e-02
 -3.1551165e-02 -1.3087317e-02  3.2270328e-03  4.4568744e-02  1.5968086e-02
  1.0208243e-02 -1.0528355e-02 -5.9087607e-03  2.2488983e-02  1.3360695e-02
  3.5585258e-02  3.3686861e-03  9.2360405e-03  1.3101119e-02 -1.6372221e-02
  1.3718098e-02  2.6127173e-03 -1.9415468e-02 -3.6197879e-02 -2.7107850e-02
 -2.4139426e-02 -4.7711754e-02  1.1867403e-02  4.5234636e-02  5.0079907e-02
  6.5993511e-02  6.1262047e-03 -6.5075791e-02 -7.6141702e-03 -4.5048186e-03
 -3.7616834e-02 -2.8238656e-03 -2.9519589e-02 -6.3114437e-02 -3.1587486e-02
 -2.2396968e-02  9.4839944e-03  6.3874764e-02  6.3882028e-03 -2.2702068e-02
  1.2252651e-02  5.0883820e-02  1.1129353e-02 -3.3008862e-02 -1.2346845e-02
 -4.1813163e-02 -2.8199913e-02  2.5763960e-02  1.8012737e-03  1.2202770e-02
 -2.5969781e-02 -1.1027653e-01 -9.9547194e-02 -6.5516490e-02 -2.1789433e-02
 -2.5122282e-02 -3.6907356e-02  2.6451644e-03  1.0439489e-02 -6.2552666e-02
 -6.0107027e-02 -4.3873795e-02 -7.8408155e-02 -6.9521526e-02 -4.9748172e-02
 -3.9101167e-03 -4.3542060e-03 -1.4883772e-02 -2.6117488e-02 -5.0598092e-02
 -1.3860720e-02  2.2488256e-03  1.2001308e-02  1.2713449e-02  2.1226694e-02
  1.1882173e-01  6.2567195e-02  2.4822025e-02  9.1270764e-02  3.2882948e-02
 -3.2468885e-02  1.3714466e-03 -4.3651024e-02 -9.2038355e-02 -2.2784154e-02
 -3.4897574e-02  7.2720229e-02  1.0948956e-01 -4.2052884e-02 -7.3843770e-02
 -4.0626665e-02 -1.1317497e-02 -6.5748947e-03  7.7778585e-02  1.3467965e-01
  7.6996465e-02  5.6390140e-02  6.0070706e-02  1.4978449e-02 -2.1575379e-02
 -1.7608359e-02 -2.0041406e-02  2.4337740e-02  7.5604145e-02  8.1936171e-02
  5.6731561e-02  2.7805221e-02  3.4268003e-02  3.0802944e-03  2.3472807e-02
  7.5427381e-02  5.7671074e-02  1.6827449e-02 -4.6764977e-02 -6.2082910e-02
 -6.3654414e-02 -6.2436438e-02  1.3312267e-02  3.5093709e-02  3.8885660e-02
  7.8342777e-02  6.7531115e-02  2.7856071e-02 -3.4134825e-02 -3.7122863e-02
 -1.2137876e-02  9.2595283e-03 -9.1563756e-03 -1.1535183e-02  6.0426655e-02
  5.5913119e-02  2.2272265e-02  4.5421086e-02  9.9026587e-02  1.1922127e-01
  6.3291201e-02  2.4809918e-02 -3.3553683e-04  3.5837087e-02  1.2498668e-01
  1.2979321e-01  9.2164269e-02  6.7124316e-02 -1.0021551e-03 -4.3634074e-02
 -7.1758923e-03  4.2479055e-02  3.5130031e-02  6.4971669e-02  1.0048671e-02
 -1.1074628e-01 -5.8368444e-02 -3.3553683e-02 -1.0015981e-03  9.0793743e-02
  7.8509855e-02 -4.4530001e-02 -8.9980144e-02 -3.8067219e-02 -3.3306698e-02
  3.0546273e-02  6.0973897e-02 -1.0455470e-01 -1.3186111e-01 -3.1984600e-02
 -1.2264516e-02 -1.7040293e-02  6.6015303e-02  7.2737179e-02 -1.8995109e-02
 -3.7900140e-02 -2.4640418e-02  5.0859606e-02  1.1878783e-01  1.1551165e-01
  9.5701971e-02  5.2365732e-02  2.8909390e-02  3.0500266e-02 -4.2391883e-02
 -6.1153082e-02  1.1865466e-02 -2.9466318e-02 -4.8561674e-02 -4.7922418e-02
 -3.8742796e-02  1.2076614e-02  7.4855925e-04 -4.0474115e-02 -3.2246114e-02
 -8.3514940e-02 -1.5949925e-01 -1.0454744e-01 -7.3436970e-03  7.4713061e-02
  9.2469369e-02  6.3843285e-02 -6.1262047e-03  1.9843576e-03  3.0974866e-02
 -5.8891472e-02 -8.4120296e-02  6.1630103e-04  9.7619739e-02  1.5506078e-01
  1.5717710e-01  1.4683278e-01  1.0478716e-01  4.4091724e-02  3.7987312e-02
  8.0781152e-02  9.1980241e-02  9.4307230e-02  8.3367233e-02  3.6871035e-02
 -1.1540026e-03 -2.0462492e-02 -2.4938254e-02 -5.2937188e-02 -1.0847014e-01
 -9.8266260e-02 -8.7478813e-02 -1.2685844e-02  4.4883529e-02  4.3464575e-02
  2.7480750e-02 -1.3584919e-01 -1.5414790e-01 -3.5442394e-03  3.9072110e-02
  9.9474551e-02  1.6308780e-01  1.5330767e-01  7.7846385e-02 -8.6180929e-06
 -6.3780328e-02 -1.0603177e-01 -8.1684343e-02 -4.6203206e-02 -4.8830452e-02
 -5.9264371e-02 -4.5036079e-02  1.0641435e-02  6.8000872e-02  1.0530776e-03
 -7.2064022e-02 -8.2904741e-02 -1.1006344e-01 -4.4861737e-02  7.5630781e-02
  1.2314398e-01  1.1366894e-01  2.7693835e-02 -5.5760570e-02 -5.9857620e-02
 -1.8154632e-02 -3.5636108e-02 -1.2867693e-01 -7.8798005e-02 -5.1416533e-02
 -5.5077728e-02 -7.6124752e-02 -2.9897332e-02  7.2223837e-02  9.0326408e-02
  7.7221657e-02 -1.4927357e-01 -1.9336287e-01 -7.0846046e-02 -1.6546806e-02
 -2.3392900e-02 -2.9703618e-02 -5.3743523e-02 -2.9359775e-02  1.2228437e-01
  1.6816553e-01  1.6770788e-01  1.4132888e-01  7.9318611e-02  7.0521575e-02
  8.4454453e-02  1.1332994e-02 -7.3347378e-02 -3.8873553e-02 -2.7255557e-02
  3.2342971e-02  1.4248390e-01  1.7901109e-01  2.8149063e-01  2.1851664e-01
  6.9066299e-02 -1.3585404e-02 -6.2538137e-02 -5.4825900e-02 -6.6066153e-02
 -9.5312122e-02 -3.4318853e-02  6.6487481e-02  7.4504819e-02  9.1491113e-02
  2.4378905e-02 -7.7098165e-02 -1.6178023e-01 -1.1718001e-01  4.8472081e-03
  3.0376774e-02  1.4362197e-01  1.2665504e-01  9.7067655e-02  1.1077776e-01
 -1.7996997e-02 -4.6302484e-02 -4.2011720e-02 -6.4487384e-02 -1.7449029e-02
 -4.0205337e-02 -8.8776696e-02 -1.0898106e-01 -1.3272071e-01 -7.9531696e-02
 -5.0450385e-02 -1.3863867e-01 -2.7575185e-01 -2.3453678e-01 -1.3551504e-01
 -1.2187999e-01 -7.9667296e-02 -6.5114533e-02 -6.6078260e-02 -4.0941450e-02
 -4.5970749e-02 -3.3941111e-02 -2.0785994e-02 -1.1280207e-01 -1.5271926e-01
 -1.1653349e-01 -6.8693399e-02 -4.7498668e-02 -5.8368444e-02  6.9293913e-03
  3.8958303e-02  7.8759262e-03 -4.9261465e-03  7.8129692e-03 -1.1624050e-02
 -4.5559107e-02 -3.3931425e-02 -4.8866773e-02 -1.0475810e-01 -1.3468933e-01
 -7.6572715e-02 -9.3316868e-03  1.9859800e-03 -3.1507579e-03 -1.2833067e-02
 -1.2467916e-01 -1.1230084e-01  1.9617173e-02  1.2819507e-01  2.5897138e-01
  8.5854037e-02 -1.6709526e-01 -1.1693787e-01 -3.5519880e-02  4.9026587e-02
  1.4621289e-01  1.9060003e-01  1.0532713e-01 -1.3268197e-01 -2.1980241e-01
 -2.0906581e-01 -1.8659015e-01 -3.1250908e-01 -4.2873747e-01 -3.1110465e-01
 -2.3811080e-01 -2.4369219e-01 -2.5061746e-01 -2.5274832e-01 -2.6408059e-01
 -2.4509661e-01 -2.0961063e-01 -8.7282677e-02  1.1983873e-01  2.2608359e-01
  2.5611410e-01  2.8986876e-01  3.4752288e-01  2.9248390e-01  3.0713352e-01
  3.9885709e-01  2.8202334e-01  1.3248583e-01  6.9136520e-02  4.9341372e-02
  8.8137440e-02  1.2613686e-01  1.4030946e-01  1.0553296e-01  1.5274347e-01
  1.6180445e-01 -1.9750109e-02 -1.8004020e-01 -2.5173132e-01 -3.7164027e-01
 -5.3675723e-01 -6.3308151e-01 -5.4036515e-01 -2.7519492e-01 -5.8409608e-02
  1.0997869e-01  1.9612572e-01  1.1351155e-01  8.2069350e-02  2.8141799e-01
  5.1474648e-01  4.8842559e-01  3.1505158e-01  2.3685893e-01  9.6779505e-02
 -7.2630636e-02 -7.8434791e-02  2.1026200e-02  1.6841251e-01  1.5769529e-01
  1.4930747e-02 -3.8694368e-02 -1.7676885e-01 -3.4677224e-01 -3.9830016e-01
 -4.2430626e-01 -4.3866531e-01 -4.1832534e-01 -4.0701729e-01 -3.9224660e-01
 -4.1047993e-01 -4.6503463e-01 -5.6641968e-01 -5.9850356e-01 -4.5692285e-01
 -1.9680614e-01  9.2561383e-03  2.0150855e-02  2.7047315e-02  1.5203884e-01
  2.2878832e-01  2.4884982e-01  2.2467916e-01  2.5129546e-01  2.0770740e-01
 -5.6533004e-04  5.1263984e-02  2.0183544e-01  3.6081650e-01  4.3914960e-01
  4.6363020e-01  5.0748220e-01  4.5682600e-01  4.1660613e-01  4.4098988e-01
  6.0169984e-01  7.3369170e-01  5.6261804e-01  3.0413095e-01  1.6533246e-01
  1.6889922e-01  2.3577171e-01  2.4679161e-01  3.1895007e-01  3.1778779e-01
  1.4997094e-01  3.1575379e-02 -9.4408930e-02 -1.5085476e-01 -9.5680178e-02
 -2.2053610e-01 -3.8827546e-01 -5.7189210e-01 -8.9551552e-01 -1.0000000e+00
 -7.7630878e-01 -4.4607487e-01 -1.0485254e-01  6.0370962e-03 -3.3902368e-02
 -6.1879510e-02  6.5058841e-03  1.9178411e-01  2.9413047e-01  3.5752337e-01
  5.0031479e-01  6.4775534e-01  6.5501961e-01  5.3634559e-01  3.8488547e-01
  2.5809967e-01  1.5808514e-01  6.1361325e-02 -8.1575379e-02 -2.4601676e-01
 -2.3862415e-01 -6.5097583e-02  2.2522156e-02 -1.5339726e-02 -8.9408688e-02
 -1.4683520e-01 -1.7069107e-01 -1.4817667e-01 -7.2809821e-02  1.5123735e-02
 -5.9814035e-02 -1.5513100e-01 -1.5525691e-01 -2.5388639e-01 -2.9894910e-01
 -1.3223159e-01 -1.0800523e-02 -1.2613686e-01 -2.3271345e-01 -2.8073999e-01
 -2.7442007e-01 -1.4640176e-01 -3.0289602e-02  1.3047605e-01  1.8901400e-01
  1.0315512e-01  1.5242627e-01  2.7216814e-01  3.1289651e-01  2.5996416e-01
  2.1645358e-01  2.2521672e-01  2.6974672e-01  2.5560560e-01  1.7878348e-01
  1.5392755e-01  1.8455373e-01  1.8901884e-01  3.0693980e-01  5.3196281e-01
  6.4286406e-01  6.8385878e-01  5.8508887e-01  3.3929004e-01  1.5465398e-01
  9.5881156e-02 -7.1211681e-03 -1.0370962e-01 -4.8995109e-02 -2.3652477e-02
 -2.9463897e-02  1.8858298e-02 -9.3994867e-04 -3.5585258e-02 -7.9446947e-02
 -1.0171437e-01 -6.5252555e-02 -7.2683907e-02 -7.7633299e-02 -8.9280353e-02
 -8.7527241e-02  3.1335658e-02  2.0773887e-01  2.7570342e-01  2.7943242e-01
  2.8691462e-01  2.7054579e-01  2.4684004e-01  2.8018306e-01  3.4573103e-01
  4.4583273e-01  5.6562061e-01  5.5007506e-01  4.5314543e-01  2.7962613e-01
  8.8486125e-02 -3.5938786e-02 -7.9538961e-02 -1.1714127e-01 -1.6633977e-01
 -2.4403119e-01 -3.8273040e-01 -4.5411400e-01 -4.6178992e-01 -4.3827788e-01
 -3.8406218e-01 -3.1277544e-01 -1.8962904e-01 -1.5573636e-01 -1.8570633e-01
 -5.3106688e-02  1.8346409e-02 -2.8304034e-02 -1.0056903e-01 -1.5486949e-01
 -1.3326311e-01 -1.0324955e-01 -4.7261369e-02 -4.1917284e-02  2.6676837e-03
  9.5786721e-03 -6.9921062e-02 -4.0498329e-02 -3.8846918e-02 -4.9743329e-02
 -4.1994770e-02 -6.7397937e-02 -1.2613686e-01 -1.3464090e-01 -3.3899947e-02
  3.5665165e-02  7.2245629e-02  5.2801588e-02 -6.2564773e-03 -2.8057049e-02
 -2.9248390e-02 -2.9926389e-02 -5.7663809e-02 -1.6824786e-01 -2.6727687e-01
 -2.7366943e-01 -2.5102911e-01 -2.2697951e-01 -2.3069640e-01 -2.5616253e-01
 -3.0250860e-01 -4.0297351e-01 -4.3600174e-01 -3.3132355e-01 -2.7531600e-01
 -3.1611700e-01 -4.0614558e-01 -4.0859122e-01 -2.7238607e-01 -1.4138699e-01
 -1.0773403e-01 -8.0706087e-02 -2.2858734e-03  5.5603177e-02  7.4243305e-02
  7.0073611e-02  6.3627779e-02  1.3555136e-01  2.0257155e-01  1.6954090e-01
  1.7465979e-02 -8.2476149e-02 -3.0718195e-02  9.3931910e-03  4.1445106e-02
  4.8065282e-02  1.5541673e-02 -2.9483268e-02 -7.6771272e-02 -8.5432709e-02
 -2.9526854e-02 -4.8196039e-03 -4.6447770e-02 -7.5039954e-02 -1.0161993e-01
 -1.3280304e-01 -1.1727444e-01 -8.1982178e-02  4.5476779e-04  4.3297496e-02
  6.0966633e-02  1.0671461e-01  8.9009153e-02  4.7995060e-03 -1.0392997e-01
 -1.3706475e-01 -1.0911909e-01 -8.6139765e-02 -6.8543271e-02 -4.1057678e-03
  5.6845368e-03  2.7393578e-02  8.8960724e-02  1.1207807e-01  3.5374594e-02
 -8.6672478e-02 -7.9960289e-02 -7.3650056e-02 -5.2402053e-02 -1.7087268e-03
  3.1795729e-03 -4.2948811e-02 -8.6817764e-02 -6.2530873e-02 -1.8964357e-02
 -3.0785994e-03 -1.6233474e-04  7.2015594e-03 -2.3570391e-02 -9.0367572e-02
 -1.1458908e-01 -1.0333430e-01 -2.1294736e-02  3.3839411e-02 -3.6004165e-02
 -5.5549906e-02 -3.9527338e-02  1.1074628e-02  7.7512228e-02  1.2698436e-01
  2.1487966e-01  2.6596930e-01  2.3674270e-01  1.8852971e-01  1.3599206e-01
  3.5762022e-02  2.2928229e-02  4.4590537e-02  3.2771563e-02  3.3851518e-02
  3.8520025e-02  5.1600562e-02  3.8883239e-02  1.6763039e-02  4.0311880e-02
  5.6363504e-02  1.8497022e-02 -3.3321226e-02 -4.2336191e-02 -6.4763427e-02
 -6.6853116e-02 -2.4691268e-02 -2.9379147e-02  2.5294203e-02  9.3672817e-02
  9.4992494e-02  7.5478231e-02  2.4676740e-02  2.0883820e-02  5.1762797e-02
  3.6076808e-02  1.7719744e-02  4.9564144e-02  7.3378856e-02  9.4735823e-02
  6.7371301e-02 -2.6318466e-02  1.0312606e-02  3.3217105e-02  1.1829629e-02
  5.1658676e-03  4.9900722e-02  1.8973316e-01  2.3947649e-01  2.3248099e-01
  2.2775679e-01  2.1679742e-01  1.6896944e-01  1.0929585e-01  8.7769384e-02
  6.9647441e-02  1.4163398e-02 -4.4425880e-02 -1.0421570e-01 -9.6573684e-02
 -2.8517119e-02 -1.4384474e-02 -1.2391399e-02  2.7277350e-02  3.7948569e-02
  2.6076323e-02  1.8044942e-02  1.0923047e-03  4.1391835e-02  1.3097971e-01
  2.2228921e-01  2.2212214e-01  2.0227856e-01  1.8922224e-01  1.9878929e-01
  1.7419730e-01  9.8411545e-02  2.3888566e-02 -2.8255606e-02 -5.9322485e-02
 -1.6567630e-01 -2.2926292e-01 -2.2498910e-01 -1.5832486e-01 -9.3888324e-02
 -1.3080052e-01 -1.6240012e-01 -1.9444041e-01 -2.1382876e-01 -2.0181123e-01
 -1.6495472e-01 -1.2632815e-01 -8.9222238e-02 -3.8788803e-02 -3.7599884e-03
 -2.4005521e-03 -4.0590343e-02 -7.3451499e-02 -1.0301225e-01 -1.1203690e-01
 -9.0486222e-02 -1.0390092e-01 -9.1091578e-02 -1.7182188e-02  2.0370720e-02
  4.8900673e-02  5.5840477e-02  4.9854715e-02  6.4710155e-02  2.8570391e-02
 -3.3783718e-02 -4.3815681e-02 -7.5233667e-03  1.9263645e-02  7.1061553e-03
 -6.2649523e-03 -1.0551116e-01 -2.0052061e-01 -2.3747155e-01 -2.7713206e-01
 -1.8382004e-01 -5.3944501e-02 -5.9228050e-02 -2.8185384e-02  1.0754274e-01
  1.3033561e-01  1.4070899e-01  9.8539881e-02 -2.4870454e-02 -1.7714659e-02
  2.9231440e-02 -5.9545256e-02 -9.4312073e-02  1.0540220e-01  1.7770110e-01
  5.9726863e-02  3.8120490e-02  5.6518475e-02  8.1865950e-02  9.5709235e-02
  9.6007071e-02  1.0182818e-01  9.2457262e-02  7.5633203e-02 -1.6993801e-02
 -4.5510678e-02 -8.0248438e-02 -6.3363843e-02  1.1751659e-02  6.3155601e-02
  3.6880721e-02 -1.6708315e-01 -2.8352463e-01 -2.1906146e-01 -2.3146399e-01
 -3.0708509e-01 -1.9548404e-01 -8.3454405e-02 -9.6740762e-02 -1.0718679e-01
 -4.0936607e-02 -9.5261272e-02 -7.0088140e-02  3.9265824e-02  3.5362487e-02
  1.0107753e-01  9.1672720e-02 -7.4105284e-02 -1.6258172e-01  2.7291879e-02
  1.5308732e-01  9.2106155e-02  1.1441474e-01  1.4370672e-01  5.3825851e-02
  4.7886096e-02  4.5178943e-02 -1.1456487e-02  3.1311444e-02  9.6379970e-02
  1.0231246e-01  1.0593249e-01  1.4957141e-01  3.7665262e-02 -4.2663083e-02
 -7.2795293e-02 -1.6247518e-01 -1.5060293e-01 -6.9439198e-02  3.0703666e-02
  1.3522931e-01  2.0890358e-01  1.4395370e-01  7.6836651e-02  6.8269650e-02
  3.7679791e-02  2.4092934e-02  3.2565742e-02  1.9011090e-02  5.2036418e-02
  9.0665408e-02  1.3228728e-01  1.6324761e-01  1.4789578e-01  9.9907986e-02
  2.0327377e-02 -3.6326214e-02 -8.0127367e-02 -8.9507966e-02 -1.1194973e-01
 -7.8061892e-02  6.4857862e-02  1.2666715e-01  1.2879316e-01  8.5665165e-02
  3.8938932e-02  5.3002567e-02  4.2672769e-02  3.1655286e-02  3.5314059e-04
 -3.9919609e-02  5.0954041e-03  2.7858492e-02 -4.9154923e-02 -8.7665262e-03
 -3.2996755e-02 -7.9156376e-02  1.0216718e-02 -3.0957916e-02  3.3887840e-02
  1.7149499e-01  1.3629716e-01  1.1920916e-01  1.2092837e-01  1.4298513e-01
  1.0834423e-01 -6.8424621e-02 -1.3374740e-01 -2.1652622e-01 -3.5793501e-01
 -2.0953799e-01  3.4570681e-02  2.1560366e-01  3.3127512e-01  3.6740278e-01
  3.0454259e-01  1.5930069e-01  6.9548162e-02 -2.0846046e-02 -3.9607245e-02
  6.6497167e-02  1.8956366e-01  2.1301516e-01  1.8355368e-01  4.7980532e-02
 -4.8355853e-02 -1.5205095e-02  7.1497409e-02  1.5559107e-01  1.8638675e-01
  2.2235459e-01  2.5788174e-01  2.1745121e-01  3.8030897e-02 -5.2244661e-02
 -6.7816843e-02  1.6361809e-02  2.1941014e-01  3.5916994e-01  3.5849194e-01
  8.4231682e-02 -2.8950555e-01 -3.7868662e-01 -1.4460507e-01  2.3379825e-01
  4.3060197e-01  4.1805899e-01  3.3795825e-01  2.1333479e-01  1.0096615e-01
  1.1766187e-02 -2.6294252e-02 -9.4406509e-02 -1.2697951e-01 -1.7866967e-01
 -2.7928713e-01 -3.1565693e-01 -3.6762071e-01 -3.5904886e-01 -2.6957722e-01
 -8.1100780e-02  1.1368347e-01  1.8613250e-01  1.3004262e-01 -4.0035837e-02
 -1.3785413e-01 -1.4401424e-01 -1.1155262e-01 -8.0166110e-02 -7.0727396e-02
 -1.0620369e-01 -1.9947213e-01 -1.5310669e-01  5.7290910e-02  1.7976657e-01
  1.9319095e-01  1.1262773e-01 -4.4883529e-02 -1.5315027e-01 -2.0514311e-01
 -2.1409511e-01 -1.7798925e-01 -1.1268584e-01 -1.6780958e-01 -2.7623614e-01
 -3.2781248e-01 -2.9492954e-01 -1.4124171e-01 -2.0338757e-02  5.1142912e-02
  9.3917381e-02  1.0557412e-01  7.8512277e-02 -7.2691171e-02 -2.1892586e-01
 -2.3815197e-01 -2.0693738e-01 -1.5370478e-01 -1.3048816e-01 -9.9101651e-02
 -9.7033755e-02 -1.2237396e-01 -1.4865127e-01 -1.5883336e-01 -7.5931038e-02
  4.6680227e-02  1.6763766e-01  2.5173132e-01  2.0659354e-01 -9.9755436e-02
 -2.8885176e-01 -2.5575088e-01 -2.2321420e-01 -2.0959853e-01 -2.2452661e-01
 -2.1702988e-01 -1.6821396e-01 -1.4385685e-01 -1.5704877e-01 -1.7199864e-01
 -1.8759988e-01 -1.8197249e-01 -1.7657029e-01 -1.9343552e-01 -2.1213860e-01
 -1.9137973e-01 -1.5578236e-01 -1.2395031e-01 -1.2165238e-01 -1.1444380e-01
 -9.3287811e-02 -6.3809385e-02 -4.7508354e-02 -4.0118166e-02 -1.3401375e-02
  3.4812824e-02  7.0555475e-02  1.3430432e-01  2.5073853e-01  2.8800426e-01
  1.8700421e-01  7.1126931e-02 -7.8950555e-03 -6.3528500e-02  3.8997046e-02
  1.3869679e-01  1.6083103e-01  1.6810499e-01  8.9515231e-02  1.1332994e-03
 -8.3512519e-02 -1.4514020e-01 -1.5989878e-01 -1.0208243e-01  5.5511163e-02
  1.3718098e-01  1.3696063e-01  8.3815197e-02 -9.4893215e-02 -2.2002276e-01
 -2.2062812e-01 -6.8475471e-02  6.5630297e-02  2.5560560e-02 -4.3113468e-03
  3.0371931e-03  8.6977578e-02  1.8127028e-01  2.0665408e-01  1.9008669e-01
  1.5007506e-01  1.2965761e-01  1.0632960e-01  9.9452758e-02  7.8785898e-02
  8.2013657e-02  8.4597317e-02  6.7138844e-02  7.7783428e-02  1.0726185e-01
  1.3554409e-01  1.4013996e-01  1.3709623e-01  2.1653349e-01  3.2614170e-01
  3.5662744e-01  3.5718437e-01  3.5512616e-01  3.5420601e-01  3.5645794e-01
  3.3962904e-01  2.7049736e-01  1.8049784e-01  9.8542302e-02  5.5787205e-02
  3.0209695e-02  5.5208485e-02  1.1380696e-01  1.1663035e-01  5.4886435e-02
 -2.2008572e-02  1.2069592e-02  5.3486852e-02  3.6890406e-02  2.3415662e-02
  3.1824786e-02  7.1930844e-02  1.0100247e-01  8.6159136e-02  4.1077050e-02
  7.5693738e-02  1.9552279e-01  2.6725265e-01  2.4650104e-01  2.1527677e-01
  1.6024989e-01  5.3898494e-02 -2.3842317e-02 -5.3375466e-02 -4.6249213e-02
 -2.4851082e-02 -3.2994334e-03 -4.9307473e-04  1.7858734e-03 -9.1224757e-03
 -5.9741392e-02 -7.9827110e-02 -5.5513584e-02 -4.9520558e-02 -4.9406751e-02
 -5.3363359e-02 -4.3086832e-02 -4.4464623e-03  2.5347474e-02  4.6467141e-02
  3.0693980e-02 -2.3152453e-02 -5.9600949e-02 -8.6292314e-02 -8.7536927e-02
 -7.3291685e-02 -8.4873359e-02 -7.7204707e-02 -7.0548211e-02 -8.8636254e-02
 -1.1762071e-01 -1.4995399e-01 -1.6891133e-01 -1.6551649e-01 -1.3952976e-01
 -1.2643954e-01 -1.2288973e-01 -1.1210712e-01 -9.7326747e-02 -9.0633929e-02
 -5.7140782e-02 -1.3726573e-02  1.3372803e-03  1.1850211e-02 -5.0663470e-03
 -3.3248583e-02 -7.0872681e-02 -1.2630152e-01 -1.7421425e-01 -1.8904790e-01
 -1.9422006e-01 -2.1953121e-01 -2.4657368e-01 -2.6790644e-01 -2.7563078e-01
 -2.7023100e-01 -2.6020631e-01 -2.4117149e-01 -2.3216863e-01 -2.3679597e-01
 -2.1364957e-01 -1.9798537e-01 -1.6456971e-01 -1.3587341e-01 -1.3305487e-01
 -1.1849242e-01 -1.0339726e-01 -6.8126786e-02 -7.2734757e-02 -8.5372173e-02
 -1.0619158e-01 -1.2588987e-01 -1.2496731e-01 -1.3218316e-01 -1.0837087e-01
 -8.9624195e-02 -7.9105526e-02 -5.5239963e-02 -5.5629813e-02 -4.6513148e-02
 -2.3369897e-02 -4.7256526e-03  7.4805075e-03  1.2963097e-02  1.3077873e-02
  2.2888760e-02  7.5362003e-02  1.1530825e-01  1.3747155e-01  1.4552521e-01
  1.4076953e-01  1.1821154e-01  8.6200300e-02  8.2173471e-02  8.9481331e-02
  8.7575670e-02  1.0077486e-01  1.1722359e-01  1.4418858e-01  1.7736694e-01
  1.8460942e-01  1.5589375e-01  1.3104267e-01  1.1774420e-01  1.2327231e-01
  1.3530922e-01  1.2550002e-01  1.0981161e-01  6.6356724e-02  4.1837377e-02
  4.6995012e-02  7.6986779e-02  1.1484818e-01  1.4118601e-01  1.4796600e-01
  1.3812775e-01  1.2461378e-01  9.5200736e-02  9.8639159e-02  1.2228921e-01
  1.2968667e-01  1.0853068e-01  7.6950458e-02  3.9675045e-02  4.1571020e-03
 -2.1953606e-02 -5.3813744e-02 -6.8589278e-02 -6.6276817e-02 -6.9112306e-02
 -5.9830985e-02 -2.6381423e-02  1.3748850e-03  4.6227420e-02  6.9516684e-02
  7.9209647e-02  9.5355707e-02  1.0746041e-01  1.1294252e-01  1.1356966e-01
  9.4530001e-02  4.8171824e-02 -6.2787544e-03 -2.9955446e-02 -2.7086057e-02
 -2.6744637e-02 -4.1897913e-03  3.2171049e-03  1.0734176e-04 -3.7597462e-03
 -2.0271926e-02 -4.4820572e-02 -5.5656448e-02 -5.8087559e-02 -5.5913119e-02
 -3.5045281e-02 -7.3897041e-03  2.4149596e-02  4.3263596e-02  3.1011187e-02
  1.1853843e-02 -1.4692479e-02 -2.6335416e-02 -1.4106736e-02  4.8455131e-03
  3.4161461e-02  4.0348201e-02  2.7253136e-02  2.9638239e-02  2.9393675e-02
  1.4887646e-02  1.4748898e-02  1.1071238e-02  1.0328103e-02  1.5882367e-02
  3.0938544e-02  2.3257058e-02  1.3421957e-02  1.8955882e-02 -9.5694707e-03
 -2.5311153e-02 -1.0514553e-02  1.7846385e-02  3.1524529e-02  4.1648506e-02
  6.1845610e-02  7.2386072e-02  9.6130563e-02  1.0200736e-01  8.6769335e-02
  6.2833551e-02  5.3159959e-02  6.2194295e-02  5.6588697e-02  4.4815730e-02
  3.1568115e-02  2.8577655e-02  1.1048961e-02  7.5233667e-03  1.0737324e-02
  1.1548985e-02  9.4583273e-03 -1.2498426e-03 -3.5510194e-03  6.8831420e-03
  2.7751949e-02  1.4555426e-02 -2.3131387e-03 -1.2134244e-02 -2.1414596e-02
 -2.0171437e-02 -2.1549470e-02 -2.7345150e-02 -2.0701729e-02 -1.7303501e-02
 -3.9754952e-02 -7.2778343e-02 -9.2224805e-02 -1.0185481e-01 -1.1076565e-01
 -1.0317691e-01 -1.0819168e-01 -1.2464284e-01 -1.3890019e-01 -1.3902852e-01
 -1.2274929e-01 -1.1264468e-01 -1.0007749e-01 -8.6866192e-02 -8.8273040e-02
 -9.8232360e-02 -1.1875878e-01 -1.2263790e-01 -1.2422151e-01 -1.2049494e-01
 -9.8685166e-02 -9.0600029e-02 -8.2633542e-02 -7.5456439e-02 -5.9683278e-02
 -3.7047799e-02 -4.1311928e-02 -5.0348685e-02 -7.6652622e-02 -8.7345634e-02
 -7.3708170e-02 -6.4167756e-02 -4.1483849e-02 -3.4960531e-02 -2.8267713e-02
 -3.0667345e-02 -5.5503898e-02 -6.9669233e-02 -8.4899995e-02 -1.0850162e-01
 -1.2666715e-01 -1.4051044e-01 -1.2418519e-01 -1.0738292e-01 -1.0700518e-01
 -1.0261272e-01 -9.7837668e-02 -1.0749431e-01 -1.1587970e-01 -1.1281902e-01
 -1.2047072e-01 -1.3283210e-01 -1.3653204e-01 -1.2895540e-01 -1.0225919e-01
 -8.5425444e-02 -6.7388251e-02 -2.7485593e-02  2.3526563e-02  5.7053610e-02
  5.9022229e-02  4.0304615e-02  1.7075403e-02 -2.7771321e-03 -2.2686329e-03
  2.5337789e-02  4.0975350e-02  6.5809482e-02  6.9722505e-02  7.3284421e-02
  9.6709284e-02  1.2036660e-01  1.3503802e-01  1.3471112e-01  1.3877670e-01
  1.4504334e-01  1.3859025e-01  1.4263645e-01  1.5659596e-01  1.6168822e-01
  1.8092886e-01  1.9444767e-01  2.0320112e-01  2.0187660e-01  1.7961887e-01
  1.6904451e-01  1.6690154e-01  1.5258850e-01  1.4369461e-01  1.4700712e-01
  1.5908519e-01  1.6867161e-01  1.6086009e-01  1.3390237e-01  1.1086493e-01
  9.1471742e-02  8.2832098e-02  8.4853988e-02  8.7384377e-02  9.8423652e-02
  9.5922321e-02  8.5527144e-02  7.2468400e-02  6.2862608e-02  6.5279190e-02
  6.5436583e-02  6.6388203e-02  5.3799215e-02  4.7421183e-02  5.5305342e-02
  6.6717517e-02  6.6230810e-02  6.5639983e-02  6.6119425e-02  5.3961451e-02
  3.8176183e-02  1.2895782e-02  5.4513536e-03  8.1246065e-03  1.6069543e-02
  2.1294494e-02  9.7968425e-03  3.5016224e-04 -1.1372706e-02 -1.9364376e-02
 -2.7916606e-02 -2.7887549e-02 -3.7670105e-02 -4.6617270e-02 -6.2392852e-02
 -6.9589326e-02 -6.6581917e-02 -7.2848564e-02 -6.3136229e-02 -6.2538137e-02
 -7.9483268e-02 -9.0515279e-02 -8.7987312e-02 -8.8929246e-02 -7.6996465e-02
 -5.8789772e-02 -3.8532132e-02 -2.8659984e-02 -3.1110465e-02 -2.4274783e-02
 -1.1644632e-02 -2.0948956e-02 -3.1401036e-02 -3.1851421e-02 -3.7275413e-02
 -4.9336530e-02 -6.3659257e-02 -6.8044457e-02 -6.9371398e-02 -6.5472904e-02
 -6.2230616e-02 -6.9758826e-02 -8.4895152e-02 -8.2514892e-02 -6.7143687e-02
 -6.8039615e-02 -6.2586566e-02 -4.6360599e-02 -4.0970507e-02 -2.2553150e-02
 -1.3490484e-02 -4.0357887e-03 -5.0133178e-03 -1.8159717e-02 -2.3005715e-02
 -1.9705313e-02 -4.3251489e-03 -6.2327473e-04  6.7971815e-04  2.1647295e-03
  1.9958351e-02  2.6693787e-02  4.0805850e-02  4.0972928e-02  2.6337837e-02
  4.0159330e-02  4.9467287e-02  5.0077486e-02  3.0626180e-02  1.0297351e-02
 -2.5664681e-03 -5.4561964e-03 -3.4837038e-03  2.2447334e-03  1.8785898e-02
  3.1558429e-02  3.9130224e-02  2.9476004e-02  2.5981888e-02  2.9735096e-02
  1.3524626e-02 -7.9802896e-03 -1.8174246e-02 -3.0846530e-02 -2.4187612e-02
 -1.2568405e-02 -6.6586760e-03  1.5639740e-02  2.7379050e-02  1.2544675e-02
  1.2450240e-02  2.8594605e-03 -3.2890213e-02 -6.1472711e-02 -7.7899656e-02
 -7.5362003e-02 -6.1390382e-02 -2.5981888e-02 -6.1952153e-03 -1.0463461e-03
 -1.5285486e-02 -4.6377549e-02 -5.8128723e-02 -7.0381132e-02 -6.0981161e-02
 -4.6600320e-02 -3.4803138e-02 -2.5294203e-02 -2.6972250e-02 -2.1155020e-02
 -6.3414693e-03  1.4698775e-02  2.3767737e-02  1.6620417e-02 -2.2958981e-03
  9.3401618e-03  1.3838685e-02  1.3355610e-02  4.4953751e-03 -1.1085283e-02
  3.2856313e-03  9.2161848e-03  1.2765025e-02  1.4776987e-02  1.7749044e-02
  3.4122718e-03 -2.1945615e-02 -4.4430723e-02 -4.2261126e-02 -2.7889970e-02
 -2.5059325e-02 -3.7878348e-02 -3.5469030e-02 -3.6442443e-02 -4.1515328e-02
 -3.8626568e-02 -3.8992203e-02 -4.1251392e-02 -5.7264274e-02 -5.8935057e-02
 -5.2772531e-02 -3.0718195e-02 -2.9115211e-02 -3.5023488e-02 -2.4897089e-02
 -2.8243498e-02 -2.7078793e-02 -2.9986924e-02 -1.9811371e-02 -1.0600271e-02
 -1.0155940e-02  5.8177151e-03  1.1478522e-02  7.4233619e-03  9.3621967e-03
  2.1327667e-02  2.7679307e-02  2.5541188e-02  2.8161170e-02  2.5291782e-02
  3.0364667e-02  3.3289748e-02  2.7911763e-02  1.9969732e-02  8.4347910e-03
 -1.6736888e-03 -1.1958206e-02 -1.0507773e-02  1.4918398e-03  2.4749383e-02
  2.5042375e-02  3.4921788e-02  4.9687636e-02  7.0826674e-02  8.3476197e-02
  7.1277059e-02  6.8703085e-02  6.8557799e-02  6.4041842e-02  6.6066153e-02
  8.3037920e-02  9.3425832e-02  9.0682357e-02  7.5703424e-02  6.4242820e-02
  6.3213715e-02  6.4869969e-02  6.4029735e-02  6.5196862e-02  5.9605792e-02
  5.0079907e-02  5.4566807e-02  6.0433919e-02  6.0031963e-02  6.7935493e-02
  7.8136956e-02  7.2022858e-02  6.0446026e-02  5.1123541e-02  3.7086542e-02
  1.6120151e-02  7.6904451e-03  5.3886387e-03 -1.5545063e-04  2.1252845e-02
  4.3835053e-02  4.8636738e-02  4.3975495e-02  2.9061940e-02  1.3240835e-02
 -2.3867984e-03 -1.6704441e-02 -2.9611603e-02 -3.0137053e-02 -2.8555862e-02
 -3.1989443e-02 -4.7607632e-02 -6.7828951e-02 -8.5001695e-02 -9.1987505e-02
 -8.0897380e-02 -6.7465737e-02 -5.2339096e-02 -5.8106930e-02 -7.8822219e-02
 -9.0386944e-02 -8.7447334e-02 -6.2906194e-02 -4.7491404e-02 -5.3620030e-02
 -7.4197298e-02 -8.8556347e-02 -8.4602160e-02 -7.3008378e-02 -7.0485254e-02
 -7.2511986e-02 -6.5954768e-02 -5.3651509e-02 -3.7842026e-02 -3.1364715e-02
 -4.5919899e-02 -6.4903869e-02 -7.2596736e-02 -7.8846433e-02 -7.2860671e-02
 -4.8527774e-02 -2.5901981e-02 -7.6960143e-03  3.3953218e-03  5.4457843e-03
  2.7725314e-03 -1.3149305e-02 -1.7347329e-02 -2.0312122e-02 -1.7734515e-02
 -1.0638045e-02 -3.1180687e-03 -2.8287084e-03 -9.6484091e-03 -8.0834423e-03
  5.3009831e-03  1.3474987e-02  7.1415081e-03  8.1945857e-03  7.0611168e-03
  1.1904935e-02  2.4560511e-02  3.1260594e-02  3.1568115e-02  3.0091046e-02
  3.2737663e-02  3.4541624e-02  4.2309555e-02  4.4515473e-02  3.7849291e-02
  3.9130224e-02  4.1449949e-02  4.1115793e-02  3.7800862e-02  3.9626616e-02
  3.9541866e-02  3.9585452e-02  4.2989975e-02  3.0810209e-02  2.2261126e-02
  2.6955300e-02  2.2012204e-02  1.4314253e-02  1.5915056e-02  2.4526611e-02
  3.0834423e-02  2.2347813e-02  7.6441958e-03 -9.7254104e-03 -2.4352269e-02
 -2.1828660e-02 -1.2387767e-02 -3.6263257e-04  5.3646666e-03 -1.3834568e-03
 -7.8570391e-03 -9.9200930e-03 -6.9027556e-03 -7.3194828e-03 -7.1601530e-03
 -6.6054046e-03 -5.3709623e-03 -6.7199380e-03  6.1501768e-05  3.3483462e-03
  2.4495133e-03  1.1173422e-02  1.5102668e-02  9.6559155e-03 -9.6379970e-04
 -1.4286648e-03  1.6644390e-02  3.4086396e-02  4.2936704e-02  4.7518040e-02
  3.2587535e-02  6.2789966e-03 -1.9146690e-02 -2.0175553e-02 -6.8475471e-03
  4.6651170e-03  1.0142864e-02  1.7162574e-02  2.1093758e-02  2.6032738e-02
  3.9466802e-02  4.5111143e-02  3.2304228e-02  2.7073950e-02  1.6479006e-02
  8.6825028e-03  7.0901739e-03 -3.1863529e-03 -2.7652671e-03 -4.0987457e-03
  1.1400068e-03  3.0214538e-03 -2.2138118e-04 -7.8856119e-03 -7.2490193e-03
 -1.4857862e-02 -2.2170565e-02 -2.4381326e-02 -2.7672042e-02 -2.9042569e-02
 -1.7811274e-02  2.5161025e-03  1.2107124e-02  1.8061165e-02  1.8127997e-02
  1.6963291e-02  7.5783331e-03  1.1458666e-02  1.4796116e-02  5.7913216e-03
 -9.8551988e-04 -6.2990944e-03 -4.2604969e-03 -7.5044796e-03 -8.8067219e-03
 -9.1922127e-03 -8.1347765e-03 -1.4450579e-02 -2.7442007e-02 -2.2774468e-02
 -1.0650879e-02 -9.1755049e-03 -7.8260448e-03 -4.3808417e-03 -5.9111821e-03
 -8.1490629e-03 -1.0024699e-02 -7.7909342e-03  3.2645649e-03  2.3986392e-02
  3.8767011e-02  3.5410916e-02  2.3882512e-02  1.8754661e-02  1.5459829e-02
  1.2187031e-02 -7.4068962e-04 -4.4847208e-03 -1.4032883e-02 -2.7788271e-02
 -2.7899656e-02 -2.9388832e-02 -3.0275074e-02 -4.6752869e-02 -4.9142816e-02
 -5.9337014e-02 -7.1306117e-02 -6.9211584e-02 -7.2114872e-02 -6.5119376e-02
 -5.0179185e-02 -3.6139765e-02 -1.9879171e-02 -2.0882851e-02 -2.8357305e-02
 -2.6584823e-02 -2.4388590e-02 -2.5950409e-02 -3.0846530e-02 -2.5129546e-02
 -2.8258027e-02 -3.0839266e-02 -2.9657611e-02 -2.4407962e-02 -1.7543707e-02
 -5.8487094e-03 -5.2326989e-04  1.1322824e-03  3.6328636e-03  1.9147658e-03
 -8.2907163e-04  1.5678725e-03  3.7236670e-03  6.7521430e-03  1.9018839e-02
  2.1114340e-02  2.3195070e-02  2.4468497e-02  2.5461281e-02  2.5759117e-02
  2.8860962e-02  4.2733304e-02  4.7612475e-02  3.4694174e-02  3.2396242e-02
  4.1474163e-02  4.3314446e-02  4.9709429e-02  5.4201172e-02  5.2036418e-02
  5.3484430e-02  4.6842462e-02  3.6226936e-02  3.5057388e-02  3.3328490e-02
  2.6056952e-02  2.6979515e-02  3.1219430e-02  4.7382440e-02  6.3281515e-02
  5.6680711e-02  5.1992833e-02  5.3167224e-02  5.1142912e-02  4.1297399e-02
  3.9503124e-02  3.5331009e-02  3.8173761e-02  2.9909439e-02  1.7918301e-02
  1.7937188e-02  1.6031527e-02  1.5891326e-02  2.3508887e-02  1.6677079e-02
 -1.2412223e-04 -6.1276575e-03 -1.0370962e-02 -1.2779796e-02 -1.1502252e-02
 -8.3105719e-03 -2.4255412e-02 -3.6384329e-02 -2.9265340e-02 -1.1320161e-02
  2.7567921e-03  8.1442201e-03  6.6085525e-03  1.8632137e-03 -2.8761683e-03
 -1.0446269e-02 -5.6668604e-03  8.0216960e-04  3.0408252e-04 -7.0402925e-03
 -1.9634607e-02 -2.3637222e-02 -3.1480943e-02 -3.1292072e-02 -2.8354884e-02
 -3.2137149e-02 -2.5306310e-02 -2.1227420e-02 -1.4926147e-02 -1.2536685e-02
 -2.0137053e-02 -2.8149063e-02 -3.4008911e-02 -3.7861398e-02 -3.9619352e-02
 -3.3965325e-02 -2.0872439e-02 -5.3862173e-03 -2.1390866e-03  8.3878154e-04
 -1.2516345e-03  5.2152647e-03  8.0507531e-03  1.1682164e-02  8.2091142e-03
 -4.2069834e-04 -1.3581772e-02 -2.8827062e-02 -4.7002276e-02 -5.4474793e-02
 -5.5896169e-02 -5.8077873e-02 -4.7888518e-02 -5.7663809e-02 -4.7728704e-02
 -5.1130805e-02 -5.1324519e-02 -4.5607535e-02 -4.4559059e-02 -3.4955688e-02
 -2.7834278e-02 -2.0859606e-02 -2.2223594e-02 -3.7374691e-02 -4.4503366e-02
 -4.3701874e-02 -4.7627004e-02 -5.5578963e-02 -6.0542883e-02 -4.6462298e-02
 -2.9216911e-02 -1.1847063e-02 -1.4754225e-03 -2.5204610e-03 -1.6839799e-03
 -4.4108674e-04 -5.6453097e-04 -2.5260303e-03 -1.2989007e-03  1.0049155e-02
  2.1605647e-02  3.4415710e-02  3.7713691e-02  4.3154632e-02  5.4041358e-02
  5.6620175e-02  4.5469514e-02  3.1340501e-02  1.5528113e-02  1.5312122e-03
 -6.3746428e-04 -4.5563950e-03  1.4878929e-03  1.3072788e-02  1.5397114e-02
  2.0771466e-02  3.3735290e-02  3.4946002e-02  3.3444719e-02  3.5720858e-02
  3.5798344e-02  3.4955688e-02  4.2043198e-02  5.0857184e-02  5.6293283e-02
  5.8344230e-02  5.9087607e-02  5.7799409e-02  5.2205918e-02  4.9106494e-02
  4.7968425e-02  5.2012204e-02  6.1697903e-02  5.2816117e-02  4.0970507e-02
  4.2159427e-02  3.9728316e-02  5.1515812e-02  5.8431401e-02  5.9046443e-02
  4.6372706e-02  3.4483510e-02  2.1385781e-02  2.0078696e-02  1.5628118e-02
  1.1216766e-03 -2.0709477e-05  2.3537944e-03  3.9866337e-03  2.4107947e-03
  1.0172648e-02  1.4976754e-02  7.4710640e-03  1.1725992e-02  1.3211051e-02
  6.1378275e-03  2.2301564e-03 -8.6633735e-05 -9.9084701e-03 -1.1007555e-02
 -9.7588261e-03 -6.9022713e-03  3.3987118e-03 -9.7808611e-03 -1.5395177e-02
 -1.5276527e-02 -6.7753886e-03  1.1381181e-02  2.0216960e-02  1.4750593e-02
  1.3894620e-03 -1.2120442e-02 -1.7520461e-02 -2.9492954e-02 -3.2464042e-02
 -3.6999370e-02 -4.0495908e-02 -4.3292653e-02 -5.0832970e-02 -6.2751223e-02
 -7.4424912e-02 -6.4918398e-02 -4.8854666e-02 -3.4352753e-02 -3.3660226e-02
 -4.1704199e-02 -4.1263499e-02 -3.6507821e-02 -3.2313914e-02 -3.2764299e-02
 -3.0357402e-02 -2.6517023e-02 -3.0318659e-02 -3.2742506e-02 -3.8369897e-02
 -4.4270909e-02 -5.3571602e-02 -6.1402489e-02 -7.0976803e-02 -7.2880043e-02
 -7.1441716e-02 -6.8177636e-02 -5.7738874e-02 -5.5913119e-02 -5.1346312e-02
 -4.4934379e-02 -4.2406412e-02 -3.4134825e-02 -1.8729963e-02 -1.0884546e-02
 -8.6055015e-03  2.4824447e-04  5.0261514e-03  4.2074677e-03  5.1656255e-03
 -8.2822413e-03 -1.0818684e-02 -1.1023778e-02 -5.2656303e-03  2.4018839e-03
  1.8078842e-02  2.8698726e-02  3.7214877e-02  5.4942128e-02  6.3586614e-02
  6.6160589e-02  6.0923047e-02  6.2940094e-02  5.8501622e-02  5.7494310e-02
  4.7578575e-02  3.9866337e-02  3.3761926e-02  2.5194925e-02  1.6334931e-02
  1.1271974e-02  1.0373142e-02  8.7442491e-03  1.0785510e-02  8.1083830e-03
  9.3977917e-03  1.1460603e-02  7.7793113e-03  6.7969393e-03  9.4571166e-03
  1.2204949e-02  1.7607874e-02  2.4974575e-02  2.3744249e-02  2.6337837e-02
  2.3396290e-02  1.7469611e-02  1.4329750e-02  2.0340452e-02  3.0597123e-02
  3.1621386e-02  2.8480798e-02  2.5044796e-02  1.5243353e-02  1.4405782e-02
  2.1743184e-02  1.9962226e-02  1.4774565e-02  5.1372948e-03  2.8185384e-03
  2.7979563e-03  3.0790837e-03  1.3569664e-02  1.4256380e-02  7.3611313e-03
 -5.0694949e-03 -1.0357644e-02 -7.6526708e-03  8.2907163e-04  1.4527096e-02
  1.9223449e-02  2.4637997e-02  1.4301661e-02  4.2341033e-03  4.1617027e-03
  2.0156908e-03  8.0984551e-03  2.1878299e-02  2.5284517e-02  2.2642985e-02
  1.1284808e-02  1.1184077e-02  6.9189791e-03  1.9791273e-03  2.9313768e-03
  2.6209502e-03 -2.3576687e-03 -1.3804543e-02 -1.5069737e-02 -1.6878057e-02
 -1.5021793e-02 -1.4938012e-02 -2.0938302e-02 -3.4730495e-02 -2.6064216e-02
 -2.1192552e-02 -2.8180541e-02 -2.5194925e-02 -2.5887452e-02 -2.4838975e-02
 -2.0197104e-02 -1.8633348e-02 -1.1847547e-02 -8.4517410e-03 -1.3499685e-02
 -1.3296770e-02 -1.3248583e-02  1.6452613e-03  7.9967553e-03  3.3432612e-03
 -9.2321662e-03 -2.6887501e-02 -3.5597365e-02 -4.0152065e-02 -3.5556201e-02
 -3.5042859e-02 -3.3483462e-02 -3.1306601e-02 -3.2011235e-02 -2.3752724e-02
 -1.7161606e-02 -1.2682696e-02 -1.6682164e-04  8.0640709e-03  2.2669621e-02
  1.4864884e-02  5.4358565e-03 -4.0321565e-03 -1.3735774e-02 -1.7020679e-02
 -3.1212165e-02 -2.7831856e-02 -2.1149692e-02 -4.7568890e-03  7.8558284e-03
  2.2064749e-02  2.5083539e-02  2.4238462e-02  2.6030316e-02  2.5921352e-02
  2.7238607e-02  2.5662260e-02  2.5131968e-02  2.4046685e-02  2.3353673e-02
  2.6190130e-02  2.1859896e-02  1.9724442e-02  1.7428689e-02  1.0515279e-02
  1.0222287e-02  3.1597172e-03  3.3926582e-03  3.1546322e-03  2.5211875e-03
  3.1660129e-03  4.4525159e-03  4.9106494e-03  4.9789336e-03  6.6160589e-03
  3.6781442e-03 -1.2015352e-02 -1.4525885e-02 -1.5445542e-02 -2.3228728e-02
 -2.4516926e-02 -1.5670735e-02 -4.3021454e-03  3.0231488e-03 -1.4302388e-03
 -1.4315948e-02 -1.9905080e-02 -3.4628796e-02 -3.6011429e-02 -3.6740278e-02
 -3.6282629e-02 -3.2616592e-02 -1.6471742e-02 -3.4418132e-03  9.3028718e-03
  2.1548017e-02  1.6720422e-02  7.8495327e-03  2.7967456e-03  3.5483559e-03
  1.8419778e-03  5.9615478e-03  3.2732820e-03 -3.9139910e-03 -1.1408543e-02
 -2.9824689e-03  3.5454501e-03 -2.1936898e-03 -1.0121798e-02 -1.4758584e-02
 -1.4210858e-02 -1.4315463e-02 -1.3785413e-02 -1.4471645e-02 -1.4138215e-02
 -1.4819846e-02 -1.2588745e-02 -1.3324616e-02 -1.2240060e-02 -1.4572619e-02
 -4.6331541e-03  9.1021357e-03  8.2016078e-03  1.3926340e-02  1.1330089e-02
  8.9810645e-03  7.6780958e-03  7.0792774e-03  8.1587486e-03  8.2374449e-03
  7.8846433e-03  8.6350429e-03  1.9775050e-02  2.7228921e-02  2.4899511e-02
  3.1432515e-02  3.2839363e-02  3.4105768e-02  3.3142041e-02  2.3556347e-02
  2.5129546e-02  2.5432224e-02  2.7262821e-02  2.5616253e-02  1.1415565e-02
  8.9670202e-04 -1.6238559e-03 -1.1232263e-02 -1.3659499e-02 -1.4967311e-02
 -1.6900818e-02 -1.5268536e-02 -1.6943920e-02 -1.6276817e-02 -1.5231488e-02
 -1.3615429e-02 -1.5367814e-02 -6.1153082e-03 -6.6221125e-03 -1.3279093e-02
 -1.2869873e-02 -1.6328636e-02 -1.5447479e-02 -1.7348540e-02 -2.0022277e-02
 -2.3732868e-02 -2.5797859e-02 -2.0056903e-02 -2.8078842e-02 -2.6829386e-02
 -2.0554991e-02 -1.8642549e-02 -1.7575912e-02 -1.8923435e-02 -1.0662018e-02
 -1.3269892e-03  8.1071723e-03  1.5204126e-03  3.9825173e-03  1.3960482e-02
  1.3536249e-02  1.7829193e-02  1.4447673e-02  4.4668023e-03  2.2815148e-03
  7.3049542e-03  1.1835198e-02  1.1987263e-02  1.3033319e-02  2.0377742e-02
  1.7472759e-02  1.6901545e-02  2.2605211e-02  2.1128142e-02  2.3271345e-02
  2.0379679e-02  2.8485641e-02  3.8875975e-02  4.2709090e-02  4.2241755e-02
  3.8926825e-02  3.4103346e-02  2.3448593e-02  2.4884982e-02  2.5136810e-02
  3.2541527e-02  4.4045716e-02  4.6292799e-02  4.8646424e-02  4.6471984e-02
  1.9793695e-02  7.6248244e-03 -6.6502010e-04 -6.5409947e-03 -3.9684730e-03
 -1.2329653e-02 -1.4178653e-02 -1.0327619e-02  3.7532084e-04  8.1873214e-03
  6.6235653e-03  6.1571989e-03  5.9482299e-03  1.9878929e-03 -1.3460216e-02
 -2.5914088e-02 -2.6764008e-02 -2.0372899e-02 -6.2450966e-03 -5.7893845e-03
 -3.9784009e-03 -6.4465592e-03 -6.9889583e-03 -6.9226113e-03 -8.0410674e-03
 -7.3487820e-03 -8.0061988e-03 -6.6940288e-03 -6.9071141e-03 -5.5620127e-03
 -1.0805366e-02 -1.2658482e-02 -4.7241997e-03 -3.1759407e-03  3.9190760e-03
  1.5369509e-02  2.3715676e-02  3.1003923e-02  3.2212214e-02  3.3962904e-02
  2.9899753e-02  1.5106058e-02  1.2666473e-02 -1.0306795e-04 -6.0424234e-03
 -5.6341711e-03 -6.2354109e-03 -3.6548985e-03 -4.7934525e-03 -4.0888179e-03
 -5.1617512e-03 -5.9983534e-03 -7.1424766e-03 -1.4200203e-02 -2.7294300e-02
 -2.6943193e-02 -2.9400940e-02 -3.0224224e-02 -2.8856119e-02 -2.9592232e-02
 -2.8480798e-02 -2.6766429e-02 -1.1358661e-02 -1.2501816e-02 -1.0561771e-02
 -3.3330912e-03 -4.3004504e-03 -6.3487336e-03 -1.4815487e-02 -2.2914185e-02
 -3.0509952e-02 -2.3703085e-02 -2.1684585e-02 -2.0243353e-02 -1.7178072e-02
 -1.8249310e-02 -2.1519928e-02 -2.2629425e-02 -1.8191922e-02 -1.7474212e-02
 -1.4798053e-02 -1.5358371e-02 -1.3131871e-02 -5.7155310e-03  2.1565209e-03
  5.3104267e-03  2.2597704e-03 -6.6831324e-03 -1.0677030e-02 -3.5621580e-03
  8.7047799e-04  3.1580222e-03  6.1262047e-04  1.9786188e-03  5.1949247e-04
  2.0777762e-03  3.7403748e-03  4.1026200e-03  3.1539058e-03 -9.1893070e-03
 -1.1772483e-02 -1.0751610e-02  3.1454308e-03  6.2257252e-04 -1.0310427e-02
 -1.5872439e-02 -1.2568647e-02  1.1696208e-03  8.4343067e-03  2.1739309e-02
  2.3419778e-02  2.3557799e-02  2.2341518e-02  2.2864061e-02  2.2410286e-02
  2.2593346e-02  2.2139571e-02  2.3864110e-02  2.3125333e-02  2.1695482e-02
  2.5202189e-02  1.8215894e-02  1.4460264e-02  1.0441426e-02  3.5863722e-03
  1.9098019e-03  3.7941305e-03  4.4607487e-03  9.4062666e-03  1.9059276e-02
  1.8234055e-02  1.9064604e-02  1.8486610e-02  2.2505448e-02  1.6243402e-02
  1.2204465e-03  9.0009201e-04 -1.2509322e-05  5.1757954e-04  9.8956366e-05
  5.1399584e-04 -2.8320984e-04 -5.0084750e-03 -1.4380115e-02 -1.6926970e-02
 -2.0044796e-02 -1.8158264e-02 -2.1720907e-02 -1.4694174e-02 -1.4074531e-03
 -1.1831566e-03 -1.9962710e-03 -1.3391448e-02 -1.3008620e-02 -1.0941450e-02
 -1.6850211e-02 -1.6625260e-02 -9.3520267e-04  7.3778391e-04  3.8655625e-04
  3.1570536e-03 -6.5259819e-03 -1.5819168e-02 -1.6197395e-02 -1.6405879e-02
 -1.6388929e-02 -1.6448738e-02 -1.4330476e-02 -8.5609473e-04 -1.2260884e-02
 -1.5397356e-02 -1.5956705e-02 -1.2362342e-02  5.0295414e-03  3.1764250e-03
  4.0556443e-03  2.7018258e-03  4.0474115e-03  8.0156424e-03  2.7340307e-03
  3.8878396e-03  3.9171388e-03  4.3907695e-03  3.7018742e-03  5.6898639e-03
  7.6778536e-03  4.0813114e-03  3.2115357e-03  3.5703908e-03  8.8287568e-03
  9.3910117e-03  3.7704005e-03  4.5469514e-03  3.9738002e-03  4.7779553e-03
  4.5452564e-03 -9.3643760e-03 -1.7694077e-02 -3.0200010e-02 -3.3224369e-02
 -3.3970168e-02 -3.6364957e-02 -3.3129934e-02 -3.3105719e-02 -3.2289699e-02
 -3.2059664e-02 -3.0272652e-02 -3.1979757e-02 -4.4869001e-02 -4.9568986e-02
 -3.1652865e-02 -3.7217299e-02 -4.5084508e-02 -3.5633687e-02 -3.0832002e-02
 -1.8418810e-02 -3.9193181e-04  1.0173858e-02  1.7234491e-02  2.4152259e-02
  2.8228970e-02  2.6531551e-02  2.6943193e-02  2.0510194e-02  2.9551068e-02
  2.6863286e-02  1.2759698e-02  1.5690106e-02  1.3326311e-02  1.7013657e-02
  1.4419584e-02  1.1546080e-02  1.0625454e-02  1.3907453e-02  1.9894184e-02
  2.0394692e-02  2.2694804e-02  1.7391399e-02  4.6542205e-03  4.1018936e-03
  3.6594992e-03  4.1989927e-03  3.6580464e-03  3.9725895e-03  3.9035789e-03
  3.5052545e-03  1.0815052e-02  1.2463073e-02  1.5466609e-02  2.1860381e-02
  2.2894329e-02  2.2200591e-02  2.4599254e-02  2.4038694e-02  2.1644874e-02
  2.1679985e-02  2.4497554e-02  2.6657465e-02  2.3171098e-02  2.2542496e-02
  2.5960095e-02  1.1089883e-02  3.2701341e-03  3.7069592e-03  3.0195167e-03
  3.8188290e-03  5.3586130e-03  1.4343067e-02  2.4490290e-02  2.2958739e-02
  2.7018258e-02  4.1120635e-02  4.2881011e-02  4.2517797e-02  4.3360453e-02
  4.4336287e-02  4.1311928e-02  4.0662986e-02  4.2236912e-02  3.7096227e-02
  2.8509855e-02  2.2144414e-02  2.2384861e-02  2.3898736e-02  2.3189985e-02
  2.2278561e-02  2.4318369e-02  1.7137149e-02  4.9738486e-03  3.3824883e-03
  3.7934040e-03  3.6011429e-03  3.9023682e-03  2.5744588e-03  4.7191147e-03
 -1.1019178e-03 -8.8868710e-03 -7.9599496e-03 -1.3128239e-02 -1.6266405e-02
 -1.6096179e-02 -1.7325294e-02 -1.0797133e-02 -1.1855780e-02 -1.5981646e-02
 -1.6272217e-02 -1.5208243e-02 -1.5136810e-02 -2.1671267e-02 -2.5964938e-02
 -2.1791370e-02 -1.5762265e-02 -2.4095598e-02 -2.2405686e-02 -2.7519492e-02
 -2.2707395e-02 -1.9081069e-02 -2.9383990e-02 -2.6119909e-02 -2.4538719e-02
 -1.7610538e-02 -1.5701487e-02 -1.4949877e-02 -1.4401182e-02 -1.4801685e-02
 -1.6705409e-02 -1.8290716e-02 -2.2339581e-02 -3.3086348e-02 -3.6878299e-02
 -3.5691801e-02 -3.7311734e-02 -3.0405831e-02 -2.2828466e-02 -2.0870018e-02
 -1.7743232e-02 -1.3464332e-02 -1.2806189e-02 -1.3497748e-02 -1.5473631e-02
 -3.0747252e-02 -3.3984697e-02 -3.6716064e-02 -3.4367282e-02 -3.5999322e-02
 -3.5176038e-02 -2.9015933e-02 -2.2207613e-02 -1.7644196e-02 -1.6411448e-02
 -1.6915831e-02 -1.8184658e-02 -1.8459005e-02 -1.8400407e-02 -1.9508693e-02
 -1.8005957e-02 -1.3092159e-02 -2.6040002e-03 -7.4219091e-03 -1.8368686e-02
 -1.2663325e-02 -1.7821444e-02 -4.2394305e-03  4.8551988e-03  2.5989152e-03
  1.1117245e-02  9.6563998e-03  4.1796213e-03  4.0573393e-03  1.6251877e-03
 -1.0599545e-02 -1.3092159e-02  2.9725410e-04  1.4949392e-02  2.6725265e-02
  3.0139474e-02  2.8359727e-02  2.8107899e-02  3.7365006e-02  4.2420940e-02
  4.2471790e-02  4.4326602e-02  3.7786333e-02  3.0345295e-02  2.5362003e-02
  2.4031430e-02  2.6577558e-02  2.7546128e-02  3.0071674e-02  3.8687103e-02
  4.0057630e-02  4.2856797e-02  4.6406606e-02  4.2449998e-02  4.2878590e-02
  4.1888227e-02  3.7704005e-02  3.2442249e-02  2.7156279e-02  2.4393433e-02
  2.3735532e-02  2.9488111e-02  3.6212407e-02  2.9553489e-02  2.3712044e-02
  1.3245678e-02  2.6584823e-03  2.5654995e-03  4.4307230e-04 -1.5754032e-03
 -4.0493486e-03 -2.0654511e-02 -2.6093273e-02 -2.2207855e-02 -1.8822703e-02
 -1.5383069e-02 -1.8000145e-02 -1.9553247e-02 -1.7611507e-02 -2.3026055e-02
 -2.5533924e-02 -2.2314882e-02 -2.0631508e-02 -1.6348249e-02 -5.7390188e-03
  6.1208775e-03  5.4448157e-03  5.4491743e-03  3.3301855e-03  2.8894862e-03
 -6.5317933e-03 -7.4715483e-03 -8.4171146e-03 -1.2719986e-02 -1.4603855e-02
 -1.3942322e-02 -1.2589472e-02 -1.5318417e-02 -1.3373287e-02 -1.9294881e-02
 -2.0110175e-02 -2.3289748e-02 -2.9304083e-02 -2.7519492e-02 -3.2306649e-02
 -3.4696595e-02 -3.4442346e-02 -3.4071868e-02 -3.4190518e-02 -3.2323599e-02
 -2.9047411e-02 -3.5418180e-02 -3.4837038e-02 -3.6733014e-02 -3.4788610e-02
 -3.7224563e-02 -4.1028621e-02 -2.3655141e-02 -1.8925130e-02 -1.3345198e-02
 -1.0848225e-02 -9.9917672e-03 -8.9106010e-03 -7.5439489e-03 -5.1242191e-03
 -6.4242820e-03  7.6805172e-03  1.8258027e-02  2.5526660e-02  2.2514650e-02
  1.6431062e-02  1.7225289e-02  1.9062182e-02  2.0126883e-02  2.1342922e-02
  1.6723812e-02  1.0035111e-02  1.8323648e-02  2.3008378e-02  2.2611991e-02
  2.3279578e-02  2.0271926e-02  2.2448303e-02  2.4131193e-02  2.7645407e-02
  3.0480895e-02  2.7846385e-02  3.1585065e-02  3.4737760e-02  3.5393966e-02
  2.9977239e-02  2.2738631e-02  2.6526708e-02  3.0260545e-02  3.0626180e-02
  2.3485883e-02  1.6663761e-02  1.5559107e-02  1.8742070e-02  1.5629813e-02
  1.7058211e-02  1.6703472e-02  2.2383408e-02  2.7778585e-02  2.7083636e-02
  2.2501090e-02  1.6319676e-02  1.1762797e-02 -2.3901400e-04 -4.4454937e-03
 -1.2359921e-02 -1.5792532e-02 -1.0151339e-02 -4.5159572e-03 -4.7229890e-03
 -1.3054627e-02 -2.0991331e-02 -2.4096082e-02 -2.5352317e-02 -2.6788222e-02
 -3.3820040e-02 -2.7153857e-02 -2.2835488e-02 -1.2635479e-02 -1.2173955e-02
 -2.2629667e-02 -2.6429851e-02 -2.5141653e-02 -2.3840622e-02 -2.3549567e-02
 -2.4771175e-02 -2.7127222e-02 -2.0241174e-02 -1.0458376e-02 -9.2733304e-03
 -1.3266986e-02 -6.1569568e-03  4.3871374e-03  1.0953799e-02  5.3469902e-03
  4.8091917e-03  2.1923096e-03  8.3473776e-03  8.1880478e-03  4.9946729e-03
  1.2153857e-02  1.1889680e-02  1.2267906e-02  1.1686038e-02  1.1471500e-02
  9.3045668e-03  8.4146932e-03  2.9882803e-03  4.9687636e-04 -5.0113807e-03
 -9.9714272e-03 -9.4784251e-03 -1.0993268e-02 -9.8588309e-03 -8.1974914e-03
 -2.1608552e-04  1.7414645e-03  9.0597608e-03  9.3430675e-03  1.0905855e-02
  4.2285341e-03 -6.4814277e-03 -6.0433919e-03 -9.4295123e-03  5.1588455e-04
 -2.8042520e-03 -4.7254104e-03 -4.8745702e-03 -6.4831227e-03 -5.1234927e-03
 -9.2062570e-03 -9.8828030e-03 -9.9496344e-03 -9.4399245e-03 -9.6551891e-03
 -1.0846530e-02 -1.1829629e-02 -1.0075306e-02 -1.3828757e-02 -1.8092644e-02
 -1.8993414e-02 -2.5691317e-02 -2.4048380e-02 -2.2908373e-02 -2.3874764e-02
 -2.2087510e-02 -2.2604242e-02 -2.0986731e-02 -2.1476101e-02 -1.9019081e-02
 -1.7736452e-02 -1.7704489e-02 -1.0030268e-02  1.1218219e-03  2.4705797e-03
  3.0621338e-03  4.5261272e-03  4.5636593e-03  1.5337547e-02  2.5267567e-02
  2.4771175e-02  2.8875490e-02  3.1512422e-02  2.8439634e-02  2.8543755e-02
  2.9909439e-02  2.0768802e-02  1.3021938e-02  4.7869146e-03  9.3290232e-03
  6.1794760e-03 -7.6732529e-03  7.3308635e-03  1.2130854e-02  1.1998886e-02
  1.2058937e-02  1.1866676e-02  1.3413482e-02  2.3952492e-02  3.2296964e-02
  3.0514795e-02  3.2374449e-02  2.1006344e-02  1.0522786e-02  1.1817521e-02
  1.8496780e-03 -7.4381326e-03 -7.7669621e-03 -7.7829435e-03 -8.1829629e-03
 -7.6831808e-03 -9.7784396e-03 -4.7195990e-03 -7.3608891e-04 -6.2542980e-03
  3.8573297e-03  6.6833745e-03  1.2285583e-02  3.6679742e-03 -8.2742506e-03
 -7.2143929e-03 -8.7602305e-03 -7.5630781e-03 -7.9185433e-03 -7.4783282e-03
 -8.6180929e-03 -7.6565451e-03 -8.6481186e-03 -7.5383796e-03 -9.3140104e-03
 -7.9408204e-03 -8.7510291e-03 -7.3502349e-03 -9.2740569e-03 -4.4389559e-03
  8.4224418e-03  1.4947455e-02  1.6403700e-02  1.1490145e-02  1.2123347e-02
  1.2679791e-02  9.2643712e-03  5.1908083e-03  6.8775728e-03  1.1471984e-02
  4.9409172e-03 -9.6164463e-03 -5.9324907e-03 -2.2977868e-03 -5.1019420e-05
 -5.8896315e-05 -2.7001308e-03 -2.1179718e-04 -1.0714320e-02 -1.2444670e-02
 -7.1582159e-03 -7.3686377e-03 -6.6409996e-03  1.5807545e-03 -2.7274929e-03
 -3.7718534e-03  6.7434258e-03  8.0035353e-03  1.1611942e-02  1.0628360e-02
  7.3407913e-03  1.1558187e-02  1.4661969e-02  1.7568405e-02  1.9388590e-02
  2.3238898e-02  2.2261369e-02  2.1459393e-02  1.8457552e-02  1.7546128e-02
  1.6673205e-02  1.5536830e-02  1.5826917e-02  1.5080149e-02  1.8179573e-02
  1.1228147e-02  1.0986488e-02  1.0744588e-02  3.8704053e-03  1.8513245e-03
  3.1897428e-03 -8.3749818e-03 -1.3421957e-02 -1.2050705e-02 -1.6126689e-02
 -1.8073757e-02 -1.8359000e-02 -8.5604630e-03 -4.0340937e-03 -6.7274444e-03
 -7.7802799e-03 -7.3792920e-03 -8.9587874e-03 -4.7118505e-03 -3.6304422e-03
 -8.5616737e-03 -8.9779166e-03 -1.0573636e-02 -7.3139135e-03 -4.0432951e-03
 -7.4216669e-03 -1.3164802e-02 -1.3712286e-02 -1.2679791e-02 -1.8105719e-03
  1.9845029e-04 -7.2613686e-03 -5.6964018e-03 -3.1662550e-03 -3.6691849e-04
  1.4339920e-03  3.2720713e-04  1.4212311e-04 -1.4142816e-03 -3.9244031e-04
  3.9926873e-03  8.0759359e-03  2.4543561e-03  3.2296964e-03  6.3913507e-03
 -9.6907841e-05 -3.8256090e-03 -1.5608020e-02 -2.2518524e-02 -2.2955591e-02
 -2.2355804e-02 -2.4575040e-02 -2.0832002e-02 -2.0594218e-02 -2.0910456e-02
 -1.4654463e-02 -2.2469853e-02 -2.0877040e-02 -1.5224224e-02 -1.7087268e-02
 -9.9479394e-03 -1.9305293e-03 -2.2960676e-03 -2.8369413e-03 -3.8607196e-03
 -2.4320790e-03  4.4934379e-03 -3.4866095e-03  1.2500847e-03  1.8392416e-03
 -1.8341324e-03 -3.0664923e-03 -1.3029929e-03  2.1333963e-03 -1.1504431e-03
  7.7555814e-03  1.3814470e-02  1.3470870e-02  1.2156521e-02  5.3288295e-03
 -1.9876992e-03 -1.2559204e-03 -1.7310524e-03  1.6342922e-03  5.9208678e-03
  5.4404572e-03 -1.0393966e-04 -1.6159862e-03 -3.9587874e-04 -8.6645842e-05
  1.2237154e-02  1.3682018e-02  1.6147513e-02  1.7367185e-02  9.9903143e-03
  6.9257591e-03 -1.0271442e-03 -4.8929730e-03 -1.3032592e-02 -2.0255702e-02
 -1.9436534e-02 -2.0235605e-02 -1.5104363e-02 -8.2287278e-03 -7.0531261e-03
 -1.9437745e-03  1.1505642e-04 -5.1971040e-04  1.5884789e-03  4.5634171e-03
  2.2065475e-02  1.2740569e-02  1.1161800e-02  2.5003632e-02  2.1428883e-02
  2.2088479e-02  2.2660177e-02  2.4284469e-02  2.4257833e-02  2.4923725e-02
  2.4722747e-02  2.3691220e-02  1.7525062e-02  2.0851131e-02  2.2102523e-02
  2.3123396e-02  2.3946922e-02  2.3920771e-02  2.3118795e-02  1.9614267e-02
  9.7617318e-03  1.5326892e-03  2.0705603e-03  1.3520025e-03  1.7414887e-03
  1.4234103e-03  1.0338273e-03  7.2083394e-04  1.5709477e-03  1.3401133e-03
  1.3835537e-03 -7.3780813e-03 -1.2930650e-02 -7.0008233e-03 -3.0681873e-03
  2.8066734e-03 -4.3372560e-03 -1.7307134e-02 -1.4877960e-02 -1.0281854e-02
 -6.7611022e-03 -5.1549712e-03 -9.2435469e-03 -5.3666037e-03  8.2156521e-06
  3.1938593e-03  2.6434694e-03  5.4118844e-03  7.3025328e-03  3.4820088e-03
  6.0419391e-03  2.4298998e-03  5.4002615e-04  2.5289360e-03 -2.7403264e-03
 -1.3199429e-02 -1.8567727e-02 -1.7632573e-02 -1.7882464e-02 -4.8123396e-03
  3.3028234e-04 -4.9782072e-03 -6.5855489e-04 -1.1069301e-02 -1.0623033e-02
 -1.4565839e-02 -1.4295608e-02 -1.0388154e-02 -8.3790983e-03 -1.3485399e-02
 -1.8728752e-02 -1.6731077e-02 -1.8990508e-02 -1.7311008e-02 -1.3760715e-02
 -3.6878299e-03  4.1607342e-04  1.7933556e-03  4.1140007e-03  3.9164124e-03
 -1.0759601e-03 -1.0314785e-02 -1.9718146e-02 -1.7634026e-02 -1.6932297e-02
 -1.0124946e-02 -8.0137053e-03 -1.3714708e-02 -1.2936462e-02 -1.4122960e-02
 -9.5655964e-03 -1.1414838e-02 -4.2631604e-03 -1.5582353e-04 -3.1677079e-04
  6.9017870e-03  1.8151484e-02  1.5619643e-02  1.2374933e-02  2.0590586e-02
  1.8267228e-02  1.2021648e-02  1.9425154e-02  1.8999709e-02  1.2204707e-02
  1.7440796e-02  1.5769771e-02  1.5278222e-02  1.7057242e-02  1.4639934e-02
  1.2759940e-02  9.1679985e-03  8.5604630e-03  6.8281757e-03  9.3038404e-03
  1.0566613e-02  7.0126883e-03  1.2176134e-02  1.1979273e-02  1.3861688e-02
  1.1568841e-02  6.6702988e-03  9.2764783e-03  2.6110223e-03 -7.3538670e-04
 -5.0474599e-03 -6.5727154e-03 -6.2109545e-03 -5.5421570e-03  9.6413870e-04
 -1.3627294e-03 -5.3738680e-03 -2.8342777e-03 -3.4057339e-03  2.1340985e-03
  3.2740084e-03 -1.9498523e-03  1.3130902e-03  3.0289602e-03  5.8198944e-03
  4.9404330e-03 -1.7431837e-03 -7.0226161e-03 -6.4978934e-03 -9.1934234e-03
 -7.1545838e-03 -1.9503608e-03 -3.9997094e-04  3.6410964e-03  5.0048428e-03
  3.6912199e-03  4.0786479e-04  1.1679016e-03 -5.5385249e-03 -6.5344569e-03
 -4.8692431e-03 -9.8590731e-03 -9.0885757e-03 -1.1686280e-02 -1.1003681e-02
 -7.7536442e-03 -6.3850550e-03 -8.4401182e-03 -9.4638966e-03 -9.6205627e-03
 -1.2334011e-02 -6.8899220e-03 -1.8680324e-03  3.3732868e-03  6.9025134e-03
  2.5049639e-03  7.7870599e-04  3.9461959e-03 -4.9118601e-03 -1.0489612e-02
 -8.5401230e-03 -1.0930311e-02 -5.6508790e-03 -8.0957916e-03 -5.9162671e-03
 -4.8501138e-03 -8.0960337e-03 -9.5866628e-03 -8.1694029e-03 -6.9661969e-03
 -7.4800232e-03 -5.5472420e-03 -7.0373868e-03 -8.1822364e-03 -5.1191341e-03
 -8.8752482e-03 -1.0667103e-02 -6.6659402e-03 -5.7368396e-03  5.3578866e-03
  8.2129885e-03  1.0244806e-02  7.9865853e-03  9.6670541e-04 -1.6313865e-03
 -8.5541673e-04 -8.9505545e-03  8.7657998e-05  3.5573151e-03  1.0966633e-03
  3.4856410e-03 -4.1587970e-03 -5.8237687e-03 -6.6163010e-03 -7.6446801e-03
 -9.7534990e-03 -6.2722166e-03 -7.9749625e-03 -6.4736791e-03  2.2692140e-03
  3.1672236e-03  3.9227081e-03  1.0515763e-02  6.7012930e-03  2.5473389e-03
  2.4914039e-03  5.7581481e-04  2.7475907e-03 -3.4960531e-03 -8.1432515e-03
 -8.9336045e-03 -6.8707928e-03 -5.1261562e-03 -5.1859654e-03 -1.6745363e-03
 -5.1092063e-04  3.5936365e-03  1.6800087e-03  4.0185965e-03  4.1571020e-03
  7.4175505e-03  3.4585210e-03  2.2373481e-03  2.5359582e-03  2.6374159e-03
  3.7486077e-03  8.2887791e-03  1.3909875e-02  1.4242820e-02  1.5459102e-02
  1.3844980e-02  1.4749140e-02  9.9811129e-03  1.0957189e-02  4.3682503e-03
  8.6091336e-03  9.1801056e-03  4.9292944e-03  1.0866386e-02  2.3479345e-03
 -1.8745218e-03 -3.4253475e-03 -1.0691075e-03  1.7370333e-03  5.9644535e-03
  7.6795486e-03  6.3932878e-04  6.5455954e-04 -7.8369413e-04  3.0202431e-04
  5.7002760e-03  9.2883433e-03  1.1933508e-02  1.5528113e-02  1.7257494e-02
  1.0840719e-02  7.3703327e-03  5.6121362e-03  2.7793113e-03  9.9532665e-03
  9.3152211e-03  5.4796842e-03  1.1086009e-02  3.0270231e-03  1.4475277e-03
  6.2562352e-04 -7.7664778e-03 -7.8030413e-03 -8.0473631e-03 -3.3977432e-03
 -6.8669185e-03 -8.5471451e-03 -9.9687636e-03 -1.0408252e-02 -1.2157974e-02
 -2.0747736e-02 -2.0379679e-02 -1.6905177e-02 -1.6644874e-02 -1.4244273e-02
 -7.5369267e-03 -1.3671606e-02 -1.1966197e-02 -8.6856506e-03 -1.7890939e-02
 -1.4834132e-02 -1.4382295e-02 -1.2525546e-02 -4.7597947e-03 -5.2334253e-03
 -7.3357063e-03 -7.9342825e-03 -4.6808562e-03 -9.3706717e-03 -3.2793356e-03
 -1.8234781e-03 -6.0777762e-03 -3.7699162e-03 -8.9115696e-03 -8.5059809e-03
 -8.7580512e-03 -7.2097922e-03 -8.1735193e-03 -1.7909826e-03 -3.1536636e-03
 -6.5838539e-03 -9.9200930e-03 -8.0822316e-03 -5.8208630e-03 -7.3059228e-03
 -5.9208678e-03 -4.0248922e-03 -6.2973994e-03 -6.6874909e-03 -5.4271393e-04
 -5.8850308e-03 -4.5939271e-03 -4.9859557e-03 -5.1193762e-03 -4.9995157e-03
 -4.4181316e-03 -6.2000581e-03 -6.4562449e-03 -2.4705797e-03 -4.8113710e-04
  1.4324180e-03  5.9475035e-03  1.1867887e-02  7.6892343e-03  1.0884789e-02
  1.3741586e-02  1.3817376e-02  1.3323648e-02  1.3407187e-02  2.5231246e-02
  2.6805172e-02  2.5974623e-02  2.0915299e-02  1.4195845e-02  1.6287956e-02
  1.3454162e-02  2.0831517e-02  1.8905032e-02  7.8783476e-03  1.2652429e-02
  1.0932491e-02  6.1414596e-03  1.9358807e-04 -3.6793549e-03  9.2493583e-04
  5.6235169e-03  9.6951426e-04  6.7511744e-03  1.5392029e-02  1.0280643e-02
  8.0614073e-03  1.0792048e-02  1.3183447e-02  7.9231440e-03  1.7695046e-03
 -4.2072255e-03 -6.7102523e-03 -5.1075113e-04  5.0479442e-03  7.4587147e-03
  9.4496102e-04 -1.2798198e-02 -1.5858879e-02 -1.2570827e-02 -8.4200203e-03
 -8.2069350e-03 -8.5798344e-03 -2.3844012e-03 -9.8481767e-03 -1.3349557e-02
 -7.8359727e-03 -2.5846288e-03  5.7678338e-03  5.4811371e-03  1.0138505e-02
  1.2103734e-02  8.8474018e-03  1.4864158e-02  1.8945470e-02  2.2029880e-02
  2.6921401e-02  2.3106204e-02  2.8461427e-02  2.8693883e-02  2.0745557e-02
  1.8407187e-02  2.0453533e-02  1.5709720e-02  8.0321081e-03  1.1701293e-02
  7.9107947e-03  4.5554264e-03 -2.0793017e-03 -9.5191050e-03 -1.2398421e-02
 -1.8962904e-02 -1.8256816e-02 -1.6210470e-02 -1.3411061e-02 -8.7229406e-03
 -1.3721488e-02 -1.8575960e-02 -1.7712480e-02 -1.7774468e-02 -1.7456535e-02
 -1.8222916e-02 -1.6826481e-02 -1.8835053e-02 -1.8016611e-02 -1.7723619e-02
 -1.1141702e-02 -8.6287472e-03 -9.8394595e-03 -7.0487675e-03 -4.0701729e-03
  2.4761490e-03  2.4516926e-03  2.3907453e-03  2.3970652e-03  2.3722456e-03
  0.0000000e+00  0.0000000e+00  0.0000000e+00  0.0000000e+00  0.0000000e+00
