Scaled from
PEER NGA STRONG MOTION DATABASE RECORD
ACCELERATION TIME SERIES IN UNITS OF G
NPTS= 3999.000000, DT= 0.020000, Scalar= 1.000000
 -3.6319433e-03  1.8781767e-03 -1.1247695e-02 -8.1096553e-03  1.0597619e-02
  1.7604014e-02  3.2391195e-02  2.6503629e-02  1.0332224e-02  1.3869793e-02
 -6.0801456e-03 -2.6400632e-02  1.6595368e-02  4.5620254e-02  3.1536085e-02
 -1.0953077e-02 -1.7782941e-02 -1.3846799e-02 -2.3357685e-02 -8.0207909e-03
  1.7161130e-02  2.0726484e-02  6.9084289e-04  1.0860380e-02  1.2025198e-04
 -1.7995641e-02 -3.8273971e-03  1.9989700e-02  9.8342475e-03  5.2075499e-03
  2.4254473e-02  3.0149225e-02  5.5081559e-03 -1.2469281e-02 -1.9137464e-02
 -8.7015258e-03 -4.6137632e-03  5.7079211e-03  1.7174783e-02  1.4134949e-02
  1.3330140e-02  1.6515126e-02 -1.8391818e-02 -5.0726964e-02 -1.6518719e-02
 -1.6038468e-02 -1.1049127e-02 -1.0992838e-02 -2.4515557e-02 -4.1414166e-02
 -3.9890776e-03  3.2990012e-02 -1.4625500e-02 -4.3783085e-02 -1.6921603e-02
  2.7581499e-02  9.0864452e-03 -1.4185010e-02  5.8643321e-03  2.7531198e-02
  2.0245036e-02 -1.8452897e-03  1.4529210e-02  6.6075834e-03 -2.5603008e-02
 -5.0540133e-02 -6.0281683e-02 -7.5247311e-02 -3.9004527e-02  5.3059954e-03
  9.3585475e-03  1.1088888e-03  1.3502359e-02  2.4022132e-02  1.0251503e-02
  2.4508371e-03 -1.9819636e-02 -1.5774270e-02  7.2689166e-03  6.4782390e-03
 -3.9176986e-02 -3.1754054e-02 -1.1130326e-02 -3.8041630e-03  2.4072433e-02
  4.0700376e-02 -1.7753000e-02 -2.8673741e-02 -1.3366787e-02 -8.9729095e-03
 -1.1797169e-02 -1.6434406e-02  5.9644542e-03  1.1675489e-02  7.4770653e-03
  6.3699729e-03 -3.2925340e-03  1.4894488e-03  1.7694556e-02  5.8410980e-02
  3.7627249e-02 -6.2755994e-03  4.1280031e-02  3.4190040e-02  3.9078780e-02
  8.6445184e-03  1.0515222e-02 -8.3774462e-03 -8.7266761e-03  1.4183334e-02
 -5.1000024e-04 -1.1844116e-02 -8.4608015e-03  1.3367985e-02  5.2513833e-03
 -1.1958131e-04 -1.1541594e-02 -1.8198999e-02 -2.2734197e-02 -5.9759515e-03
  2.9143213e-02  5.4925866e-02  2.2776593e-02  2.0188508e-02  2.7116817e-02
  1.2812283e-02 -1.3215167e-02 -4.0815349e-02 -2.8774342e-02 -6.6942921e-03
  2.3342116e-02  2.1267815e-02  6.1038588e-03 -9.3698053e-03  2.3607991e-02
  5.6274402e-02  1.9810055e-02  1.1674771e-02  3.2992407e-02 -2.1276438e-02
 -1.2050349e-01 -1.1232125e-01 -7.6751539e-02 -2.4244892e-02  3.2815157e-02
  1.2522216e-02 -9.3916022e-04  1.0025629e-02  3.1469017e-03  8.0957628e-04
 -1.5787204e-02 -3.6010443e-02 -3.8666794e-02 -2.7056935e-02 -1.1241227e-02
 -1.1277635e-02  2.9437831e-03  1.9090996e-02  2.2805097e-02  2.3920573e-02
  1.7665812e-02 -1.5482287e-03 -3.5924214e-02 -3.3490623e-02 -1.5606841e-02
 -6.0413423e-03  2.5511988e-02  3.6748186e-02  1.5288749e-02  1.3349062e-02
  1.9620350e-02  2.8256964e-02 -3.7679944e-03 -6.6193202e-03  1.0382045e-02
 -2.5064073e-04 -9.4203454e-04 -4.8453855e-03  3.4618793e-03  2.0313061e-05
  2.8357565e-02  3.1483389e-02  1.2286043e-03 -1.4813768e-02 -1.1231407e-02
  3.2791205e-04  1.3748593e-02  2.6149129e-02  2.9124051e-02  2.7528803e-02
  4.5325637e-02  2.2008671e-02 -5.3680328e-03  6.2533234e-03  1.0152099e-02
 -1.0558576e-02 -1.3578529e-02  2.5423363e-03  5.1503030e-03 -1.5733311e-02
 -3.0304917e-02  1.1756449e-02  5.4243215e-02  1.4366811e-02 -5.6343865e-02
 -4.2978275e-02 -1.7709406e-02  1.0132219e-02  6.8724999e-03 -2.3146183e-02
 -2.2431435e-02 -1.7387961e-02 -1.8307025e-02 -5.7888812e-03 -7.1469975e-03
 -1.9482862e-02 -1.6768785e-02 -7.7597068e-03 -1.7310115e-02 -4.7785576e-02
 -6.7441136e-02 -8.1867829e-02 -5.3064744e-02 -3.0458215e-02 -9.4148363e-03
 -6.6047091e-03 -4.3258521e-02 -5.0120961e-02 -1.2752880e-02  4.4468131e-02
  2.6582673e-02  1.8868955e-02  4.2954322e-02  3.1368416e-02  4.1404585e-02
 -4.9811972e-02 -1.2714556e-01 -1.0636422e-01 -3.7215263e-02  3.7255982e-03
 -2.7193466e-03 -1.2076457e-03  2.0851278e-02  5.2933004e-02  9.0442885e-02
  2.3460442e-02 -1.7414549e-01 -9.0109943e-02  1.8929076e-02  5.3208460e-03
 -1.7332152e-02  2.2204364e-03  1.3546193e-02 -6.3790749e-02 -4.0187789e-02
 -4.8853865e-02 -4.2602218e-02  7.4143093e-03  4.8592781e-02  4.6295720e-02
  2.3932789e-04 -1.2701622e-02  3.1564828e-03  3.2594793e-02  2.4311960e-02
  1.2357422e-02  3.0637860e-02  1.7631800e-02 -3.2712161e-02 -1.6042779e-02
 -1.1220389e-02 -2.8652183e-02 -3.4178064e-03  3.3354092e-02  2.0890560e-02
 -1.4444418e-03 -3.7035618e-02  1.2487485e-03  6.0530791e-02  4.2319577e-02
  3.3409183e-02  1.4107883e-02  2.2794558e-02 -1.0913076e-02  2.6259312e-02
  4.1433328e-02  1.6052600e-02  3.4103811e-02  4.5287312e-02 -2.8398285e-03
 -7.6128770e-02 -7.5395818e-02 -6.2104482e-02  6.0581092e-03  9.9777240e-02
  8.0639057e-02  5.7637309e-02  4.1275240e-02 -1.2813002e-02 -3.2980431e-02
 -7.4179022e-02 -1.0820858e-02  7.0234018e-02 -1.6149369e-02 -1.6467939e-02
  3.7826056e-02  4.7716113e-02 -7.4018539e-04 -3.1088170e-02  2.2926777e-02
  4.6046612e-02  5.7117536e-02  8.3070253e-02  7.0377734e-02  4.5773551e-02
 -5.6981006e-03 -7.5374260e-02 -1.1074996e-01 -8.3496611e-02  1.5456658e-02
  7.2681980e-02  5.9606218e-02  4.5629835e-02  2.8268941e-02 -1.1819684e-02
 -3.3677453e-02 -2.4180220e-02  7.8627033e-03 -2.5866488e-02  8.6574529e-02
  7.2547845e-02 -6.1282905e-02 -4.3713622e-02 -3.5478694e-02 -4.4060936e-03
  8.7532636e-03  1.4424777e-02 -1.1801720e-02 -1.5576661e-02  2.7660543e-02
  9.0074014e-02  5.6580996e-02  1.3409663e-02 -3.0628279e-02  4.0635704e-02
  7.0619656e-03 -7.2332271e-02 -1.1027330e-02  2.0508755e-02  3.7679944e-02
  1.7966418e-01  1.6982443e-01 -1.0038564e-02 -7.5199406e-02 -7.3343074e-02
 -9.2723179e-03  1.6914417e-02  1.9473520e-02  2.4192196e-02  3.4594841e-02
  5.4224053e-02 -9.5537618e-02 -1.2039091e-01  4.1088409e-02 -1.5072217e-02
 -5.6961843e-03  2.4704783e-02  1.9853410e-02 -8.9460825e-03  1.0060121e-01
  1.8635416e-01  3.5948166e-02 -1.2012264e-01 -4.3644159e-02  4.2777073e-02
  3.5014012e-02  3.4348128e-02  2.9694124e-02  9.5846607e-03 -1.5958227e-03
  2.1597643e-02  2.9710891e-02  3.0029462e-02  1.2698508e-02  2.4704783e-02
  3.0443843e-02  1.9331481e-02  2.3905004e-02  4.6492132e-03  5.4195310e-02
 -8.6859565e-03 -6.0482886e-02 -4.5244197e-02 -1.0069463e-01 -4.7146039e-02
 -2.2331313e-02 -2.0342763e-02 -2.0203598e-02 -4.2944741e-02  3.0101320e-02
  6.7774078e-02  4.7457424e-03  3.9656040e-03  9.0610554e-02  4.2307600e-02
  4.0551870e-02  8.2394788e-02  3.0661812e-02 -1.3971353e-01 -1.6407100e-01
 -7.0020839e-02 -1.6866033e-02  6.7374069e-02  6.4662627e-02  2.3820211e-02
  1.1116913e-02 -3.9955448e-02 -7.5767084e-02 -7.4157465e-02 -1.8674699e-02
  6.2315265e-02  7.4571846e-02  9.3290857e-02  4.8992790e-02 -4.1186615e-03
 -7.8416249e-02 -7.0516659e-02 -1.1162184e-01 -7.4313157e-02  3.4966107e-02
  2.7100050e-03  4.2808211e-03 -2.7691681e-02 -9.5702891e-02 -1.3751467e-01
 -3.4108601e-02  3.1107332e-02  6.0279288e-02  9.0280007e-02  6.8468706e-02
  8.3786438e-03 -3.4685861e-02  3.0302522e-02  4.0733910e-02  4.2803420e-02
  7.7470119e-03 -4.6774773e-02 -8.7647608e-02 -1.0121201e-01 -1.1176316e-02
  6.2890129e-02  1.8818894e-03 -3.2475029e-02 -4.9364057e-02 -7.8598290e-02
  4.3531582e-02  1.3892548e-01  3.4288246e-02 -3.2218736e-02 -3.3869075e-04
 -2.5876069e-02 -3.5255934e-02 -8.8083547e-02 -7.0006467e-02 -2.9243814e-02
  3.9751850e-03 -6.5704568e-02 -6.9541785e-02  5.6571415e-03 -4.7016695e-02
  7.5958706e-02  1.4387890e-01  1.1738245e-01  8.6200867e-02  3.8398525e-02
  6.6408776e-03 -2.8829433e-02  7.6825792e-04 -6.4617117e-02 -4.4020216e-02
  4.6221466e-02  5.2053941e-02  2.3156243e-02 -1.2144003e-03 -9.0519533e-02
 -3.2707370e-02  5.9958322e-02  7.9264174e-02  3.2704975e-02 -1.5403004e-02
 -2.4824547e-02 -4.5864572e-02 -5.9764306e-02 -9.5437016e-02 -6.8301037e-02
 -4.7629883e-02  1.0926968e-02  1.3275288e-02 -4.1512372e-03 -3.2340894e-02
 -1.0328152e-02 -1.3230497e-01 -1.0966011e-01 -8.3760090e-02 -7.3007737e-02
  7.1043618e-02  8.5882297e-02  1.0683849e-01  1.1822319e-01  9.0373422e-02
 -3.2534911e-02 -1.7431555e-02 -2.4383818e-03  2.0797624e-02  3.0932477e-02
  4.2805816e-02  1.2638387e-02 -9.3099236e-02 -1.2737790e-01 -8.3269060e-02
  8.2368440e-02  7.9714484e-02  1.0480970e-01  1.5536181e-01  1.5015929e-01
  1.0959544e-01  1.4785025e-01  1.7010228e-01  1.3490383e-01  1.3679609e-01
 -2.1669262e-02 -3.9761431e-02 -1.2618027e-02  2.4973053e-02 -5.6221706e-02
 -1.6982682e-01 -2.1377997e-01 -1.1707586e-01 -3.3224748e-02 -5.4085128e-02
 -2.8862967e-02 -7.2576589e-03  1.4853769e-03 -1.2523414e-02  3.0795947e-02
  1.7438502e-02  9.4850176e-02  1.2507605e-01  5.6849266e-02  1.6547702e-03
  1.3661884e-02  2.0241443e-02  7.5431747e-02  1.0851278e-01  6.8145345e-02
  2.6415004e-02  6.3754820e-02  1.1700400e-01  7.8713263e-02  1.0878823e-01
  5.8063666e-02 -2.4570648e-02 -5.7105559e-02 -8.0274977e-02 -6.0799061e-02
 -7.4902393e-02 -1.4148123e-01 -1.4891854e-01 -1.0557139e-01 -1.3853026e-01
 -2.0307792e-01 -2.1614410e-01 -9.8907758e-02  2.6671298e-02  1.0645045e-01
  1.7424609e-01  1.9148004e-01  1.7619823e-01  1.4850176e-01  1.6557283e-01
  1.7939591e-01  1.6085894e-01  1.0775827e-01  2.3398644e-02  1.6229850e-01
  1.7010707e-01  9.9885027e-02  6.8059115e-03 -1.4765863e-01 -1.6097631e-01
 -1.3111212e-01 -1.2640063e-01 -1.8483077e-01 -1.4708376e-01 -9.2993844e-02
 -3.2379219e-02 -8.8402117e-02 -1.1237155e-01 -1.3492778e-01 -1.2355745e-01
 -1.0733431e-01 -9.7753240e-02  7.2442454e-02  1.1510695e-01  9.8340080e-02
  1.0132698e-01  6.3335649e-02  9.6009485e-02  1.3624278e-01  1.4738557e-01
  1.3534695e-01  7.3860452e-02  3.9941076e-02  6.6145297e-02  6.9158543e-02
  4.7505329e-02  5.1493449e-03 -3.1634291e-02  6.2480538e-03  5.7261252e-02
  1.0365997e-01  9.4272917e-02  1.3541163e-02  3.7514671e-02  5.0336535e-02
  3.4398429e-02  4.5560373e-03  2.6678483e-02  5.6911543e-02  1.0822295e-01
  2.1573690e-01  2.3491341e-01  1.1357398e-01  5.6961843e-02  2.0898704e-02
 -1.3687993e-01 -1.6984359e-01 -1.1868069e-01 -6.0897267e-02 -7.8833026e-02
 -2.6355122e-02 -2.2343529e-02 -1.9688136e-01 -4.6080146e-01 -5.0985652e-01
 -3.5004431e-01 -2.0654626e-01 -4.3675298e-02  2.4594601e-02  4.6741239e-02
  1.7431076e-01  3.7596110e-01  4.1066852e-01  2.1516683e-01  2.9914489e-02
 -4.1445304e-02 -1.6882321e-01 -3.7354188e-01 -4.3759132e-01 -4.4029797e-01
 -2.5365877e-01 -9.4009437e-02 -3.7667968e-02  1.1713574e-02  5.3527031e-02
  2.3135644e-01  2.3215406e-01  1.3935663e-01 -1.3690867e-01 -3.2400776e-01
 -3.0276174e-01 -2.6537163e-01 -1.6631057e-01 -1.2506647e-01  7.3913148e-03
  2.3536612e-01  3.7394908e-01  3.8894345e-01  3.6458358e-01  3.0925292e-01
  2.5473664e-01  2.5078445e-01  4.5581930e-02 -1.9487652e-01 -1.9218903e-01
 -2.1636686e-01 -1.0423244e-01 -1.5302642e-02 -1.4862392e-03 -8.3194807e-02
 -1.9847901e-01 -3.0618697e-01 -2.8977940e-01 -9.8946083e-02 -2.8829433e-02
  4.7033462e-02  1.8316367e-01  3.0216293e-01  3.3382836e-01  3.1224700e-01
  1.1133201e-01 -2.2544732e-01 -3.1785192e-01 -2.3230497e-01 -1.9702987e-01
 -2.1848188e-01 -1.4101416e-01 -8.4047522e-02 -8.6926633e-02  1.4050636e-01
  2.5909603e-01  2.3142590e-01  5.6432489e-02 -5.2475508e-02 -1.2869530e-01
 -1.4638434e-01 -9.0871638e-02 -1.0003832e-01 -7.0442406e-02 -5.0532947e-02
 -6.6243503e-02 -6.8071092e-02 -5.7448083e-02 -1.1577523e-01 -1.0913315e-01
 -1.2119811e-01 -2.4683226e-01 -1.6545786e-01  4.1292007e-03  1.8664399e-02
  1.1518839e-01  2.5904812e-01  1.0973436e-01 -1.0080002e-01 -8.2411555e-02
  7.8147980e-02  1.1661836e-01  6.3371578e-02  2.7102446e-02 -9.9995209e-03
  4.9965269e-02  6.0636183e-02  2.7679705e-02 -5.7146279e-02 -1.3848954e-01
 -2.3302355e-01 -3.3049893e-01 -4.3761527e-01 -5.3903087e-01 -6.1582313e-01
 -6.9690292e-01 -7.7086876e-01 -7.2931088e-01 -5.7172627e-01 -3.8168579e-01
 -2.4345493e-01 -2.5310786e-01 -2.5792235e-01 -2.0529354e-01 -2.1838367e-01
 -1.4661669e-01 -1.2632638e-01 -1.1878129e-01  8.7005677e-02  1.8924046e-01
  1.7085679e-01  1.1436681e-01  1.4718436e-01  2.0798582e-01  2.8206664e-01
  2.3007018e-01  6.3335649e-02  7.8653381e-02  1.8938178e-01  2.6609021e-01
  5.6307936e-01  8.1376799e-01  1.0000000e+00  9.9350883e-01  8.4969700e-01
  7.3043666e-01  5.9785863e-01  4.8223910e-01  2.8647393e-01  1.5764449e-01
  7.8859374e-02  2.5202999e-02 -8.2263048e-02 -1.4937603e-01 -1.6719442e-01
 -1.4579750e-01 -2.3220676e-01 -2.1979209e-01 -8.6588900e-02 -6.0114015e-02
 -5.8269659e-02 -1.2985700e-01 -1.5522767e-01 -2.8700089e-01 -3.7600901e-01
 -5.4358188e-01 -6.7024360e-01 -6.4430286e-01 -6.5283001e-01 -4.8552061e-01
 -3.2748090e-01 -1.8959496e-01 -1.2826655e-01  9.9506575e-02  3.2010348e-01
  5.8846918e-01  7.4617356e-01  7.4571846e-01  5.9052911e-01  3.4271480e-01
  2.1841002e-01 -2.8029414e-02 -1.2553834e-01 -2.9861793e-01 -3.4532564e-01
 -3.5339769e-01 -3.7900309e-01 -2.8060552e-01 -2.0469233e-01 -8.7769767e-03
  4.1481233e-02  1.0273060e-01  2.0226353e-01  3.4218784e-01  2.8434214e-01
  9.5214257e-02  9.2498024e-02  5.8616973e-02  1.0663489e-01  1.6599200e-01
  6.9848380e-02 -3.9833289e-02 -1.7006635e-02 -2.2084361e-02 -9.0411746e-03
  5.2580900e-02  6.5503365e-02  3.4218784e-02  5.2549762e-02  1.4923950e-01
  2.0301564e-01  2.5634147e-01  3.9162615e-01  3.3291815e-01  7.2629285e-02
 -6.8133368e-02 -4.9153273e-02 -3.0494144e-02 -1.1721957e-02  9.0663249e-02
  1.6287097e-01  1.9095547e-01  1.9466335e-01  1.7654315e-01  1.0964574e-01
  1.4289684e-01  1.5906249e-01  1.4560588e-01  6.5908165e-02  2.0714269e-02
  4.1598601e-02  1.6137632e-01  3.2673836e-01  2.5097607e-01  1.6766629e-01
  1.5989365e-01  1.4289205e-01  1.4509809e-01  5.9290043e-02 -6.2104482e-02
 -6.4612326e-02 -9.9724544e-02 -1.2296821e-01 -1.5631991e-01 -1.4864069e-01
 -6.7187238e-02 -3.4793648e-02  1.2865458e-02  1.4121296e-01  1.6615488e-01
  1.5969245e-01  1.6712736e-01  1.6532612e-01  1.5101200e-01  1.9029438e-01
  2.8120434e-01  2.6050923e-01  2.4101176e-01  2.3867398e-01  2.9327649e-01
  3.2043881e-01  3.4609212e-01  3.8745838e-01  4.0585403e-01  3.0403123e-01
  1.4525617e-01  1.0902776e-01 -1.1961005e-02 -1.9342739e-01 -2.8757575e-01
 -3.4867901e-01 -3.5945771e-01 -3.4985269e-01 -2.7229395e-01 -8.3652303e-02
 -4.0903974e-02  1.3582361e-01  2.8767156e-01  1.2546169e-01 -9.4972335e-02
 -1.8385590e-01 -1.8639728e-01 -2.5262881e-01 -2.4230520e-01 -2.4767060e-01
 -2.4311960e-01 -2.2051067e-01 -2.3306906e-01 -1.8676375e-01 -1.0348511e-01
  1.1078110e-02  8.4612805e-02  2.0180124e-01  3.4578074e-01  3.5600853e-01
  3.1143261e-01  2.1019665e-01  1.0719059e-01  4.5466957e-02  3.1885794e-02
  3.5167309e-03 -1.8718772e-02 -7.0610074e-03 -5.9788258e-02 -1.2806295e-01
 -1.9472802e-01 -1.4996766e-01 -4.1478838e-02  1.1853697e-01  2.6747946e-01
  3.3073846e-01  3.1188771e-01  2.2745695e-01  1.6111045e-01  1.0852715e-01
 -1.9213634e-02 -1.1227814e-01 -1.8453376e-01 -2.1472850e-01 -2.2263048e-01
 -3.0297732e-01 -2.9116865e-01 -2.8074924e-01 -2.0920262e-01 -1.3134446e-01
 -9.1511174e-03  1.2999353e-01  1.4458789e-01  1.3203190e-01  1.2568445e-01
  1.4255671e-01  1.6687106e-01  1.9580349e-01  2.3198639e-01  2.2004838e-01
  2.1693933e-01  1.4717957e-01 -1.8403794e-02 -1.4882991e-01 -1.3515533e-01
 -6.5649477e-02 -5.0590433e-02  2.3116482e-02  3.0146830e-02 -1.1202184e-01
 -2.1666387e-01 -2.8074924e-01 -3.6123021e-01 -3.9854847e-01 -3.8197322e-01
 -3.4731371e-01 -2.2795037e-01 -3.7174543e-02  7.7230592e-03 -1.0315696e-02
 -5.2341373e-02 -1.3297324e-01 -2.1709502e-01 -3.1924118e-01 -4.1586625e-01
 -4.7426286e-01 -4.7862224e-01 -4.5807085e-01 -3.7490718e-01 -2.4596996e-01
 -1.0870919e-01 -4.9620350e-03  6.3927280e-02  8.8217682e-02  9.7554432e-02
  9.8126901e-02  8.2684615e-02  3.6029605e-02 -5.7364248e-02 -1.2086038e-01
 -1.0856068e-01 -5.6858847e-02 -1.7629883e-02  3.1332487e-03 -9.1305181e-03
 -5.3400081e-02 -7.5848523e-04  1.6035594e-01  2.6527581e-01  2.5916788e-01
  2.6393447e-01  3.1358835e-01  2.8508467e-01  1.8274929e-01  6.6598002e-02
 -7.1587343e-02 -1.5541211e-01 -1.7434669e-01 -2.0181322e-01 -1.6167094e-01
 -9.3183070e-02 -1.0414381e-01 -1.1045055e-01 -1.3723682e-01 -1.5953196e-01
 -1.2606050e-01 -8.8914705e-02 -6.5100961e-02 -5.6729503e-02 -4.5059762e-02
  2.3849434e-02  1.0675705e-01  9.7080170e-02  4.2585451e-02 -6.0811037e-02
 -1.0364081e-01 -9.5013054e-02 -2.8747994e-02 -7.5060480e-02 -1.2251551e-01
 -9.2840547e-02 -5.7984622e-02 -2.5617380e-02 -1.1820642e-01 -1.6241108e-01
 -1.9118063e-01 -1.8315169e-01 -2.0839781e-01 -2.5167070e-01 -2.8283312e-01
 -2.4223335e-01 -1.3085104e-01 -1.4229323e-01 -1.7631800e-01 -1.5140961e-01
 -1.4794845e-01 -1.6638482e-01 -2.0693909e-01 -2.1376320e-01 -1.8411459e-01
 -1.7474431e-01 -7.8433016e-02 -3.2077415e-03 -6.9491485e-03 -8.6378117e-03
  5.2097056e-02  1.1865673e-01  1.0072337e-01  1.9328607e-02 -5.8420561e-02
 -9.5635824e-02 -8.5142159e-02  1.6615009e-03  6.4008719e-02  1.5595823e-01
  2.5073654e-01  2.8443795e-01  3.1734892e-01  2.8209059e-01  2.5303600e-01
  2.3546672e-01  1.9910417e-01  1.5651872e-01  1.6889267e-01  1.8964047e-01
  1.1349493e-01  8.2749287e-02  6.6861482e-02  1.0570074e-01  1.5859781e-01
  1.6027450e-01  1.2661381e-01  9.0275216e-02  4.5299289e-02  2.8336008e-02
  2.6232964e-02 -6.3417088e-02 -1.1940166e-01 -1.1324822e-01 -1.4712688e-01
 -2.1626386e-01 -2.6345541e-01 -2.9148004e-01 -2.8589906e-01 -1.5235575e-01
 -1.4913651e-04  9.7695753e-02  1.3199358e-01  1.2047714e-01  1.1982323e-01
  9.6445424e-02  1.6597763e-01  2.3371817e-01  2.1541594e-01  1.5531390e-01
  7.6698843e-02  1.4931615e-02 -4.1974658e-02 -3.7936238e-02 -2.0417016e-02
 -5.4449208e-02 -9.1808187e-02 -7.9731251e-02 -1.0087188e-01 -8.3144506e-02
 -3.0077367e-02  1.7632039e-02  5.1924597e-02  3.4087044e-02 -2.3808714e-02
 -8.7367362e-02 -6.2202687e-02 -4.3093248e-02 -1.3661645e-02  2.1979209e-02
  7.9932453e-02  1.3966083e-01  1.7845936e-01  2.0543965e-01  1.7828930e-01
  4.7507725e-02 -3.2616350e-02  6.4109320e-02  8.2502575e-02  1.2969412e-01
  1.0045031e-01 -8.5515821e-02 -1.4197466e-01 -9.4284893e-02 -6.4693765e-02
 -7.2677190e-02 -3.3404393e-02  7.8013845e-02  1.0365997e-01  1.0925292e-01
  6.3817097e-02  7.3283192e-02  1.6661956e-01  1.3827876e-01  1.8799253e-01
  1.9044049e-01  1.1469736e-01 -1.9472562e-02 -6.4779995e-03  3.6295480e-03
 -1.1431172e-01 -1.0259886e-01 -1.7485928e-02  6.3342835e-02 -4.0614146e-02
 -2.0139644e-01 -1.6505066e-01 -9.1793815e-02 -7.3460442e-02  3.2824738e-03
 -6.7103404e-03 -4.1042899e-02 -1.0956191e-01 -1.0514743e-01 -1.4006084e-01
 -2.1887949e-01 -1.9587296e-01 -1.4284414e-01  2.9739634e-02  2.3298762e-01
  2.1501832e-01  6.8169297e-02  5.6815732e-02  7.6933579e-02  6.5057846e-02
  1.9827062e-02  3.8472778e-02 -2.5399411e-02 -5.8964287e-02  3.8935064e-02
  8.3364871e-02  1.0361206e-01  8.9491964e-02  6.8907040e-03 -3.2132506e-02
  1.0170783e-02  3.9399746e-02  8.2332511e-02  1.1583990e-01  1.5399650e-01
  2.2472155e-01  2.7061726e-01  2.4623344e-01  1.7346284e-01  1.2599823e-01
  8.3264270e-02  3.5718221e-02  3.5140961e-02  4.1474047e-02  3.3035522e-02
  7.5896429e-03 -1.9045726e-02 -1.0236652e-02 -1.5666723e-02 -3.7646411e-02
 -6.9220820e-02 -7.0543007e-02 -1.0405040e-01 -3.6369733e-02  1.1861362e-01
  1.7806415e-01  2.0305636e-01  1.5969484e-01  6.9486694e-02  4.5665764e-02
  2.1832379e-02  6.6219550e-02  8.7975760e-02  3.2870248e-02  2.4580229e-03
  5.8825361e-02  1.0845529e-01  1.1595248e-01  1.0741096e-01  7.8073726e-02
  9.6660998e-02  8.6785312e-02  1.6171405e-01  1.6283743e-01  9.6435843e-02
  1.0638578e-01  1.4395315e-01  2.2014420e-01  3.1351649e-01  3.1423507e-01
  1.6312007e-01 -9.6534049e-02 -2.1846511e-01 -1.3617332e-01 -1.4680112e-01
 -1.2303528e-01 -1.7625572e-01 -2.6144339e-01 -1.0883135e-01  8.1360033e-02
  1.8153249e-01  1.6968550e-01  1.6454526e-01  7.2789767e-02 -1.0923854e-01
 -2.1471412e-01 -2.1772018e-01 -1.3619009e-01 -1.5300007e-01 -1.4114111e-01
 -1.1356679e-01 -4.8290977e-02  3.7962586e-02  9.5034612e-02  1.3534216e-01
  7.9738437e-02 -5.6370212e-02 -1.5243479e-01 -9.2641740e-02  1.1158591e-01
  1.6993700e-01 -1.0475700e-01 -3.5641572e-01 -4.1109967e-01 -2.3121033e-01
 -8.6902680e-02 -1.9728377e-02 -7.6164699e-02 -2.2703059e-01 -2.6376680e-01
 -1.5366596e-01  4.9421543e-02  1.8620566e-01  1.5687801e-01 -4.1074038e-02
 -2.9234233e-02  5.9625380e-02  8.2504970e-02  6.0650555e-02  1.9240461e-02
  2.0124554e-02  2.8383913e-02  3.4166088e-02  2.2654914e-02  4.0901578e-03
 -1.5584086e-01 -2.6029366e-01 -2.8405471e-01 -2.4628135e-01 -1.3688951e-01
 -7.1915495e-02 -7.0169345e-02 -1.5891638e-01 -1.8855781e-01 -1.2104002e-01
 -7.1596924e-02  1.9372440e-02  9.0371027e-02  1.2414429e-01  1.6847110e-01
  1.0753311e-01  8.6502671e-02  4.5342403e-02 -5.8846918e-02 -1.3865961e-01
 -2.1422070e-01 -2.8726437e-01 -3.9088361e-01 -3.5586481e-01 -2.6276078e-01
 -2.8403076e-02  1.0896309e-01  7.7302450e-02 -1.9276629e-02 -1.5694987e-01
 -2.0321445e-01 -2.2060409e-01 -1.9740593e-01 -1.6569978e-01 -1.3860931e-01
 -9.1511174e-03  1.6306977e-01  2.1338954e-01  1.6995377e-01  3.3734940e-02
 -2.8015042e-02 -9.1748305e-03  2.0891758e-02  5.2851565e-02  9.9108961e-02
  1.2289157e-01  8.8222472e-02  4.5500491e-02  8.0610314e-02  1.5869123e-01
  2.2363649e-01  2.1179190e-01  7.3230497e-02 -9.2816594e-03  8.3956502e-03
  1.6826990e-02  2.4805385e-02  3.5998467e-02  1.4560828e-02 -1.6552732e-02
 -5.1289851e-02 -8.7235622e-02 -1.1950945e-01 -1.4672687e-01 -1.5321565e-01
 -1.2818750e-01 -9.6558001e-02 -1.0858943e-01 -9.8416729e-02 -4.9730532e-02
 -1.2777312e-02  2.7679705e-02  6.9036384e-02  9.2747132e-02  5.6200149e-02
  1.2471915e-02  2.7018611e-02  2.6915615e-02  3.7042803e-03  1.3175405e-02
  8.1216317e-02  1.1283624e-01  1.0877147e-01  1.1903519e-01  9.5813073e-02
  1.5194376e-02 -3.0383961e-02 -6.4241060e-03  2.2137297e-03  1.9702029e-02
  3.7869171e-02  6.5862655e-02  6.4130877e-02  4.4585499e-02 -7.9443819e-02
 -1.8425352e-01 -1.6870105e-01 -1.0156411e-01 -3.6405662e-02  4.5938825e-02
  1.4895207e-01  1.5508635e-01  1.5823373e-01  1.9155908e-01  2.4810175e-01
  2.5806606e-01  1.5184555e-01  7.5848523e-02  7.6138351e-02  8.6991305e-02
  3.1052241e-02 -2.0661573e-02  6.1927232e-02  1.3239359e-01  1.5781216e-01
  1.3449663e-01  9.6876572e-02  3.9354236e-02  1.2511437e-02  3.2441496e-02
  6.0947568e-02  1.1985437e-01  1.4070517e-01  1.6682316e-01  1.8892668e-01
  2.1772258e-01  2.2020168e-01  1.3222353e-01  1.8444753e-02 -1.2228317e-02
  2.7171908e-02  7.1618482e-02  8.2727730e-02  9.8395171e-02  1.5431507e-01
  2.0199526e-01  1.4335673e-01 -3.3552899e-02 -1.0971041e-01 -9.9846703e-02
 -6.1915255e-02 -9.3094445e-03  1.5079164e-02  1.9261060e-02  2.9799516e-02
  4.5823852e-02  1.3861889e-01  1.3779971e-01  2.7126398e-02 -1.0647920e-02
  1.8212412e-02  4.8116123e-02  3.4374476e-02  2.4831732e-02  5.5589355e-03
 -2.9037821e-02 -8.2033103e-02 -9.9772450e-02 -9.8505353e-02 -7.8385111e-02
 -6.9242377e-02 -8.2356464e-02 -8.3127740e-02 -9.1721957e-02 -1.0118805e-01
 -1.2747371e-01 -1.4629811e-01 -1.3940693e-01 -1.5439891e-01 -1.5633428e-01
 -1.3345709e-01 -1.3045342e-01 -1.2998635e-01 -1.0382045e-01 -8.6246377e-02
 -7.8152770e-02 -7.8207861e-02 -1.0133416e-01 -1.1249371e-01 -8.2030707e-02
 -6.5362045e-02 -8.8004503e-02 -9.4644183e-02 -9.6143620e-02 -8.9489569e-02
 -6.9845984e-02 -6.9072313e-02 -9.2045318e-02 -1.4710772e-01 -1.8348224e-01
 -2.1400752e-01 -2.2358140e-01 -1.6395123e-01 -1.2008910e-01 -1.0702532e-01
 -1.2553355e-01 -1.2391674e-01 -1.0185873e-01 -9.3868117e-02 -1.0798342e-01
 -1.2160531e-01 -1.1784474e-01 -9.4409447e-02 -1.0505162e-01 -1.1259192e-01
 -9.5638219e-02 -8.1568421e-02 -7.2413711e-02 -6.9795684e-02 -5.8633740e-02
 -7.6809025e-02 -8.9046444e-02 -8.0732473e-02 -5.5357015e-02 -3.4202017e-02
 -4.7249036e-02 -6.5920142e-02 -7.0416058e-02 -5.2983305e-02 -3.0664208e-02
 -8.0315696e-03  1.4963951e-02  3.4800834e-02  8.2667848e-02  9.3338763e-02
  1.0075930e-01  1.0125512e-01  8.6720640e-02  7.8035402e-02  8.7587727e-02
  1.0559055e-01  1.0876428e-01  1.0345877e-01  1.0956191e-01  1.0511869e-01
  9.3944765e-02  9.1796211e-02  1.0356416e-01  1.1614889e-01  1.4332080e-01
  1.5488994e-01  1.5367793e-01  1.5779540e-01  1.4839397e-01  1.5267911e-01
  1.4285851e-01  1.3730868e-01  1.2935639e-01  1.2873362e-01  1.0996431e-01
  1.0730556e-01  1.2089152e-01  1.3121991e-01  1.1675489e-01  1.1094158e-01
  1.1632853e-01  9.4857362e-02  6.1311648e-02  2.1234042e-02 -1.1398596e-02
 -4.1026132e-02 -4.4829816e-02 -2.6098829e-02 -3.1267815e-02 -5.6147453e-02
 -5.0501808e-02 -3.1847469e-02 -1.9538672e-02 -1.9162615e-02 -2.2873362e-02
 -3.1993581e-03  5.4415675e-02  9.6414285e-02  8.4435555e-02  5.5244437e-02
  4.1421351e-02  5.9002611e-02  5.9596637e-02  4.9002371e-02  4.9215550e-02
  4.6734054e-02  4.0872835e-02  4.6475365e-02  4.0142279e-02  4.8844284e-02
  6.8430382e-02  5.7515150e-02  4.4801073e-02  5.3368943e-02  6.3129656e-02
  6.1282905e-02  6.4607536e-02  6.0133177e-02  5.2070708e-02  6.5417136e-02
  8.0428274e-02  8.1858248e-02  8.4002012e-02  6.2657788e-02  4.9711370e-02
  3.2209155e-02  3.8341038e-02  5.1955735e-02  2.9538432e-02  2.4879638e-02
 -4.9644303e-03 -3.2817553e-02 -4.4870536e-02 -3.0743251e-02 -1.7858392e-02
 -1.6989149e-02 -3.4534959e-02 -5.7040887e-02 -4.9747299e-02 -4.5804690e-02
 -4.5078924e-02 -5.7666052e-02 -4.4405854e-02 -5.2868332e-02 -4.8252653e-02
 -3.0199526e-02 -3.7900309e-02 -5.2930609e-02 -6.3352416e-02 -6.3184747e-02
 -7.3436489e-02 -8.0677381e-02 -7.2545450e-02 -9.6481353e-02 -1.0714987e-01
 -1.0431148e-01 -1.0905171e-01 -1.1766030e-01 -1.3939496e-01 -1.1688903e-01
 -1.1360512e-01 -1.1485545e-01 -1.1040743e-01 -1.0730556e-01 -1.1051043e-01
 -1.1804594e-01 -1.1414166e-01 -1.0637860e-01 -1.1784474e-01 -1.2367242e-01
 -1.0948047e-01 -1.1102541e-01 -9.3034564e-02 -8.9573403e-02 -8.5755347e-02
 -6.1060145e-02 -4.4266929e-02 -5.0494623e-02 -7.1026851e-02 -8.0562409e-02
 -9.8670627e-02 -1.0187070e-01 -1.0933196e-01 -1.2716712e-01 -1.0340367e-01
 -7.8816259e-02 -9.6239431e-02 -9.2756713e-02 -7.9544420e-02 -6.6047091e-02
 -5.6736688e-02 -4.3251335e-02 -4.0491988e-02 -5.2437184e-02 -5.6789384e-02
 -6.4571607e-02 -7.7908453e-02 -8.6917052e-02 -8.3343314e-02 -5.6437280e-02
 -3.4776881e-02 -1.9357350e-02  7.1975377e-04  2.3452777e-02  7.3393375e-02
  1.1265659e-01  1.1925555e-01  1.1072361e-01  9.2131548e-02  9.4632207e-02
  1.0334140e-01  7.9374356e-02  6.8655537e-02  7.0566960e-02  9.6249012e-02
  1.2657549e-01  1.5059043e-01  1.5368272e-01  1.4150998e-01  1.3795061e-01
  1.3117200e-01  1.4326331e-01  1.6270330e-01  1.7676831e-01  1.8637093e-01
  1.8941532e-01  1.7912285e-01  1.6916812e-01  1.7091427e-01  1.7355386e-01
  1.7455987e-01  1.6660040e-01  1.6338834e-01  1.6438957e-01  1.5677022e-01
  1.4251359e-01  1.2094421e-01  1.1831661e-01  1.2042684e-01  1.1095595e-01
  9.3453735e-02  7.4626937e-02  5.7627728e-02  4.8410740e-02  5.5723490e-02
  4.6647824e-02  4.7811924e-02  3.7758988e-02  4.6312487e-02  4.4295672e-02
  3.6103859e-02  3.2300175e-02  3.0362404e-02  3.1210328e-02  2.3162950e-02
  9.2799828e-03 -1.5833433e-02 -2.5902417e-02 -4.7169992e-02 -5.3129416e-02
 -7.6574289e-02 -8.5661932e-02 -8.5671513e-02 -8.1144459e-02 -6.4219502e-02
 -5.6327098e-02 -5.0520971e-02 -5.6786989e-02 -5.3196484e-02 -5.6731898e-02
 -7.0868763e-02 -7.7486886e-02 -6.8377686e-02 -6.9208843e-02 -7.5529953e-02
 -9.2991449e-02 -1.0094134e-01 -1.0098206e-01 -1.1185178e-01 -1.1065894e-01
 -1.1450574e-01 -1.1082661e-01 -9.9602386e-02 -8.3122949e-02 -6.1452969e-02
 -5.8123548e-02 -6.5352464e-02 -7.7319217e-02 -9.0404561e-02 -7.8504874e-02
 -7.7062924e-02 -7.0224437e-02 -5.3194088e-02 -6.5611152e-02 -7.6895255e-02
 -7.4895207e-02 -7.5331146e-02 -6.0061319e-02 -5.4288725e-02 -4.4094469e-02
 -3.1974419e-02 -3.5646363e-02 -3.3552899e-02 -4.9565259e-02 -5.5570193e-02
 -5.0097008e-02 -3.2072624e-02 -3.2122925e-02 -2.5940741e-02 -1.0199526e-02
 -1.2337062e-02 -1.9150159e-02 -3.2503773e-02 -3.9756641e-02 -3.5684687e-02
 -3.8211694e-02 -3.3586433e-02 -1.9582744e-02 -1.5646602e-02 -3.2417543e-02
 -3.9390165e-02 -5.2243168e-02 -6.0823014e-02 -6.2226640e-02 -6.3093727e-02
 -3.7737431e-02 -2.3645836e-02 -2.2570361e-02 -4.1006970e-02 -3.3481041e-02
 -2.3735658e-02 -1.8009294e-02 -8.7329038e-03 -6.7122566e-03  1.0736305e-02
  2.1935136e-02  2.5974275e-02  4.1996215e-02  6.2039809e-02  6.6775252e-02
  5.9287648e-02  6.6866272e-02  8.8363793e-02  1.0286713e-01  1.1407698e-01
  1.1193082e-01  1.1279312e-01  1.0795229e-01  9.0598577e-02  8.9034468e-02
  9.0141081e-02  1.0556660e-01  1.1132722e-01  1.0982059e-01  1.1475484e-01
  1.1775611e-01  1.1564588e-01  1.0223239e-01  9.4407052e-02  1.0373901e-01
  1.0175573e-01  8.3297804e-02  7.9939639e-02  6.8449544e-02  4.4094469e-02
  3.3852308e-02  4.8370021e-02  5.4966586e-02  4.0786606e-02  3.3809193e-02
  1.0652710e-02 -6.8811229e-03 -2.7775516e-03 -6.9010036e-03 -1.6952262e-02
 -3.0836667e-02 -4.3395051e-02 -4.6729263e-02 -5.7625332e-02 -5.6736688e-02
 -4.3062109e-02 -3.5035570e-02 -3.6707466e-02 -4.7397542e-02 -4.4578313e-02
 -2.9195909e-02 -1.5192699e-02 -2.7840188e-03 -1.4638914e-02 -2.5444921e-02
 -3.5617620e-02 -3.5265515e-02 -3.9941076e-02 -5.2698268e-02 -3.7512276e-02
 -3.0082158e-02 -4.7936478e-02 -4.0458454e-02 -1.7846655e-02 -1.2077894e-02
 -2.1422789e-02 -4.5076529e-02 -5.1725790e-02 -5.1795253e-02 -3.2903782e-02
 -1.3050133e-02  8.9511126e-03  2.6937172e-02  2.5461688e-02  2.9957604e-02
  9.3925603e-03 -8.5142159e-03  5.6856452e-03  2.0353302e-02  2.4613763e-02
  2.4838918e-02  1.1971065e-02  1.2902584e-03 -1.7124722e-04 -8.0291744e-05
  1.5683489e-02  3.1258234e-02  4.1567463e-02  3.1366021e-02  2.2807013e-02
  7.0257970e-03  2.7224604e-03  9.5554385e-03  1.6914896e-02  3.6630818e-02
  5.0183238e-02  4.1989030e-02  1.6615727e-02 -1.2101128e-02 -2.0375099e-02
 -1.7018851e-02 -2.0190663e-02 -3.2738509e-03  3.6820044e-03  1.8409303e-04
  4.8923328e-03 -7.6883279e-03 -1.9943951e-02 -3.0348032e-02 -5.0223957e-02
 -5.8856500e-02 -6.1127213e-02 -6.7493832e-02 -6.9340583e-02 -6.6930944e-02
 -5.2559343e-02 -4.4458550e-02 -2.9895327e-02 -1.6405902e-02 -7.0325038e-03
  1.3649908e-02  2.4379027e-02  2.2065199e-02  3.1021102e-02  4.9440705e-02
  3.2077415e-02  1.8203071e-02  2.2378500e-02  3.8812906e-02  4.8676615e-02
  5.2132985e-02  4.0017725e-02  2.9828259e-02  2.6580277e-02  1.6535246e-02
  3.0029462e-02  3.6853577e-02  2.7617428e-02  2.9598314e-02  1.6225299e-02
  5.0561690e-03 -1.4274593e-02 -1.5799660e-02 -8.8423675e-03  5.7857673e-04
 -2.4575439e-04 -1.6666267e-02 -2.1084098e-02 -4.2908812e-02 -3.8626075e-02
 -3.7773360e-02 -2.5595823e-02 -6.2090110e-03  1.2494431e-02  2.5650914e-02
  1.6638961e-02  6.9170519e-03  1.5443244e-02  2.7435388e-02  2.9801911e-02
  1.6672974e-02  4.7744856e-03  5.8195406e-03  5.0947328e-03  1.9772450e-02
  3.3282234e-02  4.6978371e-02  4.6846631e-02  3.7581738e-02  3.7835637e-02
  4.3239359e-02  4.6125656e-02  4.5569954e-02  2.8132410e-02  8.3779252e-03
 -2.3516970e-03 -2.0022036e-02 -2.5519174e-02 -3.2065439e-02 -3.5696663e-02
 -3.8566193e-02 -2.5617380e-02 -1.8427747e-02 -1.8276366e-02 -2.4271240e-02
 -4.2863302e-02 -4.3586673e-02 -2.9780354e-02 -2.4139500e-02 -3.0146830e-02
 -2.9478550e-02 -3.7205682e-02 -3.4008000e-02 -4.1893219e-02 -3.4549331e-02
 -4.0482407e-02 -4.9462263e-02 -5.2281492e-02 -4.9426334e-02 -4.3177082e-02
 -4.7457424e-02 -6.0346356e-02 -6.6248293e-02 -5.4552205e-02 -4.9069439e-02
 -4.0003353e-02 -4.7112506e-02 -3.8602122e-02 -3.3888237e-02 -2.9811492e-02
 -2.5979065e-02 -1.3449663e-02 -6.5122518e-03 -1.9085008e-02 -1.8095284e-02
 -3.2472634e-02 -3.0740856e-02 -2.3384991e-02 -2.5435340e-02 -8.5769719e-03
  2.4695202e-03 -6.6938130e-03 -6.7239934e-03  2.2487724e-03  5.0243120e-03
  8.6299073e-03  2.0750198e-02  2.8467748e-02  2.8455771e-02  3.9239263e-02
  4.9495796e-02  5.1035953e-02  5.0564085e-02  6.5304558e-02  7.4169441e-02
  7.3232892e-02  6.4935687e-02  5.3840811e-02  5.2633596e-02  5.2846775e-02
  5.1189250e-02  5.3253970e-02  3.8271575e-02  3.2755276e-02  3.2628326e-02
  1.5503126e-02  9.0895590e-03  2.9797121e-02  2.9579152e-02  2.3069295e-02
  2.4117943e-03 -5.9534360e-03  1.1434765e-02  1.2972766e-02  2.6117991e-02
  2.3927998e-02  3.3639129e-02  3.0122877e-02  2.0860140e-02  1.3106901e-02
 -2.8951592e-03  1.5561810e-03  3.4024767e-03  5.5579774e-03  9.8457448e-04
 -1.0112578e-02 -1.2607727e-02 -1.2221371e-02 -1.6621476e-02 -3.0156411e-03
  6.4818319e-04 -1.5447316e-02 -1.3769911e-02 -8.0983976e-03  7.4499988e-03
  3.1033079e-03 -4.4669333e-03 -6.5551271e-05  1.1010563e-02  5.9527174e-03
 -2.1007210e-03 -1.0143716e-02 -5.4930657e-03  2.3808235e-03 -1.1470694e-03
  1.0655585e-02  1.9495078e-02  2.0834990e-02  2.0519054e-02  1.8678292e-02
  2.2421615e-02  3.1195957e-02  2.0047666e-02  3.4724185e-04  6.0468514e-04
  5.7433711e-03  5.7793001e-03  5.9725981e-03 -4.9426334e-03 -8.0816307e-03
 -1.1225898e-02 -1.5303840e-02 -1.1420872e-02 -1.2101847e-02 -1.0665884e-02
 -9.8495772e-03 -1.5675825e-02 -2.0010300e-02 -2.3057319e-02 -2.7135979e-02
 -3.9215311e-02 -4.4166327e-02 -3.9682388e-02 -3.6990108e-02 -2.9207885e-02
 -1.9285252e-02 -1.2381374e-02 -1.3834822e-02 -1.3041750e-02 -1.2764378e-02
  1.9538672e-03  1.2595990e-03 -1.6706747e-03 -6.7220772e-03 -8.6049965e-03
 -3.2767252e-03 -1.3729431e-02 -8.6991305e-03 -1.2976119e-02 -1.8885482e-02
 -2.9545618e-02 -3.2336104e-02 -3.1782797e-02 -3.1931304e-02 -3.2122925e-02
 -3.3052289e-02 -1.7782701e-02 -9.7528085e-03 -3.0309708e-03  1.0647920e-02
  1.3662842e-02  1.6064576e-02  7.1022060e-03 -6.6521354e-03  1.4692807e-03
  8.5534983e-03  1.0097008e-02  9.0953077e-03  9.8625117e-03  1.2686531e-02
  1.0392584e-02  1.0888165e-02  1.0346835e-02  2.0246712e-02  1.6318714e-02
  3.3873865e-03  2.4494000e-03  1.0781576e-02  1.9465855e-03 -7.8212652e-03
 -1.3290857e-02 -2.0519294e-02 -1.9466335e-02 -1.7925220e-02 -3.7557786e-03
  3.3421160e-03  1.2648686e-02  2.2845817e-02  2.4395794e-02  2.4661669e-02
  2.3239359e-02  2.6472490e-02  3.1940885e-02  2.7234185e-02  3.3524156e-02
  2.9641429e-02  1.8085942e-02  1.7302450e-02  1.8934825e-02  1.8589906e-02
  1.6369254e-02  1.7712281e-02  1.6412130e-02  1.7685454e-02  1.2322211e-02
  1.2031186e-02  1.4074589e-02  1.9634243e-02  1.7394668e-02  2.1218472e-02
  3.0987569e-02  2.1151644e-02  6.0346356e-03 -1.0580373e-02 -1.3297564e-02
  1.2372272e-03  6.1826631e-03  3.3677453e-03  7.6890464e-03  2.1940645e-02
  2.8096481e-02  1.8812187e-02  1.2518384e-02  1.1634051e-02  7.3050852e-03
  1.2985700e-03 -4.2681262e-03 -9.4390285e-03 -1.0486239e-02 -1.4983832e-02
 -1.6319193e-02 -2.5995832e-02 -2.9516875e-02 -3.1263024e-02 -2.7416226e-02
 -2.0018683e-02 -1.9067523e-02 -2.9171956e-02 -4.1840523e-02 -3.7615272e-02
 -2.9205490e-02 -2.3219239e-02 -2.0311145e-02 -2.9193514e-02 -3.7711083e-02
 -4.2278857e-02 -5.3438406e-02 -4.4259743e-02 -4.2166279e-02 -3.5057127e-02
 -3.0867805e-02 -4.1732736e-02 -5.7682819e-02 -6.6724951e-02 -6.6957292e-02
 -5.9651728e-02 -5.0271863e-02 -4.6087331e-02 -3.5500252e-02 -2.5943136e-02
 -2.4858080e-02 -3.2467844e-02 -3.8530264e-02 -4.7045438e-02 -3.6185298e-02
 -2.7459340e-02 -2.7339577e-02 -2.2515749e-02 -2.0345637e-02 -1.0561451e-02
 -1.0388033e-02 -1.4056864e-02 -1.3948358e-02 -6.2260174e-03  8.3070253e-03
  9.5767563e-03  3.1243862e-03  7.9271360e-03  1.2719107e-02  1.0857985e-02
  9.7185561e-03  1.2670483e-02  1.3528947e-02  8.7216460e-03  2.1057750e-02
  2.9859398e-02  3.1320511e-02  3.2185202e-02  1.9258425e-02  2.7188675e-02
  3.4005605e-02  2.8336008e-02  3.4027162e-02  1.8828475e-02  1.7934082e-02
  3.1124099e-02  2.9758797e-02  3.2146878e-02  3.1957652e-02  3.1763635e-02
  3.3404393e-02  2.2977077e-02  8.3918178e-03  1.1471173e-02  7.8483317e-03
  4.2690843e-03  6.5615943e-03  5.9781073e-03  3.3433136e-03  3.6228413e-03
  2.9859398e-03  4.0139884e-03  4.2460897e-03  1.2231910e-02  2.6520396e-02
  2.6659321e-02  2.6266497e-02  1.0201202e-02  2.4779037e-03  1.6683274e-02
  2.9382740e-02  2.7605452e-02  2.9282138e-02  3.7584134e-02  3.4913411e-02
  2.3289420e-02  3.4424777e-02  4.6494527e-02  4.5316055e-02  4.0324319e-02
  2.8053367e-02  3.0606721e-02  3.0391147e-02  3.1361230e-02  3.0376775e-02
  3.1689382e-02  3.0165992e-02  3.2089391e-02  2.7983904e-02  4.3354332e-02
  5.2331792e-02  3.7205682e-02  3.7026037e-02  2.1211526e-02  1.8381758e-02
  1.4145968e-02  2.6929986e-03  2.0014611e-03  1.9887662e-03  7.3105943e-03
  5.1548540e-03  1.1622075e-02  2.8834224e-02  3.0451029e-02  3.1013917e-02
  3.1382788e-02  2.0523605e-02  9.1973460e-03  1.1731059e-02  5.5610913e-03
 -2.6335960e-03  5.5452825e-03  2.0849841e-03 -7.9046205e-03 -1.0504443e-02
 -9.5592709e-03 -1.0362164e-02 -8.8665597e-03 -1.5305995e-02 -1.5494742e-02
 -2.4256868e-02 -3.9977005e-02 -4.3284869e-02 -4.1366260e-02 -3.2360057e-02
 -3.5109823e-02 -2.0360727e-02 -8.6294282e-03 -9.7168794e-03 -8.6701478e-03
 -1.1251287e-02 -7.1280749e-03 -9.7441855e-03 -1.0890321e-02 -1.3354571e-02
 -1.4587176e-02 -1.6286139e-02 -3.1742078e-02 -3.6467939e-02 -3.7282330e-02
 -3.5969724e-02 -3.6115835e-02 -3.6022420e-02 -2.0918345e-02 -8.3702604e-03
 -5.5452825e-04 -1.4811373e-03 -7.3568229e-03 -1.5945532e-02 -1.6524228e-02
 -1.6527821e-02 -1.6633931e-02 -1.4965628e-02 -1.6270809e-02 -1.6626027e-02
 -1.6563511e-02 -1.6229371e-02 -1.2704017e-02 -1.3623081e-02 -1.0932956e-02
 -2.4182615e-02 -3.8238042e-02 -3.7967376e-02 -3.9521905e-02 -4.0408153e-02
 -3.9313516e-02 -4.2899231e-02 -3.1595966e-02 -1.9473041e-02 -1.6227455e-02
 -2.1877650e-02 -4.2264485e-02 -4.0470430e-02 -4.1629740e-02 -3.9691969e-02
 -3.6022420e-02 -1.9616039e-02  2.0322642e-04  8.2193585e-03  1.8841649e-02
  2.3514336e-02  2.9468969e-02  2.0038803e-02  6.8377686e-03 -1.7292869e-03
 -1.0750916e-02 -1.1314043e-02 -1.2587607e-02 -1.6720400e-02 -1.5502647e-02
 -1.1129368e-02 -1.4970658e-02 -4.9797600e-04  9.2392632e-03  1.9635201e-02
  1.7360416e-02  1.5767324e-02  2.6716808e-02  3.9782989e-02  5.1189250e-02
  4.3002228e-02  4.0973436e-02  2.9569571e-02  2.0847445e-02  2.0992838e-02
  1.2086278e-02  3.9557834e-03  4.6444226e-03  8.9091954e-03  1.8872069e-02
  2.0705885e-02  2.1823756e-02  2.2023761e-02  2.4019737e-02  3.8044025e-02
  4.6714891e-02  4.1483628e-02  3.1227095e-02  2.2065678e-02  3.2676232e-02
  2.6300031e-02  2.5806606e-02  3.2654674e-02  2.1058468e-02  2.1384225e-02
  1.9951616e-02  2.0044552e-02  1.9415555e-02  1.9638794e-02  2.0372224e-02
  1.8788234e-02  1.9434717e-02  1.0090541e-02  2.5047307e-03  3.1318115e-04
 -6.6430334e-03 -1.4337349e-02 -1.3349062e-02 -1.4329445e-02 -1.0811995e-02
 -5.4334236e-03 -7.7822223e-03 -1.2526528e-03 -2.7873722e-03  3.7529043e-03
  4.1665669e-03  1.1965317e-02  1.9689813e-02  1.9805025e-02  1.7683777e-02
  5.7402573e-03 -1.1778007e-03  7.1187334e-04  5.8954706e-03  7.5517976e-03
  7.7266521e-03 -1.5796546e-03 -1.5460011e-03 -2.1366021e-03 -9.2502814e-03
 -2.2783779e-02 -2.2739467e-02 -1.4886105e-02 -2.4664064e-02 -2.2085319e-02
 -1.1361949e-02 -1.2604613e-02 -1.0953556e-02 -5.6727107e-03  3.5045151e-03
  2.7595871e-04 -2.1386381e-03 -1.1723874e-03  3.2400776e-03  5.2532995e-03
  1.1184460e-05 -2.2570361e-03  2.0121680e-04  1.0935352e-02  8.0914513e-03
  1.3062109e-02  1.6276797e-03 -5.1780881e-03 -3.3878656e-03 -1.9719993e-03
  3.9588972e-03  5.6077990e-03  1.5272222e-02  3.1646267e-03  9.5005868e-03
  1.1317876e-02 -4.9802390e-03 -5.7793001e-03 -6.8063906e-03  5.1742557e-03
  6.9580110e-03  1.6051163e-03 -7.5898824e-03 -1.7078014e-02 -2.6170687e-02
 -2.3708831e-02 -2.5317972e-02 -2.1912381e-02 -1.4399147e-02 -2.0832595e-02
 -2.1839805e-02 -1.8495054e-02 -1.6794654e-02 -1.5479413e-02 -7.6303624e-03
 -8.7683537e-03 -6.9927423e-03 -5.5639656e-03 -6.0063714e-03 -4.8013126e-03
 -4.4750772e-03 -3.2098972e-03  1.3166782e-03  5.2839589e-03  1.1486742e-02
  6.7551319e-03 -3.3282234e-03  4.1493209e-05 -2.3684879e-03 -1.8373374e-03
  5.4446813e-03  7.0983736e-03  6.7989652e-03  6.6293803e-03 -3.4008000e-03
 -1.0072098e-02 -9.6787947e-03 -1.0565283e-02 -1.2281492e-02 -1.8866799e-02
 -2.3326068e-02 -1.6588661e-02 -9.1175837e-03 -1.0627799e-03  1.1148770e-02
  1.5009940e-02  2.6620997e-02  3.2877434e-02  3.5711035e-02  4.1900405e-02
  3.5459532e-02  3.1622314e-02  3.2551678e-02  2.9897722e-02  2.1610098e-02
  1.4511485e-02  8.7314666e-03 -7.9839038e-03 -1.5142638e-02 -1.8535534e-02
 -2.4977844e-02 -1.6546744e-02 -1.4632686e-02 -9.4304055e-03  3.8956622e-03
  8.8533857e-03  2.8759970e-03 -9.4193873e-04 -1.9652686e-03  1.0651273e-03
  1.0645524e-02  1.1195478e-02  7.8315648e-03  4.0630913e-05  5.0513785e-03
 -1.8342954e-03 -5.1661118e-03 -2.6858128e-03 -1.0630195e-03 -4.6065774e-03
 -4.6396321e-03  9.6066972e-04  2.1269731e-03  2.3051091e-03  5.8260078e-03
  2.0797384e-02  2.3308582e-02  2.1722436e-02  1.5338331e-02  9.9312558e-03
  2.3203430e-03  1.3735419e-03 -1.7983664e-03 -1.0988766e-02 -1.2050349e-02
 -1.3204388e-02 -2.0766964e-02 -2.2730844e-02 -2.1089846e-02 -1.8885482e-02
 -1.7565930e-02 -3.1349254e-02 -3.3957700e-02 -3.1045055e-02 -3.3974466e-02
 -3.7799708e-02 -4.4274114e-02 -4.4008240e-02 -4.4525617e-02 -3.6429615e-02
 -3.5471508e-02 -3.7196101e-02 -4.0714748e-02 -4.7761623e-02 -4.2726772e-02
 -4.5457376e-02 -3.5778102e-02 -2.7238976e-02 -3.3016360e-02 -2.2138494e-02
 -1.8027737e-02 -1.9376272e-02 -1.6492371e-02 -1.3761288e-02 -8.6198472e-03
 -1.2607248e-02 -1.9996168e-02 -2.8764761e-02 -2.1948550e-02 -2.0340846e-02
 -2.2809409e-02 -1.8689789e-02 -1.5123955e-02 -5.4533043e-03 -2.2946418e-03
  1.9599511e-03  5.3790510e-04 -3.9720712e-03 -1.0387075e-02 -9.9592805e-03
 -1.6683753e-02 -1.5214257e-02 -1.0401686e-02 -1.2671202e-02 -8.1307337e-03
 -5.3807277e-03  5.1021581e-03  1.1910944e-02  2.4999401e-02  3.4053510e-02
  3.5919423e-02  3.4875087e-02  3.6352967e-02  5.2305444e-02  5.7771444e-02
  5.7304367e-02  5.8782246e-02  5.8449304e-02  6.4950059e-02  6.2993126e-02
  6.0612230e-02  5.6758246e-02  5.3713861e-02  5.0267072e-02  4.1541115e-02
  3.0451029e-02  1.8175046e-02  2.1035953e-02  1.9072792e-02  1.7570720e-02
  1.7859589e-02  2.4225730e-02  2.8151572e-02  2.7957556e-02  3.9234473e-02
  3.7073942e-02  2.9950418e-02  3.3081032e-02  2.7449759e-02  2.4268845e-02
  2.3422836e-02  1.8022707e-02  1.3687034e-02  1.4111236e-02  1.4131596e-02
  1.2097775e-02  9.5568756e-03  8.2277420e-03  1.4115548e-02  1.6183382e-02
  1.8587032e-02  1.1140866e-02  3.9718317e-03 -7.9891734e-03 -1.1056552e-02
 -9.0375817e-03 -5.6789384e-03 -9.1853697e-03 -1.0292702e-02  1.1463748e-03
 -5.9036145e-03 -6.2080529e-03 -1.3082230e-03 -3.9246449e-03 -8.5434382e-03
 -1.2223287e-02 -2.2198616e-02 -3.3914585e-02 -4.0606961e-02 -4.0396177e-02
 -4.2865697e-02 -4.3323193e-02 -3.3112170e-02 -3.4685861e-02 -3.3665477e-02
 -2.2871925e-02 -1.9014108e-02 -1.2784737e-02 -6.1048169e-03  3.1366021e-03
  2.3491820e-03  2.8314451e-03 -1.7055738e-03 -8.2615152e-03 -5.7333110e-03
 -1.6635848e-02 -1.7868212e-02 -2.1998132e-02 -2.4716760e-02 -1.9323337e-02
 -1.8704400e-02 -8.9149441e-03 -2.9512084e-03 -1.8822008e-03 -5.4094709e-03
 -4.9433519e-03 -4.3998659e-03 -1.1226616e-02 -1.6105056e-02 -1.0222281e-02
 -5.8640926e-03 -6.1728425e-03 -5.9608613e-03 -1.9434957e-02 -2.1436681e-02
 -1.6036552e-02 -7.7108434e-03 -4.0959065e-03 -1.1210807e-03  7.2377782e-03
  6.6305780e-03  5.9433759e-03  1.3400081e-02  2.1661118e-02  2.6362308e-02
  2.5337134e-02  2.0536779e-02  1.6560876e-02  1.7040408e-02  9.0974634e-03
  8.0248629e-03  1.0360488e-02  1.0237850e-02  1.3870751e-02  1.6911782e-02
  1.8531941e-02  1.5762294e-02  1.3473856e-02 -4.3610625e-03 -5.2099451e-03
 -5.5596541e-03 -7.5970682e-03 -5.0863494e-03 -9.0715945e-03 -3.1473808e-03
 -3.0894153e-03 -1.0053414e-02 -1.6909148e-02 -2.1181346e-02 -1.7611679e-02
 -1.6049726e-02 -9.8481401e-03 -1.3993389e-03  6.6370452e-03  7.0598098e-03
  1.3479125e-02  1.6572373e-02  1.4352440e-02  7.9489329e-03 -5.0156890e-03
 -1.3790749e-02 -1.5852356e-02 -1.3588828e-02 -2.2292510e-02 -1.7923304e-02
 -1.7672759e-02 -1.8729790e-02 -2.0095811e-02 -2.5059283e-02 -1.4530408e-02
 -1.4794606e-02 -1.7055738e-02 -1.5061918e-02 -1.4316271e-02 -6.5100961e-03
 -1.1625428e-02 -6.3041031e-03 -1.7807612e-03 -4.2741144e-03 -1.8180076e-03
 -1.5107667e-03 -1.6374763e-03  2.3657812e-03  2.5430549e-03  7.3661645e-03
  4.6243024e-03 -9.2368679e-03 -7.3331098e-03 -1.0454382e-02 -3.3241515e-03
  7.1383746e-03  1.0464682e-02  9.6342427e-03  9.2706412e-03  1.3910752e-02
  2.1351889e-02  1.5875829e-02  1.1144698e-02  1.1254162e-02  1.1602434e-02
  1.6688543e-02  1.9104889e-02  1.9773887e-02  2.0524563e-02  1.9392321e-02
  2.1299193e-02  1.6515126e-02  1.4357470e-02  1.4029079e-02  1.3331577e-02
  1.6813337e-02  1.6322068e-02  2.5334739e-02  2.2092745e-02  2.8776737e-02
  3.4173274e-02  2.7531198e-02  2.0295097e-02  2.1575128e-02  2.9308486e-02
  2.6609021e-02  1.9721910e-02  1.6345541e-02  6.4413519e-03  3.0115691e-03
 -4.9062253e-03 -5.8993030e-03 -7.5271264e-03 -1.1363146e-02 -8.4754126e-03
 -1.0954514e-02 -7.7573116e-03 -1.6004934e-02 -1.5916788e-02 -1.3706676e-02
 -1.8653381e-02 -1.7632279e-02 -1.9665381e-02 -2.5828164e-02 -1.4017102e-02
 -5.2774917e-03 -8.5908645e-03 -3.2209155e-03 -6.3385949e-03  3.6446382e-03
 -1.5185753e-03 -1.1017749e-02 -8.0404321e-03 -1.2236940e-02 -4.2125560e-03
 -8.6150566e-03 -6.4619512e-03  4.2882464e-04  4.3675298e-03  5.5117488e-03
  4.9953292e-03  3.2798390e-03 -4.7306522e-03 -3.7648806e-03 -1.5132338e-03
 -6.8315409e-03 -9.7132865e-03 -2.2023282e-03 -8.7305085e-03 -2.8314451e-03
  7.4581427e-03  8.1966035e-03  1.0650794e-02  8.7585331e-03  1.4897363e-02
  1.4756042e-02  1.1273563e-02  1.3235048e-02  1.0082637e-02  1.2630003e-02
  1.3846559e-02  1.2535869e-02  2.6609021e-03  5.4791732e-03  1.1141824e-02
  1.5057127e-02  1.2487245e-02  8.0504922e-03  8.9484778e-03  5.5701933e-03
  7.8909674e-03  8.3973269e-03  8.5252341e-03 -3.4372081e-03  2.5679657e-03
  1.0396656e-02  5.6082780e-03  1.4880835e-02  1.1318834e-02  1.1452729e-02
  1.0398093e-02  2.4573044e-03  4.9356871e-03 -2.6688064e-03  4.1675250e-03
  1.2682699e-03 -2.4448490e-03 -2.1095116e-03 -4.3193849e-03 -9.1393806e-03
 -8.9125488e-03 -1.0883374e-02 -8.3661884e-03 -9.1159070e-03 -9.6268174e-03
 -6.6102182e-03 -1.3389063e-02 -6.1663752e-03 -9.6510096e-03 -5.4185729e-03
 -7.8665357e-03 -1.2468802e-02 -1.5409950e-02 -2.3529665e-02 -1.9004288e-02
 -2.5088026e-02 -3.3021150e-02 -2.7301253e-02 -2.8055762e-02 -2.6134758e-02
 -1.7653117e-02 -1.5894991e-02 -6.3817097e-03 -1.1936334e-03 -3.2070229e-03
 -4.3574696e-03 -9.1707586e-03 -1.0017246e-02 -1.0071379e-02 -1.0293899e-02
 -1.1064696e-02 -2.8216245e-03  1.1788546e-03  7.1156195e-05  1.0632830e-02
  1.7894800e-02  2.0266354e-02  1.9418669e-02  1.2847972e-02  1.5881338e-02
  1.7667489e-02  1.1350691e-02  9.0713550e-03  1.0873793e-02  6.5376416e-03
  1.8380320e-03  6.4430286e-04 -1.8247862e-03 -2.9265372e-03 -9.2931567e-04
 -2.7253347e-03 -6.2583535e-03 -2.4000575e-04 -1.0213897e-03  6.4463819e-04
 -1.3470263e-03 -6.6099787e-06  2.0825888e-03 -7.5014970e-03 -2.2265683e-03
 -2.8970754e-05 -1.4293276e-03  8.1704951e-04 -1.2074541e-03  2.8187501e-03
 -1.6586505e-03 -1.0938945e-02 -1.5774749e-02 -1.7311552e-02 -1.4049438e-02
 -1.0137967e-02 -3.0676184e-03 -2.1726987e-03 -8.0605523e-04 -4.9421543e-03
 -9.0509952e-03 -4.8353254e-03 -3.8376967e-03 -1.0617260e-02 -1.0900381e-02
 -9.9518551e-03 -9.8117320e-03 -8.7657189e-03 -1.5431268e-02 -2.1097032e-03
 -3.2237898e-03 -9.7971209e-03 -8.6265539e-03 -6.8214808e-03  3.5155333e-03
  2.1237155e-03  1.3786678e-03  2.3373015e-03  3.2738509e-03  5.1225179e-03
  9.2002204e-04 -3.9447651e-03 -7.7568325e-03 -1.1764114e-02 -1.9191118e-02
 -2.3425471e-02 -2.0032336e-02 -1.6473688e-02 -6.9364536e-03 -9.5357973e-04
  8.0725287e-03  1.4283935e-02  1.9799277e-02  1.7213107e-02  1.8496970e-02
  2.1900405e-02  1.6519438e-02  2.2582577e-02  2.3670268e-02  2.9234233e-02
  2.6841361e-02  1.9891973e-02  2.1830463e-02  2.0100841e-02  2.0710676e-02
  1.4529689e-02  1.0715466e-02  4.8391578e-03  1.1009126e-03  5.3721047e-04
  6.7884261e-04  6.8478287e-04 -1.2088194e-03 -2.2627847e-04 -4.3505234e-03
 -6.7869889e-03 -1.5345038e-02 -1.8394932e-02 -2.9183933e-02 -2.6211406e-02
 -1.9438070e-02 -1.8922609e-02 -1.0257491e-02 -9.5144794e-03  5.6959448e-03
  8.0231862e-03  2.6659321e-03  3.7069151e-03  1.4862392e-03  3.6283504e-03
  1.7829170e-02  2.4632925e-02  2.4132315e-02  2.4812570e-02  2.6405423e-02
  2.6671298e-02  2.7483293e-02  2.5900022e-02  1.3461400e-02  1.0387554e-02
  7.7743179e-03  5.8125943e-03  6.4329685e-03 -9.9300582e-04  2.8462957e-03
  6.7613596e-03  6.4875805e-03  3.9538672e-03  4.5481329e-03  8.5008024e-03
  2.2672160e-03 -6.5603967e-03 -6.9822032e-03  3.4388848e-03  6.0832595e-03
  1.4539510e-02  1.9065846e-02  1.2338739e-02  1.1997653e-02  8.4603224e-03
  5.3134207e-03  3.3605595e-03 -7.8617452e-03 -1.1469975e-02 -1.1903040e-02
 -1.6972143e-02 -1.5289468e-02 -1.5962298e-02 -2.4711969e-02 -2.4335912e-02
 -2.3473616e-02 -1.9099859e-02 -1.0493425e-02 -1.2876476e-02 -7.5532348e-03
 -7.1307097e-03 -1.2287001e-02 -1.0958346e-02 -1.1952382e-02 -1.1106853e-02
 -1.1379674e-02 -9.3187861e-03 -1.2489401e-02 -2.0066828e-02 -2.1674292e-02
 -2.3950514e-02 -2.2725814e-02 -2.2700184e-02 -3.0510910e-02 -2.3562001e-02
 -1.1137273e-02 -9.1094397e-03 -7.9882153e-03 -1.5566840e-02 -8.7420058e-03
 -7.2864021e-04  8.0957628e-04  1.0260366e-02  1.5880380e-02  1.5127548e-02
  1.5645884e-02  5.5162998e-03 -2.6429376e-03 -1.4520348e-03 -3.1864236e-03
 -2.9782749e-03 -2.3955065e-03 -3.2510958e-03  8.2883422e-03  1.9197825e-02
  1.9546815e-02  2.0742533e-02  2.3821409e-02  3.4122973e-02  3.6111045e-02
  3.9248844e-02  3.7069151e-02  3.0968406e-02  2.3900213e-02  2.2798630e-02
  2.2578265e-02  2.0766485e-02  1.5785767e-02  1.1375123e-02  1.5635824e-02
  7.0238808e-03  7.8009054e-06  1.3326307e-03  5.1929388e-04  1.6705071e-03
  1.4213754e-03  9.7152028e-04 -3.7215263e-03 -1.0114494e-02 -1.0000240e-02
 -7.1886752e-03 -2.0950202e-04  1.4621907e-03  1.4191717e-03 -5.2350955e-04
 -3.0522887e-03 -1.3656135e-02 -1.9973652e-02 -2.6407818e-02 -2.9253395e-02
 -2.4465257e-02 -2.7564732e-02 -2.6017390e-02 -2.5100002e-02 -2.1567463e-02
 -2.1883398e-02 -2.5111979e-02 -2.2252030e-02 -2.2078613e-02 -1.6852619e-02
 -1.3786678e-02 -1.2147836e-02 -1.1822319e-02 -1.6451412e-02 -2.3181154e-02
 -2.4726341e-02 -2.5145512e-02 -2.7066517e-02 -1.9388728e-02 -2.1146375e-02
 -1.6567103e-02 -1.7951568e-02 -2.1169848e-02 -2.4592206e-02 -1.2372512e-02
 -2.0834511e-03 -5.3450382e-03 -2.5828164e-03 -4.0968646e-03 -1.6495245e-03
 -7.4617356e-03 -1.8896740e-02 -2.3688711e-02 -1.3892548e-02 -1.7506767e-02
 -1.9883590e-02 -1.7029150e-02 -2.0382524e-02 -2.0095092e-02 -1.5330188e-02
 -8.0579176e-03 -1.3229538e-02 -8.5403243e-03  6.8004024e-04  1.8849793e-03
  3.8987760e-03  5.1797648e-03  8.6481113e-03  6.9556157e-03  1.7337421e-02
  2.4929938e-02  2.5353901e-02  2.2614194e-02  2.0227071e-02  2.9442621e-02
  3.1320511e-02  3.1148051e-02  3.2180412e-02  2.8268941e-02  2.1990706e-02
  1.1176076e-02  2.2980670e-02  3.0623488e-02  2.5100002e-02  2.3597691e-02
  1.1817289e-02  1.0244796e-02  9.7472993e-03  9.2876476e-03  1.0075930e-02
  1.0180843e-02  1.0649357e-02  1.0537258e-02  1.0642171e-02  1.2988335e-02
  2.2031665e-02  2.5210185e-02  2.8185106e-02  2.2146878e-02  2.6527581e-02
  2.8707274e-02  1.2694915e-02  1.4738078e-02  1.2146638e-02  1.3869554e-02
  1.0594505e-02  1.1741838e-02  7.5668878e-03  2.8690508e-04 -5.0497018e-03
 -1.0343481e-02 -7.6267695e-03 -8.6054756e-03 -7.1858009e-03 -8.3436729e-03
 -5.4856404e-03  4.9376033e-03  1.6712017e-02  3.3169657e-03  1.1935855e-03
  2.1418477e-03 -3.8506312e-03  4.7864620e-04 -2.4585020e-03  7.7700065e-03
  7.0581331e-03  1.4620230e-03  2.8400680e-03  1.7047354e-03  2.3552899e-03
  2.0290785e-03  1.5020000e-03  3.7838032e-04 -1.7563534e-04  8.9939879e-05
 -6.7575271e-05 -1.5871757e-03  6.9223215e-04  1.3107619e-03  1.2621620e-03
  1.4469329e-03  1.0997389e-03  2.2453472e-03 -4.1035713e-03  2.1703274e-03
  2.7679705e-03  9.6507701e-03  2.1681956e-02  5.8367865e-03  1.9507773e-02
  1.6285180e-02 -1.3516252e-04  4.5047786e-05 -7.1340631e-04 -4.7323289e-04
  1.6763994e-05  1.0030899e-02  1.7890728e-03  2.9833050e-04 -7.4526336e-05
  7.4150279e-04  1.3404153e-03  1.6461233e-03  1.0947807e-03 -4.7677789e-04
  3.5394860e-05 -5.8636135e-04  2.7878512e-04 -6.9798079e-03 -1.6969269e-03
  1.0178687e-04 -4.4918441e-04  2.0493425e-04 -1.3825720e-03  5.6698364e-03
  3.3988838e-03 -1.4769216e-03  5.1234760e-04 -1.9049079e-03 -8.8155405e-03
 -5.5074373e-03  1.7135261e-03  2.4331122e-03  2.8326427e-03  2.7059331e-03
  3.7078732e-03  7.4828140e-04 -1.0817984e-02 -1.0857745e-02 -8.8893147e-03
 -8.8749431e-03 -6.8902249e-03 -8.8943448e-03 -9.8076601e-03 -7.9692927e-03
 -9.4684903e-03 -9.4591487e-03 -4.6032240e-03 -1.0970323e-02 -4.8176004e-03
 -7.8416249e-03 -1.0225155e-02 -7.3067618e-03 -4.8547271e-03 -7.2653237e-03
 -1.1016312e-02 -8.4560109e-03 -9.5801097e-03 -7.8066541e-03 -8.1982802e-03
 -8.0035450e-03 -8.0155213e-03 -8.1951664e-03 -7.3982610e-03 -7.0028025e-03
 -6.1843397e-03 -7.1563391e-03 -6.5000359e-03 -1.0831637e-02 -1.0436178e-02
 -6.0300846e-03 -8.7982946e-03 -6.3242233e-03 -9.7274186e-03  2.8077319e-03
 -1.9465855e-03 -6.9778917e-03  1.5471987e-03 -2.3172052e-03  7.1587343e-04
 -3.2733718e-03 -8.8038037e-03 -7.2032863e-03 -3.4324175e-03 -5.7119931e-03
 -9.8910154e-03 -1.0125033e-02 -9.4361542e-03 -8.6663154e-03 -9.3178280e-03
 -7.9889339e-03 -5.7752281e-03 -5.0537737e-03 -7.0461568e-03 -4.2899231e-03
  9.0850080e-04  2.8776737e-03  6.2636231e-03  6.9304654e-03  1.1797648e-02
  1.2801025e-02  1.1183262e-02  1.3217562e-02  3.7253587e-03 -4.6434645e-03
 -8.3942130e-03 -9.1058468e-03 -9.8119715e-03 -7.2947855e-03 -2.1975377e-02
 -2.3468586e-02 -1.9665142e-02 -1.8727395e-02 -1.4023330e-02 -1.4876284e-02
 -1.2576349e-02 -8.9034468e-03 -7.5153896e-03 -2.3395291e-02 -1.2667609e-02
 -7.1551414e-03 -9.7233467e-03 -4.7591559e-03  4.1124338e-03  1.2961987e-02
  9.5741215e-03  6.7072265e-03  1.5992000e-03 -9.2054900e-04  9.1765072e-04
  1.7895758e-03  4.3708831e-03  1.1429256e-02  1.0629716e-02  4.1533929e-03
  1.2953843e-02  1.4514599e-02  1.4610170e-02  1.4434358e-02  1.4367051e-02
  1.4750054e-02  1.5154614e-02  1.4153393e-02  1.0026587e-02  1.4018060e-02
  1.5258330e-02  1.3594817e-02  1.5089942e-02  1.3529426e-02  1.3244389e-02
  1.2470718e-02  2.7373111e-03  3.8990155e-04  5.0372464e-03  1.2522935e-02
  1.5335936e-02  1.4616158e-02  1.5806367e-02  1.4207286e-02  1.2423531e-02
  1.6571175e-02  1.6273923e-02  1.5429112e-02  1.6830343e-02  1.4617356e-02
  1.4846344e-02  1.0728401e-02  1.5944574e-02  3.5723011e-03  4.5332822e-03
  1.3895423e-02 -4.4175908e-04 -1.9445735e-03 -1.0800977e-02  2.5006587e-03
  2.6906034e-03 -2.6386261e-03 -4.7323289e-04 -3.2357661e-03  1.2138734e-03
  1.0777983e-03  7.0305876e-03  2.1782558e-03 -1.2413950e-03 -3.2934921e-03
 -1.8727155e-03 -2.1343984e-03 -3.0146830e-03 -5.8420561e-05 -1.2970371e-03
  1.5233419e-03 -1.0091499e-02 -2.1152602e-02 -2.4786222e-02 -2.4314355e-02
 -1.9483341e-02 -2.3338284e-02 -2.0159764e-02 -2.5308391e-02 -9.4311241e-03
 -9.1951903e-03 -2.1571056e-02 -2.0723131e-02 -1.1032360e-02  3.1545666e-03
  4.1598601e-04  1.8777216e-03  1.3531103e-03  2.2990012e-03  2.7018611e-03
  2.8283312e-03  8.7120650e-03  9.9506575e-03  3.5478694e-03  4.0206951e-03
  4.3957939e-03  3.5172100e-03  2.8934825e-03  3.7620063e-03  4.2506407e-03
  5.5421687e-03  4.0932717e-03  3.5773312e-03  1.2106637e-03  1.3534456e-02
  9.5125632e-03  3.7265563e-03  6.8296247e-03  2.2484371e-03  6.0837385e-03
 -6.0844571e-03 -1.6141944e-02 -1.6859805e-02 -1.6916094e-02 -1.2549522e-02
 -1.0246712e-04  5.0235934e-03  5.5584565e-03  5.4473161e-03  5.1895854e-03
  3.9763827e-03  3.2951687e-03  4.2690843e-03 -9.2687250e-03 -1.0128386e-03
  7.1184939e-03  2.9579152e-03  5.0607200e-05 -1.6375003e-02 -8.3853505e-03
  4.5316055e-03  3.3277444e-03  4.8319720e-03  4.3929196e-03  4.3066900e-03
  3.4551726e-03  3.8841649e-03  3.5097847e-03  3.8082349e-03  4.1121943e-03
  5.2132985e-03  5.6307936e-03  5.7824140e-03  6.0746365e-03  5.9706819e-03
  5.6169010e-03  4.3296845e-03  4.1059666e-03 -2.9557594e-03  1.9321660e-03
  5.8054085e-03  3.9584182e-03  5.3783324e-03  2.4513162e-03  1.6347218e-02
  2.5940741e-02  2.4927543e-02  2.5114374e-02  2.3809912e-02  2.5902417e-02
  2.8520444e-02  3.0839062e-02  1.7866057e-02  7.5625763e-03  8.0421088e-03
  8.6136195e-03  7.3237682e-03  9.1056073e-03  5.4980958e-03 -2.9662986e-03
 -8.3429543e-03 -1.3442957e-02 -1.4500467e-02 -1.9714484e-02 -1.6012839e-02
 -1.5100242e-02 -1.2842224e-02 -6.6116554e-03 -1.0274258e-02  7.9637836e-04
  3.0812714e-03 -1.0328391e-02 -7.7994683e-03 -1.1278114e-02 -1.2797911e-02
 -1.3389542e-02 -1.2608925e-02 -1.3998419e-02 -1.5475341e-02 -1.3538288e-02
 -1.3566313e-02 -1.3225227e-02 -1.3915303e-02 -1.1078110e-02 -9.0876428e-03
 -1.0787324e-02 -1.3567032e-02 -1.2418022e-02 -2.1064217e-02 -1.7793001e-02
 -1.1472610e-02 -1.4583583e-02 -1.1415842e-02 -1.2720065e-02 -7.0018444e-03
 -6.6942921e-03 -1.4743826e-02 -1.4718915e-02 -1.5518456e-02 -1.5292342e-02
 -1.5397495e-02 -1.4650650e-02 -1.4598433e-02 -1.4122973e-02 -1.3994826e-02
 -1.3693023e-02 -1.3591942e-02 -1.3843924e-02 -1.3970634e-02 -1.3973029e-02
 -1.3481521e-02 -1.3852787e-02 -9.5135213e-03 -1.2587128e-02 -1.0657501e-02
 -2.8233012e-03 -1.9410046e-03  5.5857625e-04  6.7374069e-03  1.0083595e-02
  9.4464538e-03  1.0594745e-02  1.0989006e-02  1.1545905e-02  1.1983281e-02
  1.0852715e-02  1.0920980e-02  1.0360248e-02  9.2567487e-03  7.5129943e-03
  8.0375578e-03  6.6138111e-03  8.3707394e-03  4.7112506e-03 -8.9614122e-04
 -4.0884812e-03 -1.2316942e-02 -1.5368033e-02 -2.2402453e-02 -1.6569738e-02
 -1.4812570e-02 -1.2186879e-02 -1.0809361e-02 -1.1423268e-02 -3.3054684e-03
  1.2687490e-03  2.2102326e-04  5.1752138e-03  9.6847829e-03  1.1302067e-02
  1.3320798e-02  1.2083643e-02  1.4819038e-02  1.3310978e-02  1.3268102e-02
  1.3534695e-02  1.2960310e-02  1.5202759e-02  7.8236604e-03  5.2580900e-03
  1.9436633e-03 -4.2302810e-03 -4.3586673e-03 -1.4423339e-02 -1.1838128e-02
  1.7477305e-03  2.7437783e-04 -5.6978610e-03 -7.6971904e-03 -3.8245227e-03
 -2.0683130e-03 -6.9975329e-03 -5.3711466e-03 -6.3112889e-03 -8.0109703e-03
 -9.2601020e-03 -7.6923998e-03 -5.7175022e-03 -6.4665022e-03 -6.9927423e-03
 -6.8732185e-03 -6.8724999e-03  2.8965963e-03  4.3790270e-03  9.6011881e-03
  1.5355098e-02  1.2654435e-02  1.3682483e-02 -2.5100002e-04  3.7404489e-03
  6.4243455e-03  5.6353446e-03  6.8166902e-03  5.5831277e-03  1.0927447e-02
  9.0979425e-03  6.7745335e-03  5.8355889e-03  8.4569690e-03  1.1149249e-02
  9.8910154e-03  9.6153201e-03  8.7429639e-03  3.6003258e-03  6.0142758e-04
  1.0109703e-03  3.4125368e-03  3.1392369e-03  5.7476826e-03  1.1531294e-02
  1.4021174e-02  1.4400345e-02  1.3087020e-02  1.1589020e-03  1.0531749e-02
  1.7940070e-02  1.5298570e-02  1.7867015e-02  1.5677262e-02  2.0694148e-02
  1.3859254e-02  3.5734988e-03 -1.8928837e-03 -2.5562289e-03 -2.3832188e-03
 -3.7236820e-03 -7.2794558e-04 -2.9088122e-03 -3.9497952e-03 -3.4597236e-03
 -1.7101967e-05  1.9118542e-03  4.8779611e-03  8.5987688e-03 -3.1892979e-04
 -1.3347386e-03 -2.6649740e-03 -4.7486167e-03 -5.0846727e-03 -6.1206256e-04
  3.3945723e-03  4.6662196e-03  6.8341757e-03  2.8429423e-03  1.5279647e-02
  1.4251599e-02  6.1656567e-03  5.5033654e-03 -4.0800977e-03 -4.9258665e-03
 -4.6693334e-03 -5.6878009e-03 -5.0070660e-03 -5.3402477e-03 -5.7709167e-03
 -6.1304462e-03 -6.1038588e-03 -5.4583343e-03 -4.5026228e-03 -4.6209490e-03
 -4.7550840e-03 -4.6930465e-03 -3.7840427e-03 -3.9814127e-03 -3.7059570e-03
 -3.1967233e-03 -5.5685166e-03  3.6412848e-03  6.1117632e-03  1.4036504e-02
  1.3767276e-02  5.6842080e-03  1.0278809e-02  7.3798175e-03  7.4878440e-03
  1.4802989e-03 -3.7394908e-03 -3.9715921e-03 -3.7742221e-03 -4.2544732e-03
 -3.7083523e-03  1.9991617e-03  3.8326667e-03 -2.9562385e-03 -2.1090565e-03
 -3.8659609e-03 -4.8789193e-03 -5.6360631e-03 -2.0518336e-02 -1.0013413e-02
 -1.5264797e-03 -5.3847996e-03 -4.5102877e-04 -5.4204891e-03  6.2056576e-03
  1.6205179e-02  1.0032815e-02  4.9251479e-03 -1.9453879e-03 -1.2611320e-03
  1.0518096e-03  8.7326643e-03  1.0737742e-02  1.2008431e-03  2.4532324e-03
  1.5390788e-02  2.4431723e-02  1.5135931e-02 -4.6063379e-05 -2.6048528e-04
  7.7745575e-03  2.2393351e-02  2.1372248e-02  4.4571127e-03 -7.6792258e-04
  4.9845505e-04 -1.7617907e-03  3.3629548e-04 -2.5900022e-03  4.4971137e-03
  3.9277587e-03 -1.6389135e-03 -8.2279815e-04 -1.5825050e-02 -8.0392345e-03
  7.0796905e-04  1.6086852e-03  6.1093679e-04  1.6226017e-04 -5.9508012e-04
 -1.6879686e-03 -1.9823229e-03 -5.6082780e-04  9.6205897e-05  8.8445232e-04
 -3.8314690e-04  4.8829912e-04  1.0511150e-03 -1.3704999e-02 -5.6295959e-03
 -2.8606673e-03 -1.4108601e-02 -1.9130758e-02 -9.8797576e-03  1.7490958e-03
 -9.5599895e-03 -2.1975616e-02 -1.9439268e-02 -2.0228748e-02 -1.8504635e-02
 -1.7957316e-02 -1.7256701e-02 -1.6696687e-02 -1.4719394e-02 -1.3620206e-02
 -6.3714101e-03 -8.1029486e-03 -8.8478766e-04  9.4716041e-03  2.2284127e-03
  1.1952622e-06 -5.6384584e-03 -8.0428274e-03 -1.4836284e-02 -1.2664016e-02
 -1.1988311e-02 -1.5040360e-02 -1.0916669e-02 -4.8068217e-04  5.5551031e-03
  1.0397854e-02 -5.5483964e-03 -1.7292869e-03  3.3119356e-03  5.0329349e-03
  7.6231766e-03 -2.9617476e-03 -1.9580110e-04 -8.0818702e-03 -2.7761144e-04
 -1.0035210e-03 -1.0336775e-03  1.0381566e-04 -3.8532659e-03  9.0028504e-03
  1.2200292e-02  1.4454478e-02  1.6432968e-02  1.7035378e-03  1.0527198e-02
  1.4880596e-02  1.2462095e-02  1.8635416e-02  1.9513282e-02  2.0359530e-02
  0.0000000e+00  0.0000000e+00  0.0000000e+00  0.0000000e+00  0.0000000e+00
