Scaled from
PEER NGA STRONG MOTION DATABASE RECORD
ACCELERATION TIME SERIES IN UNITS OF G
NPTS= 3999.000000, DT= 0.020000, Scalar= 1.000000
  4.1559741e-03  8.9633118e-04 -1.9216990e-03  3.9172062e-03  1.0306062e-02
 -2.5077497e-03 -9.9323131e-03 -5.5371787e-03  1.1991760e-04 -5.0778890e-03
 -1.2569551e-02 -3.5134393e-03 -5.3062586e-03 -1.1163626e-02 -8.1954091e-03
  5.0178536e-04  2.6784383e-03 -6.6368452e-03 -1.4323327e-02 -4.9688052e-03
  1.1476162e-02  1.0053365e-02 -4.9480086e-03 -5.0217775e-03 -5.9766529e-03
 -3.7212086e-03  2.6309594e-03  3.7912498e-03  9.0535609e-04 -6.5077497e-03
  1.2257799e-03  9.9482048e-03  5.0378654e-03 -4.1110457e-03 -9.2203257e-03
 -1.0163626e-02  6.7936041e-03  9.4027860e-03  5.1128115e-03  4.0029429e-03
 -4.4420247e-03  5.0588582e-03  1.5854620e-02  1.8688052e-03 -1.2412007e-02
 -8.5128507e-03  8.5044144e-03  1.6208358e-02 -6.4814597e-03 -1.7210712e-02
 -3.1859918e-03 -1.6333333e-03 -8.8196979e-03  3.7885030e-03  1.2873063e-02
  1.0230920e-02 -2.1801059e-04 -1.4833628e-02 -6.8505003e-03  6.7174809e-03
 -2.3921915e-03 -3.4639984e-03  1.0669806e-03  3.7700608e-03 -1.1407102e-02
 -1.3291740e-02  1.1146753e-02  6.9795958e-03  4.7425937e-03 -7.9111242e-03
 -1.0173435e-02  6.3154797e-03  1.5579360e-03 -1.0222091e-02 -1.0985482e-02
  7.7296449e-03  1.2725132e-02  1.0512066e-02  6.8734550e-03  9.4606631e-03
 -1.1721601e-02 -1.1131254e-02 -3.8079262e-03  1.7325289e-03  1.6233667e-02
 -3.5250147e-03 -9.7637826e-04  6.1861880e-03  1.2158132e-02 -5.9693938e-03
 -1.0197567e-02 -2.4414361e-02 -2.1381205e-02  3.2597606e-04  4.8773789e-03
  1.4326663e-03  4.0567000e-03  2.7726113e-03  1.7918187e-03 -3.6456739e-04
 -2.0170689e-02 -1.8752207e-02 -4.1479302e-03  1.2397685e-02  5.0290367e-03
  3.3660977e-03  6.2454385e-03  5.2628997e-03  2.9381989e-03  1.7424760e-02
  1.2698254e-02 -1.0019423e-02 -3.7578968e-02 -1.6460663e-02  2.2485776e-02
 -1.2253090e-02 -2.9064155e-02 -1.7097116e-02  2.7192466e-04  2.5823033e-02
  3.6068275e-02 -6.8940553e-03 -3.1859918e-02 -2.2742790e-02 -5.1720620e-04
  7.0916225e-02  6.4936237e-02 -2.2197371e-02 -4.1595056e-02 -1.2904846e-02
  2.9287816e-02  2.4212282e-02  4.2891897e-03 -2.1265450e-02 -3.8658034e-02
  2.8032176e-03  4.9444771e-02  4.3417697e-02 -3.1697077e-02 -3.5079459e-02
 -1.6183049e-03  1.3405533e-02  1.3654110e-02  4.5976064e-03 -3.1020208e-02
 -1.5427506e-02  8.3611929e-02  1.0915440e-01  3.0706298e-02 -5.5479694e-02
 -4.2356288e-02  1.4719443e-02  6.4863645e-02  5.4071022e-02 -2.7465176e-02
 -8.0504218e-02 -4.7231705e-02  1.1044340e-02  7.8505003e-02  5.3354915e-02
 -6.9334903e-02 -6.6240926e-02  2.7845792e-02  6.5940749e-02 -3.1288994e-03
 -5.0060820e-02 -3.4655680e-02 -2.5177555e-03  1.1996861e-02  1.8377673e-02
  3.0423779e-03 -6.1936433e-03  4.8634491e-03  1.1333922e-03  1.4547185e-03
 -2.5420836e-02 -5.9362370e-03  1.4878752e-02  4.4671375e-03 -2.7757504e-02
 -3.2220914e-02  4.8559937e-03  7.3502060e-03  8.8065529e-04 -3.3027271e-02
 -3.6409653e-02  1.2804591e-02 -1.6031587e-02 -4.1355699e-02 -1.1486953e-02
  4.9405533e-02  2.8371591e-02 -1.9801844e-02 -1.1265254e-02 -2.7635864e-02
  2.1135962e-03  4.7541691e-03  2.8440259e-03 -4.0357073e-03 -3.9648813e-02
 -3.1232097e-02  1.0532470e-02  2.6015303e-02  9.8740436e-03 -1.1991760e-02
  5.9874436e-03 -1.5207181e-02 -5.3984697e-02 -2.9774377e-02 -2.6825584e-02
 -1.9837159e-02  2.1750049e-02  3.3704140e-02  6.5558171e-03  1.2501471e-02
  6.2058073e-02  3.6968805e-02  1.0702963e-02  2.2681970e-02  2.2350402e-02
 -9.9407495e-03 -1.8547185e-02  2.5095154e-03  4.1791250e-02  6.6731411e-02
 -5.7115951e-03 -1.1974691e-02  4.4997057e-03  1.2989406e-02 -8.6233078e-04
 -2.3621738e-02 -9.9519325e-03  3.2897783e-02  4.6056504e-02  1.6869531e-02
 -1.9196979e-02 -1.2560722e-02 -1.9768491e-03 -1.9625270e-02  1.1139886e-02
  3.2105160e-02  2.6443006e-03 -3.1655876e-02 -1.3823818e-02  1.5084560e-02
 -2.5683736e-02 -4.5934864e-02 -2.2462233e-02  3.3761036e-02 -3.9536983e-04
 -7.0058858e-02 -5.3458897e-02 -4.5152050e-02 -1.8021974e-02  2.6223269e-02
  4.4624289e-02 -3.0557191e-02 -3.9611536e-02  7.7828134e-03 -4.4820483e-03
 -3.0480675e-02 -2.3929763e-02 -1.3601138e-02 -2.3456935e-02  2.3060624e-03
  2.0384540e-02  2.9019031e-02  2.6521483e-02 -1.4772415e-02 -3.7290563e-02
 -2.4390818e-02  2.4406514e-02  1.9136159e-02  2.0449284e-02  3.2136551e-02
 -9.5591524e-03 -5.4634098e-03  1.5218168e-03 -2.0343339e-02 -2.1173239e-02
 -1.1326663e-02  3.2927212e-02  2.6499902e-02 -1.5163233e-02 -1.0363155e-03
 -9.8665882e-03 -3.1855994e-02 -4.0773004e-02 -2.4065136e-02 -2.7749657e-02
 -3.5830881e-02 -5.0219737e-02 -6.5281538e-02 -3.0149107e-02  2.6647047e-02
  1.7686678e-02 -1.9947028e-02  1.7493624e-03  1.5324308e-02 -3.1436139e-03
  2.6623504e-02  7.1528350e-02  4.0665097e-02  1.2887973e-02  2.1954091e-02
 -9.4045517e-03 -3.5216794e-02 -3.4123995e-02 -2.0882872e-02 -1.9415735e-02
 -3.9668432e-03  2.0139298e-02  3.5175593e-02  4.6860899e-02  2.6592113e-02
  1.7582107e-02 -1.2111046e-02 -2.8871885e-02 -5.3804199e-02 -3.7125760e-02
  1.6303904e-02 -9.4893074e-04 -2.4842064e-02 -1.5050814e-02  2.6321366e-02
  7.2997842e-02  9.8401020e-02  4.3504022e-04 -7.7047283e-02 -2.5422798e-02
  5.2815382e-02  3.0133412e-02 -2.7847754e-02 -1.6322935e-02 -2.1977634e-02
  3.6749068e-03  1.0746910e-02  9.8424563e-03  2.7777124e-02  5.6958995e-02
 -2.5038258e-03 -1.4352560e-02  3.7253286e-02  3.7906612e-02  2.2338631e-02
 -2.8659996e-02 -1.6969590e-02  3.5940749e-02  3.9242692e-02 -5.8665882e-03
  1.2475378e-02  2.5575829e-02  1.7452031e-03 -3.9813616e-02 -8.5316853e-02
 -3.1583284e-02  6.5030410e-02  4.3260742e-02 -8.5595448e-02 -7.5138317e-02
  4.0749460e-02  6.8624681e-02 -5.7080636e-03 -6.4575240e-02  7.7969394e-04
  3.9784187e-02  2.9941142e-02  1.7593683e-02  3.0751422e-02 -2.3415735e-02
 -9.3052776e-02  1.4892682e-02  1.1457916e-01  4.9813616e-02 -6.9201491e-02
 -1.2539141e-01 -7.2348440e-02 -9.3101825e-03  2.5730822e-03 -6.6562684e-03
 -4.4863645e-02 -1.1537571e-02 -3.6845203e-02 -3.5383559e-02  2.6664705e-03
 -2.8040024e-03  1.1454581e-02  8.9111242e-03  7.9548754e-02 -1.3858740e-03
 -7.4600746e-02 -1.8807730e-02  2.7300373e-02  9.1432215e-02  1.4430057e-01
  1.0371787e-01  2.1638219e-02 -3.8265646e-02  1.2181872e-02  4.6415539e-02
 -1.3548362e-02 -5.9372180e-02 -1.0447714e-01 -2.5201099e-02  4.6384148e-02
  3.4341770e-02  3.1563665e-02  1.8240337e-02 -5.0833824e-02 -5.8897391e-02
 -3.0119678e-02 -3.7178733e-02 -1.2893663e-02  4.0979007e-02  9.9276045e-02
  5.3723759e-02  3.4961742e-03  4.8102806e-02  2.7657446e-03 -9.5371787e-02
 -9.2268001e-02  1.2041985e-03  3.7072788e-02 -2.4426133e-02 -5.1810869e-02
 -2.3825780e-02  1.1953502e-02  3.5499313e-02  3.8850304e-02  6.4120071e-02
 -8.1673533e-03 -2.4959780e-02  6.6042770e-02  1.1247597e-01  6.7021778e-02
 -7.5442417e-03  4.4253482e-02  6.7290563e-02  8.6660781e-02  2.7555425e-02
 -8.7216009e-02 -1.3070237e-01 -7.8359820e-02 -6.5148126e-03  4.1300765e-02
  5.0973121e-02 -1.4309986e-02  2.9715519e-03  7.1302727e-02  2.1471454e-02
 -6.7645674e-02 -2.4659604e-02  1.7826565e-02 -7.2791838e-03 -4.8083186e-02
 -4.4571316e-02 -1.2804395e-03  2.2193447e-02  3.0390426e-02  2.4384932e-02
  3.0088287e-02  3.9113204e-02  2.9605650e-02  5.4259368e-02  3.0302139e-02
 -6.4812635e-03  9.4757701e-03  1.4594467e-03  1.1256425e-02  3.3906219e-02
 -1.1495978e-02 -3.3923877e-02  2.2538748e-02  5.4110261e-02  4.4563469e-02
  2.0455170e-02  6.0878948e-02  4.2880126e-02  6.2171866e-02  4.2952717e-02
 -4.5840691e-02 -3.7665293e-03  5.9166176e-02 -1.8910339e-02 -1.1871297e-01
 -7.7527958e-02  1.9042182e-02  3.3335295e-02 -2.3046890e-02 -2.3751226e-02
 -2.9448695e-02 -4.2485776e-02  1.0470865e-02  1.7096527e-02 -9.2260153e-04
  3.4433981e-02  6.9464391e-02  6.2248381e-02  5.0600353e-02  9.9672356e-02
  6.1330194e-02  6.4842064e-03  4.8801256e-02  5.1328232e-02  2.7053169e-03
 -2.2328821e-02 -2.7930155e-02 -2.9813616e-02  3.2989994e-03  4.6794193e-02
  5.9385913e-02  1.1696292e-02 -6.5114773e-02 -1.2931332e-01 -8.1357661e-02
  5.4367275e-02  9.9939180e-02  3.2073769e-02  9.8091034e-04  6.7908574e-02
  6.9715519e-02  1.0535217e-02 -1.3900530e-03 -1.4924073e-02 -6.1999215e-02
 -1.1293506e-01 -9.4033745e-02  4.7665293e-02  1.6105552e-01  1.4382774e-01
  7.8126349e-02  1.0074554e-02 -1.3710810e-02  2.6001570e-02 -3.7912498e-02
 -1.1530704e-01 -1.1656857e-01  7.7828134e-03  2.1767706e-02  1.6748872e-02
  5.4694919e-02  5.1861880e-02  8.8846380e-02  1.1647832e-01  1.2926820e-01
  1.2003531e-01  6.4616441e-02 -5.4916618e-02 -6.9352560e-02 -7.6597999e-03
  6.7814401e-02  5.0539533e-03 -3.0498332e-02 -6.5091230e-02 -2.9703747e-02
 -7.3105748e-02 -1.2159309e-01 -1.1615656e-01 -2.0810281e-02  1.0622915e-01
  7.1502845e-02  5.5620954e-02  1.2760251e-02  4.9996076e-02 -1.6012753e-02
 -3.2030606e-02  7.5664116e-02  9.9223072e-02  8.6366490e-02  3.9350598e-02
 -9.0433588e-03  5.8410830e-02  1.0054934e-01  2.7388660e-02 -4.3168531e-02
  4.4375123e-02  2.0005886e-02 -4.8222484e-02  3.8520698e-02  8.3698254e-02
  1.2714538e-01  3.7270944e-02  2.3054738e-02  1.1175201e-01  1.2096920e-01
  5.5493428e-02  6.1104571e-02  1.3573867e-01  1.7436727e-01  9.9152443e-02
  3.2719247e-02  2.7555425e-02 -5.3766922e-02 -1.3722386e-01 -1.2440063e-01
 -1.6641554e-01 -6.7139494e-02  7.7321954e-02 -2.1620561e-02 -5.4171081e-02
 -9.8740436e-02 -9.6258583e-02 -9.3908181e-02 -1.2575829e-01 -1.8192466e-01
 -9.3046890e-02 -1.8420640e-02 -1.0236806e-01 -1.1368844e-01  1.7864430e-02
  1.2672356e-01  1.1921130e-01  1.4253090e-01  1.8815185e-01  2.9354522e-01
  2.4504611e-01  7.5817147e-03 -2.1006474e-01 -1.9660585e-01 -1.3537571e-01
 -1.3176182e-01 -8.0408083e-02 -5.2246419e-03  6.1683343e-02  3.6366490e-02
  1.7260742e-02 -2.6464587e-02 -1.4261919e-01 -1.1345694e-01 -4.7365117e-03
  6.4836178e-02  1.6201099e-01  8.8355896e-02 -8.5609182e-02 -2.1651952e-01
 -2.3570728e-01 -1.2607416e-01 -4.4006278e-02  1.8576810e-03  1.3671964e-02
 -2.5536590e-02 -5.7800667e-02 -9.4628213e-02 -1.9711595e-01 -1.8489896e-01
 -1.0527565e-01 -1.5323720e-01 -2.1257603e-01 -2.1814793e-01 -2.5640573e-01
 -3.2405336e-01 -3.4698842e-01 -3.2230724e-01 -2.7969394e-01 -2.4147538e-01
 -1.5187169e-01  2.0855405e-02  1.3875025e-01  1.2420051e-01  5.2630959e-02
 -6.6131057e-03 -4.3990583e-02 -1.1443202e-01 -1.9578968e-01 -2.3101825e-01
 -1.9601530e-01 -1.0901118e-01 -2.4039631e-02  8.2283696e-02  1.8257799e-01
  1.8007063e-01  1.5866000e-01  1.1181872e-01  1.4194820e-02 -2.9358446e-02
  4.2897783e-02  2.2009025e-01  3.2817344e-01  3.4300569e-01  3.0027467e-01
  2.2819305e-01  2.3776731e-01  2.8106729e-01  3.2311163e-01  3.4545811e-01
  3.1538160e-01  2.1565627e-01  8.7055130e-02  7.5483618e-03  5.4392780e-02
  1.2026682e-01  4.6929566e-02 -1.6103002e-01 -4.2399451e-01 -5.7388660e-01
 -5.7210124e-01 -3.3866981e-01 -9.5173632e-02  8.4528154e-03 -2.1908966e-02
 -1.9019816e-01 -3.1803021e-01 -4.5422798e-01 -5.5952521e-01 -5.8326467e-01
 -5.8924858e-01 -4.9036688e-01 -3.8167550e-01 -2.3502060e-01 -4.5656268e-02
  2.0213851e-03  1.1320581e-02  1.2249951e-01  3.3058662e-01  4.7728075e-01
  4.8287228e-01  4.1752011e-01  1.8143614e-01 -6.5095154e-02 -4.3515794e-02
  9.9009221e-02  1.6546400e-01  2.8022366e-03 -2.5122621e-01 -3.7117912e-01
 -4.0688640e-01 -3.6894252e-01 -3.0051010e-01 -2.6429272e-01 -2.9731214e-01
 -4.3947420e-01 -5.1322346e-01 -3.6639200e-01 -5.2220914e-02  2.3003728e-01
  3.7429861e-01  4.3509908e-01  4.6070237e-01  4.9801844e-01  5.5571905e-01
  5.5854424e-01  5.2683932e-01  5.4810673e-01  5.5051991e-01  4.3062586e-01
  3.3070434e-01  4.0290367e-01  5.3396115e-01  5.6454777e-01  4.1116343e-01
  7.4802825e-02 -2.8228370e-01 -4.6868746e-01 -3.9872474e-01 -1.8330194e-01
 -3.6446930e-02  3.9621346e-02  8.3294095e-02  3.3282323e-02 -9.5940749e-02
 -2.9793996e-01 -3.4928389e-01 -1.8732980e-01 -3.5414950e-02  9.1498921e-02
  6.6368452e-02 -1.0966647e-01 -2.5717088e-01 -3.3156759e-01 -3.9513439e-01
 -4.5424760e-01 -3.5915244e-01 -1.1435158e-01  3.8240141e-02  3.6862861e-02
  4.0211889e-02  7.4473220e-02 -3.3592309e-02 -3.0863253e-01 -4.2552482e-01
 -3.3835590e-01 -2.9219149e-01 -2.8683539e-01 -2.6366490e-01 -2.6849127e-01
 -1.5581519e-01 -3.6943300e-02 -7.5469884e-02 -1.5733373e-01 -1.4925446e-01
 -1.3939965e-01 -2.1879537e-01 -3.2077693e-01 -4.2091426e-01 -4.3350991e-01
 -4.2293506e-01 -3.1993329e-01 -2.2203257e-01 -1.8800471e-01 -1.7044144e-01
 -9.6331175e-02  6.9538944e-02  6.9682166e-02 -3.0957426e-02 -1.1804199e-01
 -2.0980969e-01 -2.1649990e-01 -7.1320385e-02  1.8709045e-01  4.1734354e-01
  5.7677065e-01  7.1924662e-01  8.3943496e-01  9.3345105e-01  9.7217971e-01
  1.0000000e+00  9.8332352e-01  8.8895429e-01  7.7875221e-01  7.0292329e-01
  6.5868158e-01  5.8920934e-01  4.8402982e-01  3.8699235e-01  2.9948990e-01
  1.9059054e-01  1.6393565e-01  1.7427114e-01  1.9036296e-01  2.1808907e-01
  2.4278988e-01  2.5536590e-01  2.0472827e-01  1.3102217e-01  7.2491662e-02
  1.5759859e-02 -5.4173043e-02 -1.4185207e-01 -2.3919953e-01 -3.4180891e-01
 -4.3027271e-01 -5.3478517e-01 -6.0625858e-01 -6.5361978e-01 -6.6719639e-01
 -5.6342947e-01 -3.9005297e-01 -1.9919561e-01 -1.4089661e-01 -1.4643320e-01
 -8.3884638e-02 -6.1391014e-02 -8.9083775e-02 -1.6091230e-01 -2.7651560e-01
 -3.3188150e-01 -3.5205023e-01 -3.5095154e-01 -2.7416127e-01 -1.4530508e-01
 -4.6109476e-02  1.9872474e-02  6.0825976e-02  1.4828919e-01  2.3953306e-01
  2.6707867e-01  2.7431823e-01  3.0376692e-01  3.9444771e-01  4.5328625e-01
  5.0580734e-01  4.7598587e-01  3.9111242e-01  3.6111438e-01  3.6191878e-01
  3.9784187e-01  3.9015107e-01  3.6796155e-01  3.5938788e-01  3.5632725e-01
  3.1969786e-01  2.5826957e-01  1.5574456e-01  2.9429076e-02 -6.5626839e-02
 -1.0536198e-01 -8.3825780e-02 -2.9354522e-02  9.1546007e-03  4.3282323e-03
  4.5505199e-02  8.9175986e-02  1.4971552e-01  2.4186777e-01  3.2860506e-01
  3.0268786e-01  1.1940161e-01 -2.1434177e-02 -7.0158917e-02 -5.8234255e-02
 -3.4543849e-02 -1.1029037e-02  3.8999411e-02  1.3017461e-01  2.5734746e-01
  2.7318030e-01  2.3252894e-01  2.5426722e-01  3.0455170e-01  3.1965862e-01
  2.8760055e-01  3.1243869e-01  3.4502649e-01  3.7104179e-01  3.6749068e-01
  2.3898372e-01  4.0402197e-02 -1.3307043e-01 -2.0360997e-01 -2.5375711e-01
 -3.6647047e-01 -4.3853247e-01 -5.0309986e-01 -5.5285462e-01 -5.7261134e-01
 -5.4902884e-01 -4.6125172e-01 -3.7106141e-01 -2.8838532e-01 -2.3225427e-01
 -1.5582500e-01 -5.6960957e-02  3.0541495e-02  1.0611732e-01  1.6138709e-01
  2.0641554e-01  2.1738277e-01  1.7174809e-01  1.0459486e-01  5.1398862e-02
 -1.2903865e-03 -9.7871297e-02 -2.1604866e-01 -3.2036492e-01 -3.4318226e-01
 -2.8471650e-01 -1.8036296e-01 -7.9544830e-02  1.5232490e-02  5.9462429e-02
  7.5191289e-03 -1.8821660e-02  3.2681970e-02  1.0499313e-01  1.4263292e-01
  1.5962527e-01  1.6897391e-01  1.6159309e-01  1.4618403e-01  8.1275260e-02
  1.5673926e-02 -4.4502649e-02 -1.3257799e-01 -1.9181479e-01 -2.3186188e-01
 -2.2819305e-01 -2.0178536e-01 -1.9966647e-01 -2.2638807e-01 -2.3184226e-01
 -2.1569551e-01 -1.9864626e-01 -1.4710026e-01 -5.8773789e-02 -4.2844811e-02
 -1.2536394e-01 -1.8601334e-01 -1.9235236e-01 -1.6797920e-01 -1.4274279e-01
 -1.3138905e-01 -1.4856975e-01 -1.5919757e-01 -1.4591328e-01 -1.1657446e-01
 -1.1526192e-01 -1.3379243e-01 -1.6870904e-01 -2.1850108e-01 -2.8705121e-01
 -3.3490288e-01 -3.0553267e-01 -2.7372964e-01 -2.8200902e-01 -2.6705905e-01
 -2.4065136e-01 -2.2205219e-01 -1.9320188e-01 -2.2831077e-01 -2.9637041e-01
 -3.0003924e-01 -2.3086129e-01 -9.4789092e-02  1.0131057e-01  2.6433196e-01
  3.4783206e-01  3.6584265e-01  2.9766529e-01  1.7394742e-01  1.1041985e-01
  9.5599372e-02  7.5336472e-02  4.5295272e-02  3.7726113e-02  7.5817147e-03
 -5.2411222e-02 -9.8469688e-02 -9.1471454e-02 -3.8746321e-02 -1.1499117e-02
  1.3696684e-02  5.0200118e-02  9.5201099e-02  9.0506180e-02  7.5230528e-02
  7.8895429e-02  4.9925446e-02 -4.1948205e-02 -1.3682166e-01 -1.1612125e-01
 -2.2199333e-02  1.1512851e-01  2.0871101e-01  1.4989994e-01  5.3343143e-02
  7.7624093e-02  1.4467138e-01  1.6778105e-01  4.4463410e-02 -1.9010398e-01
 -2.8047871e-01 -2.6213459e-01 -2.4579164e-01 -2.7443594e-01 -2.9060232e-01
 -2.6733373e-01 -2.8628605e-01 -3.1720620e-01 -3.2795762e-01 -2.7618207e-01
 -1.7133804e-01 -8.5289386e-02 -5.6076123e-02 -7.8332352e-02 -1.0018442e-01
 -6.2356288e-02  2.7731999e-02  1.2053757e-01  2.1891309e-01  2.8675692e-01
  3.3451050e-01  3.4435943e-01  2.7043359e-01  1.3720424e-01 -1.3935256e-02
 -1.2476751e-01 -1.4450853e-01 -1.1633118e-01 -8.3939572e-02 -6.7726113e-02
 -1.0233667e-01 -1.7288994e-01 -2.5361978e-01 -2.6335099e-01 -1.3361389e-01
 -1.1528154e-03  6.6778497e-02  1.1064155e-01  7.6156563e-02  1.4260153e-02
 -4.1940357e-02 -1.3444379e-02  1.8876986e-02 -5.6091819e-02 -1.4463802e-01
 -1.9233863e-01 -1.3636257e-01 -1.4345301e-03  7.9362370e-02  1.1134197e-01
  6.5762213e-02 -1.6861291e-02  8.9521287e-03  1.0629978e-01  1.9813616e-01
  2.6325289e-01  3.0468903e-01  2.8554051e-01  2.4176967e-01  2.4426133e-01
  2.7251324e-01  2.4514420e-01  2.0984893e-01  2.1004512e-01  2.0951540e-01
  1.9294095e-01  1.9793996e-01  2.1589170e-01  2.2203257e-01  2.4624289e-01
  3.0447322e-01  3.2470080e-01  2.7598587e-01  1.7991367e-01  9.8748283e-03
 -8.1616637e-02 -8.2854620e-02 -7.7608397e-02 -6.5526780e-02 -2.8110653e-02
 -2.9144595e-02 -1.1151069e-01 -2.2446537e-01 -3.0676869e-01 -3.1493035e-01
 -2.6515597e-01 -2.1526388e-01 -2.1718658e-01 -2.2958603e-01 -1.9392584e-01
 -1.1695115e-01 -2.2487738e-02  3.8179321e-02  2.4736119e-03 -8.3792427e-02
 -1.4194232e-01 -1.1830096e-01 -6.9325093e-02  3.2148323e-03  1.1878556e-01
  1.9284089e-01  2.5030410e-01  3.0033353e-01  3.1175201e-01  2.6301746e-01
  1.5956445e-01  7.5795566e-02  3.3743378e-02  1.6714146e-02  2.5097116e-02
  2.5297234e-02  5.6700020e-02  9.7414165e-02  6.3400039e-02  2.6994310e-02
 -2.3084167e-02 -8.1577398e-02 -4.9260349e-02  4.1075142e-02  9.9285854e-02
  1.4041593e-01  1.6897194e-01  1.5386698e-01  1.2957426e-01  3.6089857e-02
  1.4211105e-03  4.5615068e-03 -4.2980184e-02 -6.1028056e-03  6.0070630e-02
  6.4435943e-02  3.6874632e-03 -4.3655091e-02 -2.7969394e-03 -2.8903276e-02
 -1.5819894e-01 -1.6010791e-01 -6.6741220e-02  1.4605454e-02  7.4210320e-02
  1.7594271e-01  1.9422798e-01  1.6597606e-01  2.0172651e-01  1.3466745e-01
  4.4469296e-02  1.5071022e-02 -1.8382970e-02  4.3076319e-03  7.8491269e-02
  2.0011772e-01  2.1575437e-01  1.3889739e-01  1.5286835e-01  1.7969001e-01
  1.9870512e-01  1.6204434e-01  7.7665293e-02  7.0873063e-02  1.4371787e-01
  2.0327644e-01  2.1459682e-01  1.2516971e-01  1.0240926e-01  1.4575437e-01
  1.1085737e-01  5.1997253e-02 -8.6719639e-03 -8.6525407e-02 -1.2054346e-01
 -4.7108103e-02  1.7654306e-02  1.6758682e-02 -8.5322739e-02 -1.7344909e-01
 -1.9656661e-01 -2.0054934e-01 -1.5784775e-01 -8.1347852e-02  1.5351776e-02
  8.3058662e-02  1.1141456e-02 -1.3657838e-01 -2.1287032e-01 -1.9596625e-01
 -1.6065136e-01 -1.7388660e-01 -1.6123014e-01 -9.9370218e-02 -7.1281146e-02
 -1.2758485e-01 -1.5688837e-01 -4.0939768e-02  7.4373161e-02  5.5699431e-02
 -2.8277418e-02 -5.8212674e-02 -4.3299980e-02 -2.8230332e-02 -2.1710810e-03
 -3.8130273e-02 -7.1602904e-02 -7.0343339e-02 -5.1461644e-02  1.4891309e-02
  2.5320777e-02 -1.1578379e-02 -6.5754365e-02 -1.3672160e-01 -1.7490485e-01
 -1.7212674e-01 -1.1482637e-01 -4.9519325e-02 -7.7082598e-02 -1.3199137e-01
 -1.5203453e-01 -1.3523249e-01 -5.4074946e-02 -1.1632529e-02 -3.2572101e-02
 -5.6751030e-02 -5.6507750e-02 -3.0453208e-02  1.2594664e-02  7.9354522e-03
 -6.0464979e-02 -8.6794193e-02 -7.1612713e-02 -1.1927801e-01 -2.0988817e-01
 -2.6219345e-01 -2.5379635e-01 -2.4249559e-01 -2.7384736e-01 -2.6892290e-01
 -1.7935256e-01 -8.6270355e-02 -5.8746321e-02 -8.2258191e-02 -1.1992152e-01
 -1.1338042e-01 -3.8932706e-02 -4.1037865e-02 -9.6289974e-02 -7.7737885e-02
 -2.9030802e-02  2.4773396e-02  1.0352364e-01  2.1002551e-01  2.6894252e-01
  2.8100844e-01  2.8149892e-01  2.4261330e-01  1.7797136e-01  1.4809496e-01
  1.5104964e-01  1.5886600e-01  1.8321758e-01  2.0606239e-01  1.8736708e-01
  1.2761821e-01  7.2858544e-02  5.7143418e-02  5.0119678e-02  2.6170296e-02
  2.4361389e-02  3.1812831e-02 -6.5236414e-05 -3.6346871e-02 -4.6335099e-02
 -4.2150284e-02 -4.7284677e-02 -4.0145183e-02 -9.1396900e-03  2.3417697e-03
 -2.0360997e-02 -3.0341377e-02 -1.2666078e-02  2.5748479e-03  9.7555425e-03
  1.4392976e-02  4.4492839e-02  6.6725525e-02  9.7602511e-02  1.5614871e-01
  1.6342751e-01  1.5080832e-01  1.5866196e-01  1.7586031e-01  1.7315087e-01
  1.2737296e-01  1.0647047e-01  1.0602119e-01  9.4812635e-02  9.1571513e-02
  8.7690799e-02  8.3974887e-02  9.7478909e-02  1.3798313e-01  1.7513832e-01
  1.6423582e-01  9.4192662e-02  3.9185796e-02  4.8334314e-02  7.2974299e-02
  6.4145576e-02  3.3708064e-02  1.7985089e-02  2.4094565e-02  3.8714930e-02
  4.2662350e-02  7.0268786e-02  1.0151658e-01  1.2492054e-01  1.4103983e-01
  1.1656072e-01  7.0251128e-02  2.5340396e-02  2.1106533e-02  5.1659800e-02
  6.6770649e-02  8.1618599e-02  1.4982146e-01  2.3245046e-01  2.6613694e-01
  2.1006474e-01  1.3984893e-01  6.6454777e-02 -6.5299196e-02 -1.5516578e-01
 -1.2591721e-01 -3.8322543e-02 -2.7153227e-02 -6.5375711e-02 -8.9701785e-02
 -1.3127722e-01 -1.7300569e-01 -2.1326270e-01 -2.1791250e-01 -2.2244458e-01
 -2.6680400e-01 -2.8332352e-01 -2.5715127e-01 -2.2444575e-01 -1.9988228e-01
 -1.6540318e-01 -1.3591132e-01 -1.4367079e-01 -1.6237591e-01 -1.8228370e-01
 -2.2291544e-01 -2.5830881e-01 -2.7808515e-01 -2.8791446e-01 -3.0539533e-01
 -2.8373553e-01 -2.2632921e-01 -2.0268786e-01 -1.7597410e-01 -1.4727291e-01
 -1.0679027e-01 -3.4808711e-02  1.0546204e-02 -5.1141848e-03 -5.5722974e-02
 -8.8477536e-02 -7.7606435e-02 -5.5591524e-02 -4.9409457e-02 -7.3313714e-02
 -7.6725525e-02 -5.4486953e-02 -4.1963900e-02  9.7596625e-03  7.1310575e-02
  6.8732588e-02 -7.0029429e-03 -4.5797528e-02 -3.3560918e-02 -1.9350010e-02
  4.2383755e-03  2.7247400e-03 -1.9956837e-02 -2.3509908e-02 -3.6476359e-02
 -8.7635864e-02 -1.3243673e-01 -1.0383363e-01 -2.7514224e-02  2.1330194e-02
  5.4414361e-02  9.9038650e-02  1.1576418e-01  1.0454189e-01  1.0735923e-01
  1.4339023e-01  1.7963508e-01  1.7786345e-01  1.7227585e-01  1.7968805e-01
  1.7887777e-01  1.5279380e-01  1.2268786e-01  9.8716892e-02  1.0853443e-01
  1.0990387e-01  1.0143222e-01  8.0851481e-02  4.7396508e-02  3.8022366e-02
  3.5636649e-02  9.0977045e-02  1.4612517e-01  1.5712184e-01  1.1597018e-01
  7.3831666e-02  7.7331764e-02  8.0200118e-02  7.7996861e-02  4.9330979e-02
  3.0604277e-03  4.3380420e-03  6.6807926e-02  7.5842653e-02  1.7385521e-02
 -5.3247008e-02 -8.9044536e-02 -6.7361193e-02 -2.8671768e-02  2.2513243e-02
  5.6917795e-02  2.6913871e-02 -3.6237002e-02 -4.5905435e-02  2.8063567e-02
  1.4071022e-01  2.2799686e-01  1.9326467e-01  8.7404356e-02  2.0292329e-02
 -4.6966843e-02 -1.3629586e-01 -2.3015499e-01 -2.7318030e-01 -1.6589562e-01
  2.9862664e-02  1.3972533e-01  6.5799490e-02 -8.0912301e-02 -1.4327644e-01
 -1.5659211e-01 -4.9801844e-02  1.0060428e-01  2.1204630e-01  2.9546792e-01
  2.0235433e-01  6.9509515e-02 -1.4964881e-02 -9.3139101e-02 -1.2249362e-01
 -6.6034923e-03  7.3319600e-02  5.9929370e-04  2.9870512e-02  9.4849912e-02
  1.2269178e-01  1.1989013e-01 -2.5695507e-02 -1.5049833e-01 -1.1180498e-01
 -4.1855994e-03  2.9264273e-02 -4.8112615e-02 -1.3095154e-01 -1.7755935e-01
 -2.1104571e-01 -2.2042378e-01 -1.6158328e-01 -7.6166372e-02 -5.5685697e-03
  4.1438101e-02  2.5130469e-02 -2.5120659e-02 -9.1096724e-02 -1.5447911e-01
 -1.8725132e-01 -1.8827938e-01 -1.0842849e-01 -9.0896606e-03  4.3035119e-02
  1.7752796e-02 -7.9774377e-02 -1.5963704e-01 -1.9186973e-01 -1.7742201e-01
 -1.2379243e-01 -2.5257995e-02  3.7298411e-02  2.9270159e-02 -2.7422013e-02
 -3.8997449e-02 -8.0961350e-03 -1.4482048e-02 -3.1728468e-02 -4.9050422e-02
 -5.6858937e-02 -1.1940161e-02  8.3955268e-02  1.2665686e-01  7.5526780e-02
  1.5135374e-02 -4.1343928e-04  4.2534824e-03  2.7251324e-02  3.5124583e-02
  3.6337061e-02  5.1681381e-02  6.2866392e-02  9.8251913e-02  1.3272317e-01
  1.6526780e-01  2.2860506e-01  2.8779674e-01  2.8452031e-01  2.5077497e-01
  2.1394938e-01  1.4851677e-01  8.5034334e-02  4.7779086e-02  2.2946831e-02
  5.3070434e-03  1.1592309e-02  4.0005886e-02  6.8302923e-02  7.4298607e-02
  4.8395134e-02  3.7404356e-02  7.0268786e-02  9.8414754e-02  8.7002158e-02
  5.1693153e-02  3.6855013e-02  2.0790661e-02 -1.2008436e-02 -3.1141848e-02
 -2.7425937e-02 -2.2944870e-02 -3.3058662e-02 -3.9839121e-02 -4.4706690e-02
 -4.5236414e-02 -4.9438886e-02 -6.0831862e-02 -6.0857367e-02 -8.6495978e-02
 -1.1070237e-01 -8.9317245e-02 -4.9217187e-02  9.6958995e-03  3.5864234e-02
 -1.7201295e-02 -9.2260153e-02 -1.3221699e-01 -1.1770061e-01 -7.0384540e-02
 -4.6178144e-02 -4.9776339e-02 -4.2054149e-02 -3.4726310e-02 -5.6764764e-02
 -1.0649794e-01 -1.4184422e-01 -1.6757308e-01 -1.2972925e-01 -1.7866784e-02
  1.5625270e-02 -2.1473416e-02 -7.2442613e-02 -1.1607612e-01 -1.6704924e-01
 -2.2577987e-01 -2.5795566e-01 -2.7359231e-01 -2.5746518e-01 -1.9929370e-01
 -1.0355307e-01 -1.8810477e-02 -1.6427114e-02 -5.8314695e-02 -9.4149500e-02
 -8.9623308e-02 -2.2016873e-02  7.7035511e-02  1.5480086e-01  1.8602511e-01
  1.5832058e-01  1.1573867e-01  6.0535609e-02  8.6955072e-03 -7.2542672e-03
 -1.2005690e-02 -1.1882284e-02  2.0184422e-02  7.8036100e-02  7.4449676e-02
  2.4208358e-02  9.6070237e-03  5.2063959e-02  9.4908770e-02  1.1965274e-01
  1.3044928e-01  9.9774377e-02  7.3113596e-02  8.0311948e-02  6.5901511e-02
  3.1365509e-02  2.3215617e-02  3.6366490e-02  4.3843437e-02  3.8259761e-02
  1.4532470e-02  2.7698646e-02  7.4029821e-02  1.0679419e-01  1.0133019e-01
  5.8026290e-02  4.9776339e-02  3.8695311e-02  2.5950559e-02  4.5905435e-02
  7.8795370e-02  7.3537375e-02  2.8395134e-02 -1.9711595e-02 -2.1218364e-02
  3.8063567e-03 -4.1940357e-03  2.8514813e-02  8.7822248e-02  8.5826957e-02
  2.9535021e-02  3.1245831e-02  4.0602315e-02  2.8012556e-03  2.3568766e-04
  4.0394350e-02  5.7551501e-02  2.4559545e-02 -1.4268393e-02 -4.2342554e-02
 -4.3213655e-02 -2.5040220e-02 -1.4190504e-02 -2.8208750e-02 -3.8591328e-02
 -4.0347263e-02 -4.8452031e-02 -3.2819305e-02  6.4814597e-04  4.8501079e-02
  9.9735138e-02  1.3821464e-01  1.6914263e-01  1.6251913e-01  1.3460467e-01
  1.0488523e-01  9.1055523e-02  7.4200510e-02  5.1712772e-02  6.6525407e-02
  6.5148126e-02  7.2748676e-02  9.3700216e-02  1.0104768e-01  8.9484010e-02
  5.9958799e-02  1.1665686e-02 -1.0680793e-02 -2.6802040e-03  4.1508731e-03
  1.6894448e-02  2.5348244e-02  1.9281146e-02 -2.0015696e-02 -5.8820875e-02
 -6.5373749e-02 -3.7612321e-02 -1.2414558e-02 -7.8265646e-03 -2.1593094e-02
 -4.3123406e-02 -5.6856975e-02 -7.4420247e-02 -8.8144006e-02 -9.5985874e-02
 -1.1113008e-01 -1.0974691e-01 -1.1113989e-01 -1.1499902e-01 -1.0874240e-01
 -1.1608986e-01 -1.3585835e-01 -1.5831077e-01 -1.7728664e-01 -1.9251128e-01
 -1.9807730e-01 -1.7355307e-01 -1.1891897e-01 -7.8336276e-02 -8.1430253e-02
 -8.4092603e-02 -7.9886208e-02 -9.1326270e-02 -9.0074554e-02 -7.0105945e-02
 -4.4563469e-02 -2.9923484e-02 -2.2515205e-02 -1.7921326e-02 -3.7139494e-02
 -6.0180498e-02 -4.9666470e-02 -4.4594860e-02 -4.9448695e-02 -1.6163626e-02
  2.8161664e-02  2.9862664e-02  7.2968413e-03 -3.4343732e-03  2.4726310e-03
  2.0035315e-02  5.1855994e-02  8.3776731e-02  7.6568570e-02  7.2601530e-02
  8.5053953e-02  8.6013341e-02  7.7396508e-02  7.5326663e-02  7.4120071e-02
  5.6262507e-02  5.0663135e-02  4.5305081e-02  2.3190112e-02 -1.5976064e-03
  6.4551697e-03  3.2213067e-02  1.7327055e-02  9.7936041e-03  1.3150873e-02
  1.3763586e-02  1.1944477e-02  2.3533451e-02  5.1410634e-02  5.3582500e-02
  5.9103394e-02  9.1081028e-02  1.0691191e-01  9.6158525e-02  9.6968805e-02
  1.0888562e-01  1.2151462e-01  1.2566804e-01  1.1149500e-01  7.5018638e-02
  4.0514028e-02  3.0176574e-02  3.1918776e-02  2.9317245e-02  1.4898175e-02
 -1.5587601e-02 -3.0341377e-02 -1.9339023e-02 -2.4567393e-02 -4.2581911e-02
 -6.0771042e-02 -7.4773396e-02 -7.3188150e-02 -6.7843830e-02 -6.1283108e-02
 -4.4755739e-02 -1.1796155e-02 -4.9872474e-03 -1.2670198e-02 -7.1708848e-03
  1.1953110e-02  3.1183049e-02  3.3350991e-02  5.5203061e-02  8.5414950e-02
  1.0212282e-01  8.1644104e-02  3.7090445e-02 -7.8516775e-04 -3.0716108e-02
 -4.2644693e-02 -3.9258387e-02 -5.3184226e-02 -8.0404159e-02 -9.8983716e-02
 -9.5328625e-02 -7.2042378e-02 -5.4704728e-02 -4.4451638e-02 -4.8905238e-02
 -4.1473416e-02 -2.4557583e-02 -1.7627036e-02 -1.4590347e-02 -1.6722582e-02
 -2.4061212e-02 -4.0645478e-02 -4.7577006e-02 -2.3582500e-02 -1.6372572e-02
 -2.2038454e-02 -1.2309201e-02 -1.8903669e-02 -2.5874044e-02 -4.7412203e-02
 -6.0102021e-02 -3.4712576e-02 -1.9119286e-02 -2.7886992e-02 -2.4386894e-02
 -7.6717677e-03 -1.3025309e-02 -2.7751619e-02 -3.5756327e-02 -3.2224838e-02
  1.3830881e-03  3.7800667e-02  5.3445164e-02  6.1406710e-02  6.4779282e-02
  5.9752796e-02  3.9890131e-02  2.2799686e-02  1.7778301e-02 -1.1533843e-03
 -2.5055915e-02 -2.0052972e-02  8.7439670e-04  2.2874240e-02  2.5346282e-02
  3.2778105e-02  5.5228566e-02  5.2142437e-02  3.3649205e-02  3.2258191e-02
  5.7123798e-02  7.5891701e-02  6.9240730e-02  4.3117520e-02  1.0281342e-02
 -8.1212478e-03 -1.4171277e-02 -1.2728468e-02  2.9146557e-03  8.8399058e-03
  4.0302139e-03  9.5695507e-03  8.8149892e-03  1.0844614e-02  8.6288013e-03
  9.9744948e-03  1.8000589e-02 -2.4651756e-04  5.0280557e-03  3.8579557e-02
  5.5503237e-02  5.1963900e-02  3.1159506e-02  3.0951540e-02  3.8499117e-02
  3.9313322e-02  3.0945654e-02  2.3413773e-02  2.5628801e-02  1.8300373e-02
  2.7178733e-02  3.4710614e-02  3.4067098e-02  2.8544242e-02  1.8185796e-02
  2.0056896e-02  1.6302531e-02  1.3348833e-02  1.4990190e-02 -5.4082794e-03
 -3.3441240e-02 -4.8408868e-02 -5.5505199e-02 -6.2944870e-02 -6.2787914e-02
 -6.2713361e-02 -6.9421228e-02 -5.9148519e-02 -5.5803414e-02 -5.7453404e-02
 -6.3553070e-02 -7.1459682e-02 -6.8187169e-02 -7.7474985e-02 -8.1530312e-02
 -9.1202668e-02 -1.0281342e-01 -9.7396508e-02 -7.4125956e-02 -6.0533647e-02
 -6.9860702e-02 -6.4708652e-02 -6.0514028e-02 -5.8595252e-02 -5.6754954e-02
 -5.6297822e-02 -4.1424367e-02 -2.2046302e-02 -1.0601727e-02 -8.7029625e-03
 -6.5279576e-03 -1.2277614e-02 -2.9007259e-02 -2.7608397e-02 -9.3405925e-03
  1.2102609e-02  3.3668825e-02  3.9629194e-02  1.9831273e-02 -1.1710222e-02
 -1.3915244e-02  1.1495193e-02  3.4914656e-02  4.4567393e-02  4.5228566e-02
  4.4689033e-02  5.0731803e-02  6.4734157e-02  6.5271728e-02  5.4067098e-02
  5.5312929e-02  6.8550128e-02  7.0743575e-02  7.2228762e-02  7.7345497e-02
  6.9835197e-02  4.8871885e-02  2.5261919e-02  2.9487934e-02  5.3914067e-02
  5.8952325e-02  3.9270159e-02  2.0029429e-02  9.2130665e-03 -1.0427506e-02
 -2.6458701e-02 -2.5593486e-02 -3.1887385e-05  2.4916618e-02  2.6207573e-02
  2.1598980e-02  1.4210908e-02  7.1041789e-03  1.0290563e-02  1.1538160e-02
  9.7196390e-03  6.8581519e-03 -3.9221110e-04 -9.3019423e-03 -2.1332156e-02
 -2.2748676e-02  4.5744556e-03  3.2554444e-02  3.7255248e-02  2.8563861e-02
 -3.9321169e-03 -2.7323916e-02 -1.3116932e-02  1.3501275e-02  3.0325682e-02
  3.1746125e-02  3.6082009e-02  5.3951344e-02  6.0194232e-02  3.1126153e-02
 -3.6319404e-03 -8.7331764e-03 -8.7329802e-03 -1.6174613e-02 -1.0024720e-02
  1.3082009e-03  6.3419659e-03  7.1930547e-03 -5.1163429e-03 -2.8834609e-02
 -4.6403767e-02 -5.2583873e-02 -6.2426918e-02 -6.1534236e-02 -3.9976457e-02
 -2.5546400e-02 -2.2493624e-02 -2.9093584e-02 -3.8669806e-02 -4.6572494e-02
 -5.5079459e-02 -5.2183637e-02 -4.9741024e-02 -5.2381793e-02 -6.3861095e-02
 -7.3037081e-02 -6.7037473e-02 -5.8603100e-02 -5.9327055e-02 -6.4539925e-02
 -6.7100255e-02 -6.8544242e-02 -7.4475181e-02 -8.2107122e-02 -6.7773200e-02
 -4.8047871e-02 -2.8767903e-02 -2.4484991e-02 -3.3800275e-02 -2.2982146e-02
  9.2397489e-04  2.0400235e-02  2.2891897e-02  1.8010006e-02  2.5978026e-02
  4.1459682e-02  4.7920345e-02  3.9793996e-02  3.8151854e-02  4.6391995e-02
  3.3349029e-02  2.3007652e-02  1.7193055e-02  3.2632921e-02  4.8379439e-02
  4.6843241e-02  5.0755346e-02  4.6382186e-02  4.6809888e-02  4.6154601e-02
  4.7527958e-02  6.0920149e-02  6.3307828e-02  6.3325486e-02  6.2240534e-02
  5.1198744e-02  4.6768687e-02  3.6650971e-02  2.9319207e-02  2.9299588e-02
  3.1657838e-02  2.6397881e-02  2.4382970e-02  3.7708456e-02  5.9291740e-02
  6.7349421e-02  6.2061997e-02  6.5991760e-02  7.4271140e-02  6.2962527e-02
  3.9519325e-02  3.5936826e-02  4.4218168e-02  5.5146164e-02  5.8348048e-02
  4.8501079e-02  4.4838140e-02  4.1928585e-02  2.7104179e-02  1.4185207e-02
  1.4992741e-02  3.1177163e-02  4.9342751e-02  4.3747302e-02  3.4775358e-02
  4.3916029e-02  4.0896606e-02  2.7351383e-02  1.1754758e-02 -8.9228958e-04
 -1.8300177e-02 -2.7755542e-02 -3.2240534e-02 -2.6058466e-02 -1.8458897e-02
 -2.8932706e-02 -2.4465372e-02 -2.2262115e-02 -2.6841279e-02 -3.0871101e-02
 -4.1854032e-02 -4.7210124e-02 -4.4796939e-02 -3.9034726e-02 -3.6800078e-02
 -4.0565038e-02 -5.5475770e-02 -6.2183637e-02 -5.8195017e-02 -6.4867569e-02
 -7.6909947e-02 -9.0302139e-02 -9.2483814e-02 -8.1830489e-02 -6.9001373e-02
 -5.9028840e-02 -5.0725917e-02 -3.6032961e-02 -2.9876398e-02 -3.5978026e-02
 -4.7094369e-02 -5.3137139e-02 -6.5664116e-02 -8.0054934e-02 -8.6864822e-02
 -8.1742201e-02 -6.4973514e-02 -6.3007652e-02 -6.0612125e-02 -6.0625858e-02
 -4.6984501e-02 -2.6384148e-02 -8.0292329e-03  3.0243280e-03 -6.3390230e-03
 -7.4055327e-03 -1.5915637e-02 -2.0682755e-02 -6.4567393e-03 -1.1864234e-03
  3.1881499e-03  1.7990779e-02  3.2793800e-02  4.5819109e-02  4.4606631e-02
  1.9387090e-02  6.5342358e-03  1.3739847e-02  1.4305866e-02  2.0325682e-02
  2.6017265e-02  2.5028448e-02  2.8483422e-02  4.3849323e-02  5.4936237e-02
  4.7990975e-02  5.0070630e-02  6.0151069e-02  7.2120855e-02  9.0598391e-02
  1.0229743e-01  1.0530704e-01  9.9236806e-02  8.5099078e-02  5.9923484e-02
  3.3119482e-02  2.8968020e-02  2.4453600e-02  1.7568962e-02  1.8567000e-02
  1.8693545e-02  2.2921326e-02  2.9278007e-02  4.0920149e-02  4.5842653e-02
  2.2215028e-02  9.3623700e-03  9.7390622e-03  2.8108691e-02  3.4139690e-02
  7.6523445e-03 -5.2577987e-03 -3.0741613e-03 -6.7761428e-03 -3.0427703e-02
 -5.2952717e-02 -5.6095743e-02 -4.2991956e-02 -3.6919757e-02 -3.7959584e-02
 -4.7141456e-02 -6.0194232e-02 -6.8966058e-02 -7.0111830e-02 -6.1330194e-02
 -6.0521876e-02 -7.1422405e-02 -8.1769668e-02 -8.1124191e-02 -7.1587208e-02
 -6.9399647e-02 -6.8193055e-02 -6.6923681e-02 -6.4090642e-02 -5.1006474e-02
 -3.7781048e-02 -2.9899941e-02 -3.0009810e-02 -2.5699431e-02 -1.5476162e-02
 -1.7994703e-02 -2.6662743e-02 -1.6231901e-02 -3.8020404e-03  4.6085933e-03
  1.3644301e-02  2.1063371e-02  2.2001177e-02  1.7919168e-02  1.7089268e-02
  1.6322543e-02  1.0082009e-02  9.0574848e-03  2.3141063e-02  2.2044340e-02
  1.5941142e-02  3.3105748e-02  5.1730430e-02  6.2817344e-02  6.7327840e-02
  7.4893074e-02  8.1322346e-02  8.4690995e-02  8.1808907e-02  6.8646263e-02
  5.1296841e-02  4.2456347e-02  3.9848931e-02  2.8793408e-02  1.5073769e-02
  1.1980773e-02  1.7843437e-02  2.6723563e-02  2.9319207e-02  1.3682951e-02
 -6.9489896e-03  3.2240534e-03  2.6278203e-02  2.9474201e-02  2.6707867e-02
  2.4612517e-02  2.5656268e-02  3.9691976e-03 -2.4677261e-02 -3.5738670e-02
 -3.1239945e-02 -2.4993133e-02 -3.1069256e-02 -3.6929566e-02 -4.3884638e-02
 -5.6307632e-02 -5.5675888e-02 -2.7834020e-02 -6.1096724e-03 -7.8187169e-03
 -2.9548754e-03  1.1635276e-02  2.4063174e-02  3.5332549e-02  4.0190308e-02
  3.6656857e-02  4.5803414e-02  5.1169315e-02  3.1914852e-02  2.8814989e-03
 -1.3003139e-02 -5.2980184e-03  5.1677457e-03  8.9046498e-03  1.5724151e-02
  2.4630175e-02  2.8701197e-02  2.2532862e-02  8.6943300e-03  3.5014715e-03
  6.8092996e-03  1.8939965e-02  2.9485972e-02  3.0939768e-02  2.8477536e-02
  2.7276830e-02  2.8350010e-02  2.5913282e-02  1.5598784e-02  4.4475181e-03
  1.6467138e-03  4.9179910e-03  5.0400235e-03 -5.5907397e-03 -1.4325682e-02
 -2.7592702e-02 -3.3195998e-02 -2.2285658e-02 -1.1057877e-02 -4.3806160e-03
  3.3641358e-04  3.8565823e-03  1.1436727e-03 -1.4895036e-02 -2.8915048e-02
 -2.5715127e-02 -1.9438689e-02 -1.5178929e-02 -1.6181872e-02 -1.9163429e-02
 -2.3866981e-02 -1.3240730e-02 -5.5687659e-03 -8.6947224e-03 -2.2399451e-02
 -3.9974495e-02 -4.2489700e-02 -4.7837944e-02 -5.2136551e-02 -4.6019227e-02
 -3.3798313e-02 -2.7243477e-02 -3.0510104e-02 -3.0464979e-02 -2.7198352e-02
 -3.2799686e-02 -4.2984108e-02 -5.1561703e-02 -4.6539141e-02 -3.5628801e-02
 -2.6647047e-02 -1.1386894e-02 -7.5689621e-03 -1.7309790e-02 -1.8971944e-02
 -1.1601923e-02 -7.8993526e-03 -1.5014518e-02 -1.9633118e-02 -1.1802629e-02
  1.9821464e-03  1.6217775e-02  1.9196194e-02  1.6646263e-02  1.3414361e-02
  9.2976261e-03  1.8236610e-02  2.6429272e-02  3.4169119e-02  3.4375123e-02
  2.7229743e-02  1.7936433e-02  5.0635668e-04 -1.8821071e-02 -3.1861880e-02
 -2.9601727e-02 -1.4938003e-02 -1.4336472e-03  2.6080047e-03  3.3095939e-03
  1.2274671e-02  2.7282715e-02  3.2764371e-02  2.8259761e-02  2.4086718e-02
  1.9059447e-02  1.2261134e-02 -3.4987247e-03 -9.4255444e-03 -3.5269767e-03
  1.2596822e-03  1.4240730e-02  2.1016284e-02  2.0360997e-02  9.7957622e-03
  6.3402001e-04 -9.6403767e-03 -2.5006867e-02 -3.3655091e-02 -3.8563861e-02
 -3.9177948e-02 -3.3733569e-02 -1.6524034e-02 -2.2183637e-03  1.2003139e-02
  2.3498136e-02  2.9921522e-02  2.7286639e-02  2.9068079e-02  4.0829900e-02
  3.9897979e-02  2.6386109e-02  3.2517167e-03 -2.9170100e-03  1.1584461e-04
 -6.6058466e-03 -8.4341770e-03 -9.7123798e-03 -8.4196586e-03 -1.6951736e-02
 -2.6140867e-02 -1.6941927e-02 -8.9405533e-03 -4.4139690e-03 -2.4310379e-03
  4.1602904e-03  1.1556994e-02  1.8367275e-02  1.1813027e-02 -5.2611340e-03
 -8.3502060e-03 -6.6686286e-03 -6.7824210e-03  1.3494408e-03  1.0922700e-02
  2.0206004e-02  1.3844614e-02 -7.7549539e-04 -1.4443202e-03 -3.1834412e-03
 -4.6639200e-03  5.8493231e-03  1.9359035e-02  1.4951148e-02  3.5352168e-03
 -7.4504611e-03 -8.4318226e-03 -5.2842849e-03 -3.9635079e-03  5.3896410e-03
  1.7532666e-02  2.5530704e-02  2.7355307e-02  2.7549539e-02  2.6625466e-02
  1.9507750e-02  1.1731018e-02  7.5899549e-03  9.6546988e-03  1.8015107e-02
  2.3494212e-02  2.8946439e-02  2.2026682e-02  7.6191878e-03 -4.8314695e-03
 -1.8412988e-02 -1.6677850e-02 -6.4632137e-03  4.2320973e-03  3.6550912e-03
 -7.4849912e-03 -1.9247204e-02 -2.4961742e-02 -2.4418285e-02 -2.0955464e-02
 -7.7592702e-03  1.0237395e-02  1.9459486e-02  1.5066902e-02  7.7082598e-03
 -7.6898175e-04  1.8216598e-03  9.8350010e-03  1.8585050e-02  2.8236217e-02
  3.0011772e-02  3.2224838e-02  3.2250343e-02  2.3872866e-02  9.1959976e-03
 -5.6240926e-04  5.9566412e-03  1.1065921e-02  8.4496763e-03  1.1418285e-02
  1.6680793e-02  1.9890131e-02  2.1039827e-02  2.2554444e-02  1.7070434e-02
  7.0767118e-03  2.4041593e-03  5.6613694e-03  7.3792427e-03  7.3262704e-03
  5.1159506e-03 -3.1942319e-03 -4.8499117e-03  7.9309398e-03  1.6370610e-02
  4.7015892e-03 -1.6845792e-03 -3.9770453e-03 -4.8985678e-03 -1.0118893e-02
 -1.7588189e-02 -2.5344320e-02 -3.2711399e-02 -3.2993918e-02 -2.6613694e-02
 -1.6322935e-02 -7.6621542e-03  1.0950952e-03  1.1950559e-02  1.4794389e-02
  2.9695900e-03 -4.2617226e-03 -1.1398077e-02 -1.2718854e-02 -1.2902884e-02
 -1.6614675e-02 -2.0782813e-02 -2.5907397e-02 -2.2275849e-02 -1.9733176e-02
 -3.1546007e-02 -3.4359427e-02 -2.3668825e-02 -2.2048264e-02 -2.2158132e-02
 -1.8547577e-02 -1.5634491e-02 -1.9130077e-02 -2.8816951e-02 -4.0186384e-02
 -5.1075142e-02 -5.3168531e-02 -4.6154601e-02 -3.6870708e-02 -2.6386109e-02
 -7.5968217e-03  7.4900922e-03  5.6864822e-03 -9.3525603e-03 -1.0246223e-02
  4.4196586e-03  1.5094173e-02  1.3665293e-02  6.7990975e-03  9.8106729e-03
  1.5843045e-02  2.0453208e-02  1.5935060e-02  1.6445556e-02  1.6059839e-02
  1.5993722e-02  2.5579753e-02  3.2866392e-02  3.3227389e-02  2.7098293e-02
  1.6473416e-02  6.6101628e-03 -5.1738277e-03 -1.8152246e-02 -1.8249362e-02
 -9.4969590e-03 -6.8495193e-03 -1.5976653e-02 -2.8883657e-02 -2.9177948e-02
 -2.4018050e-02 -2.4247597e-02 -2.7661369e-02 -1.9133412e-02 -4.8920934e-03
 -8.7376888e-03 -1.3419855e-02 -1.5122033e-02 -1.8159113e-02 -1.9660585e-02
 -2.1644104e-02 -1.6563861e-02 -9.7537767e-03 -1.0653522e-02 -8.7761428e-03
 -2.7834020e-03  4.0176574e-04 -3.6623504e-04 -6.6380224e-03  1.1521483e-03
  1.5008436e-02  1.9510693e-02  1.5326663e-02  1.4276241e-02  1.7002354e-02
  1.8401805e-02  2.6391995e-02  2.8330390e-02  4.2375907e-02  5.8028252e-02
  5.9819502e-02  5.9175986e-02  5.5257995e-02  5.3366686e-02  5.3231313e-02
  4.4853836e-02  4.2940946e-02  3.7537767e-02  2.2801648e-02  2.1581322e-02
  1.6479105e-02  1.1481656e-02  9.0423779e-03  9.8826761e-03  7.3949382e-03
  6.9005297e-04 -3.3513832e-03 -3.8430449e-03  1.7195801e-03  5.0822052e-03
  7.3590347e-03  1.0170885e-02  1.1111046e-02  1.2916029e-02  2.0200118e-02
  9.9344713e-03  2.7288601e-03 -4.4192662e-03 -9.2727094e-03 -1.3407887e-02
 -1.7828134e-02 -1.0873455e-02 -9.9639003e-03 -1.3449284e-02 -2.0596429e-02
 -2.1857956e-02 -2.6578379e-02 -2.6405729e-02 -2.3739455e-02 -2.2099274e-02
 -1.5061409e-02 -1.4004512e-02 -1.5728272e-02 -1.8657446e-02 -2.0792623e-02
 -2.2293506e-02 -2.4663528e-02 -2.9348636e-02 -3.3955268e-02 -3.3127330e-02
 -3.3092015e-02 -3.1818717e-02 -2.4745929e-02 -1.4097312e-02 -1.1176574e-02
 -1.8966647e-02 -1.0156759e-02  6.3152835e-03  1.5936237e-02  1.3777124e-02
  9.2581911e-03  1.3976457e-02  1.0338434e-02  7.3729645e-03  9.0559152e-03
  1.6407691e-02  2.5440455e-02  2.9752796e-02  2.9330979e-02  3.0545419e-02
  3.0211889e-02  3.0692564e-02  2.2540710e-02  7.5709241e-03  1.8312144e-03
 -5.4465372e-03 -4.3076319e-03 -7.0682755e-03 -1.4046302e-02 -2.5448303e-02
 -3.0417893e-02 -2.3394153e-02 -2.0041201e-02 -2.3651167e-02 -2.2870316e-02
 -1.2215028e-02  8.7912498e-04  2.8869923e-03 -1.3138513e-04  1.0539925e-02
  1.6924465e-02  1.5084756e-02  1.7016873e-02  1.6187561e-02  1.6557191e-02
  9.0308024e-03  6.1697077e-03  5.1290955e-03  4.6513635e-03  6.3349029e-03
  8.2260153e-03  1.5533843e-02  1.2056308e-02  8.7708456e-03 -2.1975672e-03
 -1.2029625e-02 -1.2540122e-02 -1.0880322e-02 -8.3970963e-03  2.4165195e-03
  6.8059643e-03  8.7936041e-03  4.5589562e-03  1.5328428e-03  3.7669217e-03
  2.3584461e-04  7.0572886e-04  2.8885619e-04  2.6886404e-04 -6.7284677e-03
 -9.7210124e-03 -1.7718462e-03  4.8546204e-03  1.2695507e-02  1.4497351e-02
  1.0428684e-02  9.4891112e-03  9.7941927e-03  1.3051403e-02  7.4494801e-03
 -1.0618599e-03 -2.2475966e-03 -2.0716108e-03 -7.3812046e-03 -1.3147930e-02
 -1.3981950e-02 -1.1136159e-02 -3.4659604e-03  7.0390426e-03  6.2475966e-03
  1.1363351e-03 -1.6328428e-03  7.0806357e-04  5.9945066e-03  4.6017265e-03
 -7.6025113e-04 -1.3092603e-02 -2.4581126e-02 -2.5958407e-02 -1.8694134e-02
 -1.7104375e-02 -1.7675692e-02 -2.2729056e-02 -3.2528939e-02 -3.6570532e-02
 -3.9890131e-02 -3.5095154e-02 -3.2446537e-02 -3.4987247e-02 -3.6417500e-02
 -3.2366098e-02 -2.5036296e-02 -2.6352757e-02 -2.6180106e-02 -2.5813223e-02
 -2.5854424e-02 -2.6356680e-02 -2.8187169e-02 -2.4169119e-02 -1.7081617e-02
 -7.3527565e-03  3.0337453e-03  4.4175005e-03  8.7531881e-03  1.6551697e-02
  1.6068864e-02  1.8273298e-02  1.9278988e-02  1.9354718e-02  1.8611144e-02
  1.8260545e-02  2.5440455e-02  3.1487149e-02  3.6835393e-02  3.6344909e-02
  3.8905238e-02  4.3578576e-02  4.1033942e-02  3.7547577e-02  3.8049833e-02
  4.0484599e-02  4.7402394e-02  4.3453012e-02  3.9637041e-02  3.6588189e-02
  2.7796743e-02  1.6990190e-02  6.9799882e-03  9.6419462e-04 -8.7675103e-04
 -8.7176771e-03 -1.2927997e-02 -6.5591524e-03  3.7735923e-04  1.3563076e-02
  1.2477732e-02  2.0459094e-02  2.4390818e-02  2.5976064e-02  3.0445360e-02
  2.6754954e-02  1.9797920e-02  1.4163037e-02  1.4945066e-02  1.3946439e-02
  1.4385717e-02  5.9460467e-03 -4.7096331e-03 -1.5572690e-02 -2.8222484e-02
 -3.2101236e-02 -3.0084363e-02 -3.0867177e-02 -3.0498332e-02 -3.0137336e-02
 -3.4753777e-02 -3.1614675e-02 -2.8681577e-02 -3.1071218e-02 -3.7586816e-02
 -4.3454974e-02 -4.2595644e-02 -4.1128115e-02 -3.1145772e-02 -2.1375319e-02
 -2.0237395e-02 -2.4775358e-02 -3.0225623e-02 -3.1677457e-02 -3.2313125e-02
 -3.0955464e-02 -2.9717481e-02 -3.0329606e-02 -2.4235825e-02 -2.1487149e-02
 -1.7842064e-02 -1.2715519e-02 -1.9453404e-02 -2.0257014e-02 -1.3740828e-02
 -2.2283696e-03  1.6354522e-02  2.9897979e-02  3.4718462e-02  3.3870904e-02
  2.9213263e-02  3.7694722e-02  3.9278007e-02  3.6335099e-02  3.7883068e-02
  3.6184030e-02  2.8169511e-02  1.6721601e-02  1.6967824e-02  1.4228958e-02
  1.3900922e-02  2.0245242e-02  2.4777320e-02  2.4934275e-02  2.5226604e-02
  2.4143614e-02  2.1885423e-02  1.6699627e-02  1.3179321e-02  1.2821267e-02
  1.3515401e-02  1.5550716e-02  1.4918972e-02  1.0838925e-02  5.6354718e-03
  2.4069060e-03  2.8185207e-03  7.2428880e-03  9.7741809e-03  4.8979792e-03
  3.7104179e-03  4.1549931e-03  2.5375711e-03  2.6515597e-03  5.9939180e-03
  1.3082009e-02  1.5871297e-02  2.5144202e-02  3.1294879e-02  3.4712576e-02
  3.2993918e-02  2.3839513e-02  2.0194232e-02  2.0857367e-02  2.9040612e-02
  2.3841475e-02  1.4804002e-02  4.3048852e-03 -4.6419462e-03 -7.5995684e-03
 -1.4601727e-02 -8.2264077e-03  1.6649402e-04  6.0488523e-03  4.5330587e-03
 -5.0553267e-04 -3.2574063e-04 -1.9465176e-03 -1.5502649e-03 -7.2171866e-03
 -6.5985874e-03  7.7117912e-05  8.1416520e-03  1.6112615e-02  2.2748676e-02
  1.2034923e-02 -1.0973710e-02 -1.6628801e-02 -1.2240926e-02 -1.0982343e-02
 -2.1669610e-02 -1.5973906e-02 -1.0982146e-02 -8.9897979e-03 -8.3460859e-03
 -1.7169315e-02 -1.7946047e-02 -1.8491269e-02 -1.9344516e-02 -1.9404159e-02
 -1.7951736e-02 -1.7715911e-02 -1.8474789e-02 -1.8045517e-02 -1.3253679e-02
 -1.3696684e-02 -1.6512262e-02 -1.4746910e-02 -1.4517363e-02 -1.3433392e-02
 -1.4102217e-02 -1.2253090e-02 -1.2468707e-02 -1.3146361e-02 -1.4514028e-02
 -2.6019227e-02 -3.3011575e-02 -3.7881107e-02 -4.0198156e-02 -3.7469099e-02
 -3.7249362e-02 -2.7123798e-02 -1.5877575e-02 -6.9015107e-03  5.6637238e-03
  9.3641358e-03  3.5595448e-03 -5.8599176e-04  3.0105945e-04  2.6845203e-03
  1.2499706e-03 -5.4714538e-03 -1.4438493e-02 -2.1349814e-02 -2.9456543e-02
 -3.3176378e-02 -2.5299196e-02 -1.6384148e-02 -9.7898764e-03 -1.9330587e-03
  2.6348833e-03  5.8142044e-03  1.3060232e-02  1.5644301e-02  1.0608005e-02
  5.8238179e-03  7.3133216e-03  7.1946243e-03  8.7565234e-03  1.9353345e-02
  2.6019227e-02  2.8412792e-02  2.4292721e-02  1.5272317e-02  8.4855798e-03
  1.4734354e-03 -5.2623112e-03 -6.4251521e-03 -1.0167353e-03  4.8183245e-03
  7.3227389e-03  1.4552286e-02  1.5532470e-02  1.5277026e-02  1.1958407e-02
  3.9352560e-03  3.6225231e-03 -3.2193447e-03 -9.7094369e-03 -1.8953502e-02
 -2.5675888e-02 -2.7584854e-02 -2.5709241e-02 -2.1726506e-02 -2.0594467e-02
 -1.8185207e-02 -1.6181283e-02 -9.4426133e-03 -2.6111438e-03 -6.6450853e-04
 -3.0225623e-03 -4.6021189e-03 -3.6988425e-03  6.8838532e-04  3.4041593e-03
  1.1418285e-03 -8.2687856e-03 -1.7659015e-02 -1.7067883e-02 -8.6174220e-03
 -9.1634295e-03 -4.3741417e-03  7.5775947e-04  6.8616833e-04  5.5713165e-03
  4.2915440e-03  1.2870904e-02  1.7278007e-02  1.7533647e-02  2.1051599e-02
  2.4355503e-02  2.4418285e-02  1.8342554e-02  1.5994310e-02  1.3982735e-02
  1.0475378e-02  5.3706102e-03  7.2246419e-03  6.8273494e-03  8.4237787e-05
 -4.0406121e-03  3.0376692e-03  3.0969198e-03  1.6440848e-03  5.3698254e-03
  4.6268393e-03  1.0126349e-02  1.5452031e-02  2.1122229e-02  2.2319011e-02
  2.1442025e-02  2.3766922e-02  2.1051599e-02  1.3483618e-02  9.7333726e-03
  1.7529331e-02  2.4736119e-02  2.8638415e-02  2.2089464e-02  1.9027271e-02
  2.4296645e-02  3.1963900e-02  3.7310182e-02  3.6360604e-02  3.6821660e-02
  2.7800667e-02  2.2044340e-02  1.1725525e-02  9.5040220e-03  1.5705709e-02
  8.4763586e-03  8.5277614e-03  6.9980381e-03 -2.7023739e-03 -1.2072199e-02
 -1.3238572e-02 -4.6174220e-03 -6.8089072e-03 -1.0215028e-02 -9.3974887e-03
 -1.0389837e-02 -1.0630763e-02 -1.4836374e-02 -1.4750245e-02 -9.2525015e-03
  1.1362174e-04  8.5599372e-03  7.7894840e-03  9.2109084e-03  1.3403178e-02
  6.6599961e-03 -3.1765745e-03 -1.1432019e-02 -1.6801648e-02 -1.3156366e-02
 -1.2045321e-02 -1.3714734e-02 -2.1173239e-02 -2.5828919e-02 -3.1598980e-02
 -4.4157347e-02 -4.3555032e-02 -4.0468903e-02 -3.3568766e-02 -2.3272513e-02
 -2.0319796e-02 -1.6559545e-02 -1.8920345e-02 -1.3361585e-02 -9.0555229e-03
 -1.1119090e-02 -9.6115362e-03 -6.2350402e-03 -4.3492250e-03 -3.9595841e-03
 -1.4387483e-04 -1.6876594e-03 -1.0686286e-02 -1.3931921e-02 -5.4204434e-03
 -2.4736119e-03  1.5824799e-03 -1.3954875e-03 -3.3482441e-03  3.4404552e-04
  1.1145576e-03  1.0602511e-02  1.3802040e-02  1.4527369e-02  1.2159506e-02
  4.7596625e-03 -5.2164018e-03 -1.7759466e-02 -2.1612713e-02 -1.9719443e-02
 -2.1132038e-02 -2.4127918e-02 -2.2411222e-02 -1.8160094e-02 -6.0451246e-03
 -8.5305081e-04 -2.8903276e-03 -1.6598980e-03  7.5544438e-03  1.5054934e-02
  6.2299392e-03  2.6811850e-03 -1.7729645e-03 -5.8542280e-03 -1.2854228e-02
 -2.4322150e-02 -1.4178144e-02 -3.6713753e-03  7.7841868e-04  8.5316853e-03
  1.0880322e-02  1.2077497e-02  1.3257014e-02  1.1394546e-02  8.1581322e-03
  4.9179910e-03  3.9011183e-03  2.0796547e-03  7.9244654e-03  1.4929763e-02
  1.3751030e-02  1.4861683e-02  1.5771042e-02  1.8098882e-02  1.1417697e-02
 -2.6962919e-03 -1.7368844e-03 -1.7243477e-04 -2.6902099e-03 -4.2548558e-03
 -4.2474004e-03  4.9132823e-03  1.1224250e-02  1.4442809e-02  2.0229547e-02
  2.2929174e-02  1.9295468e-02  1.6850304e-02  1.8499313e-02  1.4830685e-02
  1.4114185e-02  1.6697861e-02  1.7752011e-02  1.3487934e-02  8.1667648e-03
  7.4712576e-03  8.3992545e-03  1.2216206e-02  1.2467726e-02  1.1508338e-02
  5.0027467e-03  4.6837355e-03  4.1950167e-03  4.7747695e-03  2.5650383e-03
 -6.4745929e-03 -6.4424171e-03 -1.3157347e-02 -1.5628605e-02 -1.6542672e-02
 -1.5583677e-02 -1.4201099e-02 -1.1901511e-02 -7.9034726e-03 -8.6156563e-03
 -1.1672552e-02 -1.2700412e-02 -1.1858152e-02 -1.2498136e-02 -1.5563665e-02
 -2.2874240e-02 -2.9705709e-02 -3.5430645e-02 -3.7374926e-02 -3.5748479e-02
 -3.5285462e-02 -3.5595448e-02 -3.6099666e-02 -3.3504022e-02 -3.1540122e-02
 -3.5734746e-02 -3.4167157e-02 -3.5636649e-02 -3.0659211e-02 -2.8473612e-02
 -2.6968805e-02 -2.2876202e-02 -1.7329998e-02 -5.7247400e-03  5.8473612e-03
  1.6114970e-02  1.6502060e-02  1.7682951e-02  2.0207965e-02  3.1251717e-02
  3.8552089e-02  4.0415931e-02  3.8685501e-02  4.5199137e-02  4.9433000e-02
  4.2246419e-02  3.7196390e-02  3.7127722e-02  3.8844418e-02  3.1098686e-02
  2.1275260e-02  2.2375907e-02  2.1767706e-02  1.8494212e-02  1.6255837e-02
  8.5099078e-03  8.7941927e-03  5.7229743e-03  9.5783794e-03  1.5441436e-02
  1.6900922e-02  2.0680793e-02  1.8422405e-02  1.5805572e-02  1.5047675e-02
  1.0089661e-02  5.8053757e-03  4.8695311e-04 -1.1249559e-03  2.5809300e-03
 -2.8873847e-03 -6.9817540e-03 -5.2446537e-03  2.0417893e-03  3.2052188e-03
  5.1889347e-05  6.6894252e-03  1.3329802e-02  1.0504807e-02  4.7216009e-03
  2.6390033e-03  2.0415931e-03  3.4702766e-03  2.9750834e-03  3.8930744e-03
  2.3551108e-03 -2.5405140e-03 -1.2131450e-02 -1.9958799e-02 -2.1014322e-02
 -2.3623700e-02 -2.0325682e-02 -2.1132038e-02 -1.6660388e-02 -1.4884834e-02
 -2.1928585e-02 -2.1165391e-02 -1.5978615e-02 -1.1298018e-02 -1.2218364e-02
 -1.5534236e-02 -1.5559545e-02 -1.7621542e-02 -1.4612517e-02 -1.4495389e-02
 -1.2730822e-02 -5.3417697e-03 -3.5318815e-03  4.5277614e-03  6.6023151e-03
  6.2332745e-03  1.0111242e-02  1.0908966e-02  7.3027271e-03  2.1153620e-03
 -6.1328232e-03 -3.3025309e-03  2.9303512e-03  9.3645282e-03  1.5404944e-02
  1.6425544e-02  1.5074554e-02  7.2515205e-03  6.2552482e-03  8.6776535e-03
  6.4245635e-03  9.2371984e-03  9.6421424e-03  6.7316068e-03  1.2403178e-02
  1.4578968e-02  1.2828919e-02  8.1569551e-03  5.8481460e-03  6.6174220e-03
  3.0790661e-03 -4.2946831e-03 -1.4701589e-02 -2.3278399e-02 -2.8077300e-02
 -2.5071611e-02 -1.3507357e-02 -9.5181479e-03 -8.2071807e-03 -4.4280950e-03
 -1.8874240e-03  2.1200706e-03  2.5175593e-03  1.6947420e-03  4.2807534e-03
  4.3539337e-03  2.5059839e-03  2.0141260e-03  3.2236610e-03  1.8307043e-03
 -2.6625466e-03 -6.9601727e-03 -5.1940357e-03 -8.8495193e-04 -1.8965274e-03
 -9.5091230e-03 -1.5955464e-02 -1.1365902e-02 -1.3105356e-02 -1.5472239e-02
 -1.1752011e-02 -5.4826368e-03 -4.3143025e-03 -8.2142437e-03 -5.4104375e-03
 -4.4675299e-03 -1.7539729e-03 -1.3730037e-03 -3.4508534e-03 -3.1420443e-03
 -8.0604277e-03 -4.1893271e-03 -6.8532470e-03 -1.4179517e-02 -8.3633510e-03
 -2.8838532e-03 -2.6768687e-03 -1.2585246e-03  4.0137336e-03  7.4131842e-03
  5.0621934e-03  3.5152050e-04  1.2201099e-03  6.9945066e-03  1.5849912e-02
  2.2089464e-02  2.2852658e-02  2.3698254e-02  2.4443790e-02  2.9064155e-02
  2.8102806e-02  2.7671179e-02  2.1801059e-02  1.7548166e-02  1.4497155e-02
  2.7106141e-03 -4.6058466e-04 -2.9464391e-03 -3.7398470e-03 -3.3519717e-03
  4.0068668e-03  1.1900530e-02  1.6389249e-02  1.5436335e-02  9.3762998e-03
  7.4979400e-03  4.4949971e-03  5.7545615e-04 -3.5424760e-03 -1.2181479e-02
 -1.8226408e-02 -1.5313518e-02 -9.2501471e-03  1.2380224e-03  1.4152050e-02
  9.3937610e-03  8.9311360e-03  1.0082598e-02  7.1699039e-03  7.3955268e-03
  3.6652933e-03  4.6303708e-03 -3.1436139e-04 -7.1106533e-03 -1.2590543e-02
 -1.2948205e-02 -1.2821856e-02 -1.3362959e-02 -1.0344909e-02 -2.6855013e-03
 -2.1157544e-04 -1.9911713e-03 -3.3258780e-03 -3.0345301e-03 -7.2277810e-03
 -1.2813027e-02 -1.2738081e-02 -1.2636060e-02 -1.7962527e-02 -2.1981558e-02
 -2.3166569e-02 -2.1975672e-02 -2.5493428e-02 -3.4014126e-02 -3.3800275e-02
 -3.4388856e-02 -2.7098293e-02 -2.0476751e-02 -1.8006082e-02 -1.7366294e-02
 -1.7829900e-02 -1.5143222e-02 -1.0674122e-02 -3.9774377e-03 -4.5222680e-03
 -9.7319992e-04  2.7231705e-03  4.6101628e-03  1.0431626e-02  1.8408279e-02
  2.6211497e-02  2.7208162e-02  2.8385325e-02  2.8763979e-02  3.2266039e-02
  2.6488130e-02  2.6572494e-02  2.8960173e-02  2.8693349e-02  3.0054934e-02
  2.5544438e-02  3.6284089e-02  3.7837944e-02  3.2662350e-02  3.1477340e-02
  3.1039827e-02  2.8375515e-02  2.1447911e-02  1.5575829e-02  1.1305081e-02
  9.8530508e-03  7.5301158e-03  5.1593094e-03  3.2269963e-03  3.0890720e-03
  2.7877183e-04  3.6307632e-03  8.1730430e-03  8.0376692e-03  3.9256425e-03
 -6.1987444e-03 -6.6346871e-03 -4.3474593e-03 -4.4679223e-03 -7.1826565e-03
 -1.5491662e-02 -1.6610555e-02 -1.5044928e-02 -1.5096724e-02 -1.6014322e-02
 -2.1285070e-02 -2.4730233e-02 -2.5458113e-02 -2.7259172e-02 -3.1661762e-02
 -3.5870120e-02 -4.0359035e-02 -4.1347852e-02 -4.0602315e-02 -3.8520698e-02
 -3.7832058e-02 -3.2379831e-02 -2.5377673e-02 -2.1487149e-02 -2.0202080e-02
 -2.6242888e-02 -2.7688837e-02 -3.2762409e-02 -3.5713165e-02 -3.6293898e-02
 -3.3976849e-02 -2.1035903e-02 -1.6277614e-02 -1.2916618e-02 -9.1198744e-03
 -9.7331764e-03 -8.4977438e-03 -5.2336669e-03 -1.4371591e-03 -4.9068079e-04
  6.0610163e-04  1.4742790e-03 -9.3725721e-04 -3.7996861e-03 -8.1381205e-03
 -7.4477143e-03 -4.4457524e-03 -1.5492054e-03  7.0947616e-03  1.3256033e-02
  1.3110261e-02  1.5808122e-02  1.4643320e-02  1.3057485e-02  1.4246027e-02
  9.6658819e-03  1.6932509e-02  1.9071022e-02  1.5692760e-02  1.6925839e-02
  1.6686090e-02  1.8358054e-02  1.5277222e-02  1.6528154e-02  1.5764960e-02
  1.5656857e-02  1.6588778e-02  1.4742594e-02  1.3687463e-02  1.0588778e-02
  9.4302531e-03  1.3482244e-02  1.5387483e-02  1.5507161e-02  2.0102021e-02
  1.5996076e-02  1.6451834e-02  1.5049637e-02  1.3383559e-02  7.1088876e-03
 -3.2509319e-03 -4.0551305e-03 -7.6968805e-03 -8.8438297e-03 -8.8063567e-03
 -9.2889935e-03 -9.5824995e-03 -8.8903276e-03 -1.2424171e-02 -1.3241122e-02
 -7.5259957e-03 -6.1006474e-03 -5.6641161e-03 -1.1859133e-02 -1.5345694e-02
 -1.6154208e-02 -1.8161860e-02 -1.7948401e-02 -1.1521679e-02 -5.6811850e-03
 -7.2656465e-03 -3.7310182e-03 -3.5840691e-03 -1.0957426e-03 -3.9009221e-03
 -9.5501275e-03 -1.0242299e-02 -9.9095546e-03 -1.1115951e-02 -7.6032961e-03
 -1.8599568e-03  3.3148911e-03  1.0266431e-02  1.5931136e-02  2.6342947e-02
  3.0869139e-02  3.1457720e-02  3.4551697e-02  3.4632137e-02  3.0476751e-02
  3.0005886e-02  2.2727094e-02  1.8963704e-02  1.9493035e-02  1.9741024e-02
  2.0056896e-02  2.0215813e-02  1.5754365e-02  8.8385325e-03  1.2008633e-02
  1.0025505e-02  1.2717677e-02  1.6986070e-02  1.9417304e-02  2.1693153e-02
  2.1759859e-02  2.1795174e-02  2.1975672e-02  2.2617226e-02  2.4551697e-02
  2.8765941e-02  3.1479302e-02  3.2742790e-02  3.1995291e-02  3.2681970e-02
  3.1057485e-02  3.8738474e-02  4.2193447e-02  4.2485776e-02  3.7720228e-02
  2.8636453e-02  3.0425741e-02  3.1826565e-02  4.1400824e-02  3.4696881e-02
  2.3062586e-02  2.0294291e-02  1.9742986e-02  1.7502649e-02  1.0672945e-02
  8.3970963e-03  1.8108888e-03 -1.6432804e-03 -7.9474201e-03 -1.4597018e-02
 -2.0502256e-02 -2.5789680e-02 -3.2921326e-02 -3.4959780e-02 -3.4632137e-02
 -3.6723563e-02 -3.5901511e-02 -4.1691191e-02 -4.5923092e-02 -4.6927604e-02
 -4.8471650e-02 -4.7645674e-02 -5.1351776e-02 -5.7818325e-02 -5.9052384e-02
 -5.6643123e-02 -4.7045321e-02 -4.0115754e-02 -3.7643712e-02 -3.7035511e-02
 -3.6637238e-02 -3.6829508e-02 -3.6576418e-02 -3.3660977e-02 -3.6429272e-02
 -3.8424563e-02 -3.7247400e-02 -3.8785560e-02 -3.6321366e-02 -2.9091623e-02
 -2.0447322e-02 -1.6401020e-02 -1.4420051e-02 -5.5856386e-03  1.1145576e-03
  3.2334707e-03  7.4324112e-03  6.1961938e-03  9.4690995e-03  1.6737100e-02
  8.1699039e-03  1.3742594e-02  1.5268982e-02  1.1690995e-02  1.4573082e-02
  1.3135374e-02  1.3939965e-02  1.3148519e-02  1.4169708e-02  1.4234844e-02
  1.3996272e-02  1.3291936e-02  1.4634491e-02  2.0765156e-02  2.2613302e-02
  2.9011183e-02  3.4412399e-02  3.0506180e-02  3.0457132e-02  2.9521287e-02
  2.3254856e-02  2.0531685e-02  1.4679615e-02  7.8932706e-03  1.6492054e-03
 -6.8145968e-03 -3.0765156e-03 -3.2911517e-03 -8.3672749e-03 -6.1194820e-03
 -7.2126741e-03 -8.6044732e-03 -9.3941534e-03 -1.2063959e-02 -1.5913675e-02
 -1.9230135e-02 -2.0565038e-02 -1.9660585e-02 -2.1116343e-02 -2.1699039e-02
 -2.0474789e-02 -1.7172454e-02 -9.7396508e-03 -7.4953894e-03 -5.0282519e-03
 -6.9350598e-03 -6.5962331e-03 -7.3937610e-03 -7.4428095e-03 -6.3582500e-03
 -1.5463998e-02 -1.2098097e-02 -7.2770257e-03 -1.0722386e-02 -1.4029429e-02
 -1.5451638e-02 -1.7011968e-02 -2.0563076e-02 -2.5613106e-02 -2.7076712e-02
 -2.4326074e-02 -2.5154012e-02 -2.5699431e-02 -2.5265843e-02 -1.7994310e-02
 -1.4623896e-02 -1.0230724e-02 -6.1718658e-03 -2.9154405e-03 -8.9330979e-05
 -6.1634295e-03 -6.3033157e-03 -1.1914263e-02 -1.4804591e-02 -1.0221699e-02
 -9.4983324e-03 -8.6519521e-03 -4.0537571e-03  3.4946047e-04  3.2164018e-03
  8.4074946e-03  4.1687267e-03  6.5644497e-03  1.3234648e-02  1.1656661e-02
  1.6833431e-02  2.3886600e-02  2.5807338e-02  2.6870708e-02  2.8163626e-02
  3.1055523e-02  3.4322150e-02  3.1438101e-02  3.0051010e-02  3.0225623e-02
  2.7832058e-02  3.1940357e-02  2.8134197e-02  2.7998823e-02  2.6484206e-02
  1.8032568e-02  1.6659015e-02  1.6711399e-02  2.0345301e-02  2.6407691e-02
  2.6219345e-02  1.9064744e-02  1.4290367e-02  1.0180695e-02  6.2366098e-03
  2.6413577e-03  4.0574848e-03  5.6511674e-03  9.9717481e-03  1.1773396e-02
  1.0509123e-02  1.4475966e-02  1.6452619e-02  1.7570335e-02  1.7031783e-02
  1.2086914e-02  9.8777712e-03  1.5225819e-02  1.4727879e-02  5.8100844e-03
 -4.4928389e-03 -4.2503433e-03 -2.0027467e-03 -3.7106141e-03 -2.5534628e-03
 -1.9248774e-03 -1.3620365e-03 -2.9089661e-04 -1.5301746e-03 -9.7779086e-03
 -1.3999608e-02 -1.5289386e-02 -1.1709241e-02 -8.3662939e-03 -6.0812242e-03
 -7.3396115e-03 -3.7369041e-03 -2.3315676e-03  7.6690210e-04  6.4298607e-03
  3.8599176e-03  7.8944477e-03  5.7159113e-03  6.6221307e-03 -1.0204042e-03
 -1.0384932e-02 -1.5952521e-02 -2.1836374e-02 -2.0988817e-02 -2.1169315e-02
 -1.7124583e-02 -1.4185796e-02 -1.4667451e-02 -1.1730626e-02 -5.1563665e-03
 -3.8087110e-03 -3.8314695e-03 -3.5740632e-03 -3.5358054e-03 -3.8695311e-03
 -4.7380812e-03 -8.9126937e-03 -1.5238964e-02 -1.4431626e-02 -1.7158721e-02
 -2.5575829e-02 -2.5634687e-02 -2.6309594e-02 -2.5077497e-02 -2.3925839e-02
 -2.5797528e-02 -1.8288013e-02 -1.3555425e-02 -1.5006082e-02 -1.1526584e-02
 -4.9741024e-03 -4.9892093e-03 -4.3033157e-03 -4.4343732e-03 -3.8856190e-03
 -9.5106926e-03 -1.3596037e-02 -8.4373161e-03 -8.2617226e-03 -4.4245635e-03
 -4.1997253e-03  2.1126153e-03  8.4469296e-03  1.5163233e-02  2.0125564e-02
  1.8786737e-02  1.8278791e-02  2.0492447e-02  2.8416716e-02  2.7904650e-02
  2.4282912e-02  2.6227192e-02  2.8954287e-02  2.7649598e-02  2.7633902e-02
  2.6656857e-02  2.8730626e-02  2.7669217e-02  2.1524426e-02  2.2330783e-02
  2.0680793e-02  2.4798901e-02  2.5360016e-02  2.2040416e-02  2.1916814e-02
  2.1912890e-02  1.5306455e-02  8.9393761e-03  1.1722974e-02  4.2479890e-03
 -6.4412399e-04 -3.4341770e-03 -9.1659800e-03 -9.8871885e-03 -9.6650971e-03
 -1.0748283e-02 -1.0321169e-02 -1.0723170e-02 -1.0706298e-02 -3.8228370e-03
 -6.7743771e-03 -1.1754169e-02 -1.1063763e-02 -1.2347655e-02 -1.2368060e-02
 -1.2381597e-02 -1.9876398e-02 -2.1926624e-02 -2.1540122e-02 -2.1971748e-02
 -2.2422994e-02 -1.3982146e-02 -1.0875809e-02 -1.0870708e-02 -1.6574063e-03
 -1.0044144e-03  4.2964489e-06 -9.3268589e-03 -9.8646263e-03 -6.7096331e-04
 -6.0435550e-03 -1.4625074e-03  3.0684716e-03  2.3007652e-03  1.5338042e-03
 -7.9228958e-04 -5.2024720e-04 -2.0417893e-03  6.4714538e-03  1.0701982e-02
  1.0638022e-02  4.5628801e-03  1.9487934e-03  2.0920149e-03  7.5356092e-03
  0.0000000e+00  0.0000000e+00  0.0000000e+00  0.0000000e+00  0.0000000e+00
