Scaled from
PEER NGA STRONG MOTION DATABASE RECORD
ACCELERATION TIME SERIES IN UNITS OF G
NPTS= 3999.000000, DT= 0.020000, Scalar= 1.000000
  7.0723079e-03  1.5434555e-02  1.5874346e-02  6.5841234e-03  4.5447856e-04
 -1.1017405e-02 -9.7113344e-03  9.9555681e-04  3.2208858e-03  1.7904344e-03
 -9.9646243e-03 -1.4543088e-02 -9.5698316e-03 -5.2299420e-03  1.8332531e-03
 -1.0468940e-02 -2.4458186e-02 -1.5141078e-02 -2.4510259e-03  1.1984718e-03
  6.4995047e-03  2.0529786e-03 -1.0333097e-02 -1.4073298e-02 -1.0542239e-02
  1.5134003e-03  1.3521438e-02  1.5785765e-02  6.2728173e-03  6.7958115e-04
  5.4710627e-03 -9.2715438e-03 -2.4955427e-02 -1.1726900e-03  2.7853969e-03
  9.7656714e-04  2.4494128e-03  9.5118155e-03  1.7071742e-02 -1.2736097e-02
 -1.3328145e-02  1.8609028e-02  1.6026320e-02  2.9650488e-04  5.1456063e-03
  1.8553559e-02  1.0662799e-02 -1.1919343e-02 -9.0355172e-03  1.2168105e-02
  1.2180841e-02  3.2653177e-03  1.7621339e-02  7.5780388e-03 -1.2560068e-02
 -1.9336918e-03  7.0960804e-04  4.2142352e-04  1.3748408e-02 -1.1788878e-03
  4.3775294e-03  1.0262912e-02 -1.4395359e-02 -6.5937456e-03 -2.2350927e-03
 -1.2503184e-03  9.2653177e-04  2.3829914e-02  3.8001981e-02  3.9261356e-04
  1.2463846e-02  2.1473044e-02 -1.8619499e-02 -2.2974388e-02 -1.3761709e-02
  1.6688552e-02  1.8052356e-02  1.0656290e-03  2.9990095e-02  2.7532758e-02
 -3.7036932e-03  4.5227112e-03  8.2224423e-03  9.3858780e-04  9.3663506e-05
  9.0607047e-03  7.2873921e-03  3.7025612e-05 -4.2473468e-03 -1.9064384e-02
 -1.8341305e-02 -2.6978916e-02  4.0849017e-02  7.8887788e-02  9.0052356e-03
 -2.9613697e-02 -8.9200509e-03  1.8278194e-02 -6.5529928e-03 -2.5170511e-02
  3.3946512e-02  2.2754776e-02 -5.7617094e-02 -3.2440923e-02  4.9919343e-02
  1.2355172e-02 -3.7421820e-02  3.0380642e-02  6.6990236e-02  2.1023631e-02
 -1.9025329e-02  3.7990661e-02  3.5828499e-02 -1.3533890e-02 -9.1246639e-03
 -4.6081789e-03  2.7881704e-03 -1.3370030e-02 -1.5648224e-02  2.7707089e-02
  2.2271685e-02 -3.3332390e-02 -4.3195132e-02 -1.6869676e-02  3.1045705e-02
  3.6952031e-02 -9.8536861e-03 -6.6577048e-02 -6.8504316e-02 -3.5285128e-02
  1.7690675e-02 -1.0717419e-02 -2.8213952e-02  2.5323900e-02  6.2674402e-03
 -2.6945804e-02 -1.5442762e-02  3.5559643e-02 -8.5696901e-03 -3.0779680e-02
 -5.4897410e-03  9.2922032e-03 -3.8318947e-02 -1.0434130e-01 -4.7621339e-02
  8.0124522e-03 -1.6525541e-02 -1.9501061e-02  1.6210556e-02  1.9973397e-02
  2.2180841e-02  5.7741616e-02  1.8050375e-02 -6.0350927e-02 -5.5870949e-02
 -8.6857224e-04  6.1214094e-02  7.6417150e-02  4.6792132e-02 -3.4288949e-02
 -5.6567143e-02 -5.5791708e-03  7.1962643e-02  7.1914532e-02 -2.1503608e-02
 -8.3418707e-02 -3.8548182e-02  3.1447573e-02 -1.4720249e-03 -6.0297156e-02
 -6.7329843e-02 -3.9946229e-02  4.7154380e-03  9.3332390e-02  2.3018537e-02
 -9.5327579e-02 -6.6789302e-02  2.0001698e-02  6.1655582e-02 -9.3921041e-03
 -3.3550304e-02 -7.9235885e-03  9.0273100e-03  1.9907740e-02  3.0117447e-03
  2.4164143e-02 -4.4782793e-02 -8.3268714e-02 -2.5062403e-02  8.6882694e-03
 -1.7429744e-03 -2.0406962e-02  3.7410500e-02  6.6744022e-03 -3.0408943e-02
 -2.8702420e-02  1.7416726e-02  6.4966747e-02  5.2517334e-02  7.1951323e-02
  3.1908872e-02 -3.8202915e-02 -7.0329701e-02 -4.0987689e-02  5.8967030e-02
  4.6129900e-02  4.2114051e-03  5.2169237e-03 -2.4240838e-02 -3.4552144e-02
  3.4271968e-02  6.6956276e-02 -1.5776709e-02 -4.7448705e-02 -2.7228810e-02
 -3.8984010e-02 -1.1045139e-01 -1.0700439e-01  1.3529362e-04  5.1147587e-02
  1.0329135e-02  2.6925145e-02  6.2074430e-02  5.9363238e-02  4.0158483e-02
  3.0219329e-02  4.0665063e-02 -4.2445168e-02 -7.7837838e-02 -3.7348238e-02
 -1.3362389e-02  3.1167398e-02  4.2708363e-02 -2.1510400e-02 -9.4393661e-02
 -3.6318098e-02  9.2704118e-02  3.0759870e-02 -5.2602236e-02 -4.4881845e-02
  8.5937456e-03 -1.3651620e-02 -5.2947502e-02  1.1930381e-02  2.8705250e-02
  2.0871940e-02 -3.3046554e-02  8.3659261e-03  5.5296448e-02 -4.2747984e-02
 -6.6090279e-02 -3.7107684e-02 -7.7634074e-02 -3.3437102e-02  9.7990661e-02
  7.6609594e-02 -1.8138390e-02 -3.2851281e-02 -2.4109806e-02  3.7693505e-02
  7.2554125e-02  2.2370454e-02 -7.1586246e-02 -9.7914249e-02 -2.2512240e-02
  2.4659686e-02  2.8855243e-02  7.6335079e-03  1.5262488e-02  2.8617518e-02
  2.4278477e-02  1.3958398e-02  3.2902222e-02  3.3306919e-02 -1.3467384e-03
 -1.1997170e-02 -1.9808122e-02  3.1897552e-03 -1.5195415e-02 -2.4517617e-02
 -4.5045988e-03  3.2438093e-02 -2.0152257e-02 -8.8662799e-02  6.5096929e-03
  1.5315693e-01  1.4158200e-01 -2.0898826e-02 -4.6673270e-02 -9.2228668e-02
 -1.1101174e-01  2.9537286e-02  1.7876327e-02 -5.7585963e-02 -5.9810386e-02
 -3.1948493e-02  2.3844913e-02  5.0694779e-02 -3.0776850e-02 -7.4931371e-02
 -3.9929249e-02 -2.3629546e-02  2.7435121e-02  6.2102731e-02 -2.3886798e-02
 -7.1306070e-02 -2.6795812e-03  5.2228668e-02  1.5996887e-02 -1.7019103e-02
 -3.8341588e-03 -2.1157210e-02  6.1304655e-02  1.1301825e-01  1.0987123e-01
  8.0667893e-03 -6.1160323e-02 -5.2672987e-02 -7.7985001e-02 -2.8202349e-02
 -8.9375973e-03  4.1831046e-02  2.1143908e-03 -9.8219895e-02 -8.1992359e-02
  7.5522853e-03  4.7377954e-02  2.7008349e-02 -1.7680204e-02  3.0536295e-03
 -7.6103014e-03 -5.2429602e-02 -1.3019669e-02 -2.0427904e-02 -5.9114193e-02
 -8.2569690e-02 -2.5621339e-02  4.4579029e-02  4.7335503e-02 -2.8971275e-02
 -2.2027735e-02  4.2046130e-02  1.2429036e-02 -5.4441772e-02 -6.3152681e-02
 -6.4044149e-02  2.1552285e-02  1.0144050e-01  3.7169945e-02 -2.5985001e-02
  4.7785482e-02  1.3364936e-01  4.0367907e-02 -1.3904061e-02  4.6333664e-02
  9.9261356e-02  1.4118296e-02 -1.1300127e-01 -7.7568983e-02  2.9944814e-02
  4.0781095e-02  3.9651903e-02  3.0077827e-02 -1.2167539e-03 -7.1272110e-02
 -7.2282440e-03  1.5730579e-01  1.6179709e-01 -8.5645960e-04 -1.1235036e-01
 -2.7353898e-02  8.6687420e-02  8.6002547e-02  3.8276496e-02  2.7992076e-02
 -5.4028584e-02 -9.8576482e-03  8.8399604e-02  3.3530494e-02 -3.4311589e-02
  4.5368615e-02  5.5021933e-02  1.0305646e-03 -1.9608037e-02 -5.3343710e-02
  4.4904486e-03  7.9456629e-03  3.0394793e-02  1.1247205e-03 -8.6163860e-02
  5.5112495e-03  7.5729447e-02 -4.6325173e-02  1.1264469e-02  6.7253431e-02
 -2.7900099e-02 -2.8328852e-02  2.5874629e-03  7.4586104e-02 -8.9101457e-02
 -1.7324466e-01 -4.5280883e-02  8.9910853e-02  1.2795246e-01  9.5375690e-02
  6.6848734e-02 -5.4659686e-02 -3.9306636e-02  1.0434696e-01  2.1134852e-01
  5.6006792e-02 -1.1700014e-01 -2.0466676e-02  4.7324183e-02  3.5902080e-02
  2.1274374e-02  6.9449554e-03  2.6031131e-02 -2.3914249e-02  1.5146738e-02
 -7.6521862e-02 -8.2026320e-02  3.7424650e-02  3.9125513e-02  1.0697609e-01
  5.0904203e-02 -1.3356728e-02 -8.3523419e-02 -6.3752653e-02 -2.6935050e-03
 -2.1828216e-02 -2.1730013e-02 -5.8500071e-02 -5.7676525e-02 -1.2404981e-02
  5.2406962e-02  8.5037498e-02  1.5249186e-03  4.5456346e-02  1.3021367e-01
  9.8050092e-02  8.2578180e-02  5.8570822e-02  1.0432715e-01  4.2314985e-02
 -9.7051082e-04  1.2423659e-01  8.7086458e-02 -2.4153389e-03 -5.4515353e-02
  2.0802038e-02  4.1208434e-03 -1.4199236e-02  5.6049243e-02  2.0149427e-02
 -6.2900807e-02 -1.0480260e-01 -5.5893590e-02  6.9027876e-02  1.6852979e-01
  4.9282581e-02 -9.8443470e-02 -1.0942691e-01  3.4738927e-02  7.0134428e-02
  3.9309467e-02  7.9066082e-04 -8.7774162e-03 -1.3472761e-02  1.8030565e-03
 -1.1933777e-02  4.9789161e-02  8.4726192e-02  7.0731569e-02 -8.2445168e-04
 -1.3590208e-02  5.2839960e-02  1.3241545e-02 -6.7375124e-02 -1.1769067e-01
  3.2936182e-02  1.3724353e-01  1.1853120e-01 -5.7186925e-02 -1.6035942e-01
 -1.8219329e-01 -1.7044573e-01 -9.2426772e-02 -1.7871799e-02  8.9158059e-03
  2.1290505e-02  4.8894863e-02  4.0475449e-02  5.5104005e-02  1.0743455e-01
  1.5233055e-01  1.6071883e-01  1.1979907e-01  7.6292628e-02  3.7546342e-02
  1.1150417e-02 -5.0708929e-02 -3.8075562e-02 -2.7471629e-02 -2.7234753e-02
 -3.4928541e-02 -1.6710344e-01 -1.9158059e-01 -1.6088015e-01 -4.9327862e-03
  2.1454648e-01  9.4328569e-02 -1.2851564e-01 -1.3692090e-02  1.8705816e-01
  3.4424791e-01  1.9205887e-01 -1.1681053e-01 -2.4693647e-01 -3.2743739e-01
 -3.5585114e-01 -3.0805151e-01 -8.2940427e-02 -9.6694496e-03 -1.1107967e-01
 -8.1432008e-02  4.3410216e-02 -4.9118438e-02 -1.4703552e-01  8.1859346e-04
  2.0857224e-01  1.5660676e-01  9.5013443e-02  1.7522287e-01 -2.9922173e-02
 -2.7388425e-01 -3.3606905e-01 -2.3471629e-01 -1.4870242e-01 -7.5474742e-02
 -1.5468799e-02  2.0596010e-02  9.7257677e-02 -4.6107259e-02 -1.8908731e-02
  1.2509410e-01  2.6173199e-02 -5.7894439e-02 -5.9272676e-02  6.3104571e-03
 -1.3480968e-01 -1.8065091e-01 -1.3718693e-02  1.2804585e-01  2.0012169e-01
  1.0793264e-01 -6.5801613e-02 -9.8437810e-02  3.8534031e-03  7.4699307e-02
  2.5034951e-01  2.9225980e-01  1.8313853e-01  1.3015424e-01  3.4580444e-02
 -4.8091128e-02 -5.8474600e-02 -1.5709919e-01 -1.8525541e-01 -5.2415452e-02
  3.9312297e-02  6.7737371e-02 -5.6369039e-02 -1.4154521e-01 -1.7640300e-02
 -1.5477006e-02 -1.3853686e-01  1.6685439e-02  2.6691948e-01  3.2548465e-01
  3.1574926e-01  2.4775718e-01  1.5826801e-01  1.9548323e-01  7.5769067e-02
  2.2222725e-02  1.8854960e-01  1.3998019e-01  4.7007217e-02 -3.0009905e-02
  1.3685015e-02  5.0338192e-02  1.1288524e-02  6.9777841e-03 -1.8412056e-01
 -2.8413754e-01 -1.0933352e-01  3.5978492e-02  5.3949342e-02 -3.1625867e-02
 -9.5075704e-02  8.2804585e-02  8.9783501e-02  2.5120419e-02  1.0660252e-01
  1.4348097e-01  1.2219329e-01  2.7315693e-02  1.0288383e-01  7.6417150e-03
 -2.3672280e-01 -4.1284845e-01 -4.7191170e-01 -4.1567851e-01 -4.0942408e-01
 -2.7044007e-01 -6.9268431e-02  1.5104854e-01  3.8831187e-01  3.1317391e-01
  6.6588368e-02  3.5788878e-02  1.6155370e-01  2.1374558e-01  2.0251309e-01
  3.2865431e-01  2.1246356e-01 -1.2581293e-02 -7.7266167e-03  3.3060705e-02
  1.3466252e-01  4.7587378e-02 -1.1060705e-01 -1.5811235e-01 -2.0896561e-01
 -1.5548040e-01 -1.0947502e-01 -1.4758738e-01 -2.2741757e-01 -2.7299844e-01
 -1.8676949e-01 -1.1964341e-01 -4.9412764e-02 -8.1199943e-02 -1.8066506e-01
 -1.5628697e-01 -2.4146597e-01 -2.7780954e-01 -2.1212113e-01 -9.8766096e-02
  3.8961370e-02  1.3832178e-01  2.4746003e-01  2.3962643e-01  1.8730154e-01
  2.5103722e-01  2.8253573e-01  2.3026178e-01  1.4312155e-01  6.8150559e-02
  6.2900807e-03  9.5613414e-03  6.9112778e-02  7.6422810e-02  1.1954436e-01
  1.4189614e-01 -8.6016697e-02 -2.9242960e-01 -3.4690816e-01 -3.2842790e-01
 -8.2331965e-02  8.3687562e-02  1.0057733e-01 -7.8120843e-02 -1.8983161e-01
 -5.7704825e-02  3.7622754e-02  3.8081223e-02  4.4907316e-02  2.7418707e-01
  4.2699873e-01  4.1395217e-01  3.2336211e-01  1.7173058e-01 -9.9235885e-02
 -3.5044573e-01 -3.5053064e-01 -4.3996038e-01 -3.5941701e-01 -1.0158766e-01
 -4.5345974e-03 -1.1108250e-01 -2.7548889e-01 -1.6955710e-01 -1.7948493e-01
 -2.9458044e-01 -2.0619216e-01  1.6883543e-02  1.7314561e-01  1.0977218e-01
  5.4218197e-02 -1.1326730e-02 -2.0740059e-01 -3.3074855e-01 -4.5241262e-01
 -5.2845620e-01 -3.1504174e-01  3.7580303e-02  2.8719400e-01  2.5020801e-01
 -4.2985708e-02 -4.3868685e-01 -6.9407103e-01 -7.5930381e-01 -4.9975945e-01
  1.0820150e-01  5.3094665e-01  3.3057875e-01 -6.7349653e-02 -1.2534314e-01
  1.1552002e-01  4.2416867e-01  4.2711193e-01  1.6243668e-01  5.4832319e-02
  1.8028301e-01  3.7925570e-01  4.5844064e-01  3.5873780e-01  8.8863733e-02
 -9.8958540e-02  2.7375407e-02  1.5435404e-01  6.6724211e-02 -1.2090845e-01
 -9.7976511e-02  6.9619358e-02  1.6543654e-01  8.4847885e-02 -2.2112636e-01
 -6.3721523e-01 -8.4779963e-01 -6.9395783e-01 -5.3921041e-01 -4.4516768e-01
 -2.6074147e-01  1.0870242e-01  5.8112353e-01  8.6047828e-01  8.6260082e-01
  7.4475732e-01  7.3094665e-01  7.5387010e-01  6.7544927e-01  3.9032121e-01
 -8.8320362e-02 -5.5927551e-01 -7.8669874e-01 -5.2319230e-01 -1.1378803e-01
 -4.8781661e-02 -1.5173058e-01 -2.5096080e-01 -2.0429885e-01  6.3059290e-02
  3.1402292e-01  4.1845196e-01  3.1147587e-01  2.1252582e-01  1.3795953e-01
 -1.2827791e-02 -7.4263478e-02  1.1354464e-02  3.4894580e-02 -1.3009764e-01
 -1.1717843e-01  1.0926560e-01  2.1676525e-02 -2.8674119e-01 -4.5071459e-01
 -4.2719683e-01 -3.2936182e-01 -3.1532475e-01 -4.0563181e-01 -5.1133437e-01
 -5.2191878e-01 -5.8743455e-01 -6.4740342e-01 -6.5948776e-01 -4.5892175e-01
 -4.1831046e-02  2.4056318e-01  1.9110231e-01 -2.0011886e-02 -4.3964907e-02
  1.1934909e-01  2.5625018e-01  2.3183812e-01  9.1741899e-02 -6.6543088e-02
 -2.0417716e-01 -3.1156078e-01 -3.5494552e-01 -1.8931371e-01  2.3220037e-01
  4.7836423e-01  5.7636904e-01  7.3567285e-01  8.6189331e-01  9.3708787e-01
  6.9508985e-01  2.5312580e-01 -5.8253856e-02 -2.8790151e-01 -3.7908589e-01
 -1.2193010e-01  3.1331541e-01  5.1773030e-01  4.9293901e-01  4.9664638e-01
  4.4932786e-01  2.1348238e-01 -3.3420122e-02 -1.5424933e-01 -1.4627423e-01
  4.5909155e-02  2.7702278e-01  3.7467101e-01  4.7352483e-01  5.8352908e-01
  6.3653601e-01  5.1235319e-01  2.7168813e-01  1.1622754e-02 -3.4639875e-01
 -6.2476298e-01 -7.3819159e-01 -7.9960379e-01 -8.1035800e-01 -7.5602094e-01
 -7.9725485e-01 -9.1498514e-01 -1.0000000e+00 -9.9012311e-01 -7.7254846e-01
 -3.7965190e-01 -2.9619358e-03  1.7858780e-01  1.7842649e-01  1.1315976e-01
  7.6456771e-02  1.3651337e-01  2.4658271e-01  2.4988538e-01  2.4069902e-01
  2.4379793e-01  5.2670157e-02 -3.7560492e-02  6.9061837e-02  8.1010330e-02
  8.5467667e-02  6.4556389e-02  1.7671997e-01  4.0500920e-01  5.3538984e-01
  6.0902788e-01  6.7389274e-01  7.6759587e-01  8.3976228e-01  7.7801047e-01
  4.9939154e-01  2.2492996e-01  8.0005660e-02  1.7987265e-01  5.0060846e-01
  7.4673836e-01  8.9197679e-01  8.7607188e-01  7.5760577e-01  5.6850149e-01
  3.2658837e-01  1.3177020e-01 -1.3601528e-01 -3.2225838e-01 -3.6997311e-01
 -2.6177444e-01  9.9015141e-03  2.2680345e-01  3.9906608e-01  4.7527947e-01
  4.2445168e-01  3.5304938e-01  3.9077402e-01  4.0984859e-01  2.4660818e-01
 -6.5521438e-02 -3.8664214e-01 -5.1218339e-01 -3.9595302e-01 -2.0064808e-01
 -1.1470497e-01 -9.5273808e-02 -8.0217914e-02 -1.2161030e-02  6.8560917e-02
  1.7511249e-01  3.2916372e-01  4.3161172e-01  3.3422952e-01  8.1015990e-02
 -5.0491015e-02 -1.1165134e-01 -1.0784774e-01 -8.4788453e-02 -1.8099901e-01
 -2.9939154e-01 -3.9077402e-01 -3.8327437e-01 -3.6080374e-01 -4.3763973e-01
 -5.1945663e-01 -5.6207726e-01 -5.2146597e-01 -4.9834442e-01 -5.8935899e-01
 -5.8746286e-01 -3.8723645e-01 -1.5435404e-01 -1.1626999e-01 -2.6984010e-01
 -3.8573652e-01 -2.8331682e-01  1.1641432e-02  2.3628697e-01  2.7413330e-01
  2.0329984e-01  2.3231640e-01  4.0053771e-01  5.3884251e-01  6.3277204e-01
  6.2340456e-01  4.8113768e-01  2.7813216e-01  1.1668318e-01  9.4492713e-02
  2.5279468e-01  3.7135984e-01  3.9643413e-01  4.6149710e-01  3.7642564e-01
  2.6404698e-01  1.9291637e-01  1.5638602e-01  1.4654309e-01  1.0383755e-01
  1.7501627e-01  1.8850715e-01  1.3081930e-01  1.0437810e-01  1.1459176e-01
  1.0978067e-02 -2.1173624e-01 -3.2061695e-01 -2.9769351e-01 -1.8205179e-01
 -3.7410500e-02 -1.6663648e-02 -1.4900807e-01 -3.2955993e-01 -4.5402575e-01
 -5.6431300e-01 -6.5345974e-01 -5.5044573e-01 -4.2824395e-01 -4.4799774e-01
 -4.4301684e-01 -3.0516485e-01 -2.0313004e-01 -2.4141220e-01 -3.4017263e-01
 -4.5091269e-01 -4.9022216e-01 -4.6279892e-01 -3.6153955e-01 -1.1735107e-01
  9.3128626e-02  2.5898684e-01  3.9057592e-01  3.6821848e-01  2.7611999e-01
  1.4988538e-01 -5.9167964e-02 -3.1659827e-01 -4.6676100e-01 -4.1930098e-01
 -2.7347106e-01 -1.2166124e-01 -1.6844771e-01 -3.0544786e-01 -3.2888071e-01
 -3.4362530e-01 -2.3791142e-01 -9.3612565e-02 -5.2579595e-02 -6.2708363e-02
 -1.4270836e-01 -2.8974105e-01 -4.2855526e-01 -4.1083911e-01 -2.1147870e-01
 -2.8266308e-02  1.3317674e-02 -1.2200085e-01 -2.7417292e-01 -3.4931371e-01
 -3.7546342e-01 -3.4512523e-01 -2.4428753e-01 -1.1757181e-01  4.0101882e-02
  2.1611433e-01  2.9987265e-01  1.1054479e-01 -6.6415735e-02  3.6284138e-02
  1.0576199e-01 -8.2247064e-03 -1.2491298e-01 -4.6511957e-02  4.4279043e-02
  6.5167681e-02  8.1369747e-02  1.5893307e-02 -8.9616528e-02 -1.0543937e-02
  1.6214801e-01  2.7158908e-01  2.1460025e-01  2.8529786e-02 -1.6247347e-02
 -1.5823405e-02 -1.5846045e-01 -3.8831187e-01 -5.1348521e-01 -4.6429885e-01
 -3.4761568e-01 -3.1373992e-01 -3.4772888e-01 -2.9718410e-01 -1.1694071e-01
  1.2227536e-01  2.9460874e-01  3.2039055e-01  2.9531626e-01  3.0714589e-01
  2.0366209e-01  9.2392812e-02  5.6136975e-02  3.4008773e-02  3.5137965e-02
 -3.1917362e-02 -2.0994481e-01 -3.8287817e-01 -4.0744305e-01 -4.1505589e-01
 -4.2994198e-01 -3.6284138e-01 -2.3498797e-01 -5.7421820e-02  9.6762417e-02
  1.3255412e-01  3.7563322e-02 -6.7018537e-02 -4.9978775e-02 -2.3998019e-02
 -7.8058582e-02 -9.6391680e-02 -7.1470214e-02 -4.5096929e-02 -3.3725768e-02
  5.5766237e-02  2.0230649e-01  2.8208858e-01  3.3275789e-01  3.0544786e-01
  1.8698175e-01  1.2939295e-01  1.8816471e-01  2.7693222e-01  2.5827367e-01
  2.0625725e-01  2.1905759e-01  2.7474742e-01  2.7791142e-01  2.6871374e-01
  2.4002830e-01  1.6373284e-01  2.0024055e-01  2.5402858e-01  2.8773171e-01
  3.0140088e-01  2.7767369e-01  2.8031980e-01  3.1300410e-01  3.3052215e-01
  3.2522994e-01  3.2876751e-01  2.2527805e-01  9.8805717e-02  1.6433281e-01
  2.5149002e-01  1.8486769e-01  1.9695486e-02 -2.3852554e-03  1.3125513e-01
  1.9277770e-01  1.7616528e-01  1.0143484e-01  7.1481534e-03 -6.2668742e-02
 -8.8934484e-02 -1.0140937e-01 -1.0652611e-01  1.0804019e-03  8.1055611e-02
  4.6395925e-02  3.4368190e-02  6.9664638e-02 -4.4975237e-02 -1.5479553e-01
 -9.6414320e-02 -1.4192727e-02 -7.3881421e-03 -4.6789302e-02  4.7434555e-02
  1.0905335e-01  6.0614122e-02  1.6327437e-02  1.6101033e-02  7.1504174e-02
  9.7085043e-02  1.7264186e-01  1.8024055e-01  1.3832461e-01  2.2050375e-01
  1.6309042e-01 -5.1088156e-03 -1.1142210e-01 -1.3182680e-01 -7.5064384e-02
 -6.2414037e-02 -3.3977643e-05  5.1062686e-02 -1.2919485e-02 -1.1879723e-01
 -6.8807132e-02  1.3557662e-01  2.3170794e-01  8.0416018e-02 -2.0844771e-01
 -3.2743739e-01 -2.3121551e-01 -9.3159757e-02 -8.1123532e-02 -5.1727749e-02
  1.7237583e-03 -8.5945946e-02 -2.1752936e-03  2.6497524e-01  2.7362672e-01
  6.8393944e-02 -1.0879581e-01  1.0263761e-02  2.2674685e-01  1.3126079e-01
  1.7299278e-01  3.5002123e-01  3.3988963e-01  2.7548323e-01  3.4464412e-01
  2.1215509e-01 -4.0014150e-02  1.5387010e-02 -1.2445168e-01 -4.1726334e-01
 -2.7595868e-01 -5.4138956e-02 -1.3608037e-01 -1.1816329e-01  1.5993491e-01
  1.1304938e-01 -9.5970001e-02  4.2493279e-02  6.9412764e-02 -9.2998443e-02
 -1.2504033e-01 -1.8954012e-01 -2.5848592e-01 -2.6200368e-01 -2.9939154e-01
 -3.1866421e-01 -3.3185227e-01 -2.3652469e-01 -9.2367341e-02 -1.3709353e-01
 -2.4444319e-01 -3.2089996e-01 -3.1198528e-01 -2.3522853e-01 -1.8867129e-01
 -8.5334654e-02 -6.3081930e-02 -1.0466959e-01 -5.8327437e-02  1.1965473e-01
  2.2226121e-01  1.4199236e-01  7.1495684e-02  7.4373850e-02  1.1298429e-01
  4.9885383e-02 -8.4530918e-02 -7.7999151e-02  6.9712749e-02  2.0512523e-01
  1.8342437e-01  1.5444460e-01  2.8747701e-01  3.8480260e-01  3.3400311e-01
  9.8191595e-02 -7.1727749e-02 -1.5585114e-02  4.2303665e-03 -6.9842932e-02
 -1.1767652e-01 -1.3041743e-01 -1.1049950e-01 -3.6176595e-02  4.7570398e-02
  9.1849441e-02  1.0960238e-02 -6.4680911e-02 -6.1785765e-02 -8.1075421e-02
 -1.2096505e-01 -1.3520872e-01 -1.0571105e-01 -7.6719966e-02 -1.4828640e-02
  1.1478421e-01  2.3607471e-01  2.2301118e-01  1.4815056e-01  8.3229093e-02
  8.0277345e-02  2.0226687e-01  2.8662799e-01  2.6483373e-01  2.8199519e-01
  2.8157634e-01  1.0123956e-01  1.3996887e-02  2.7010330e-02 -4.2295175e-02
 -2.5404556e-02 -1.2779397e-02 -8.7007217e-02 -1.9079100e-01 -1.6646668e-01
 -1.4680628e-02 -4.0441489e-04 -9.1623037e-02 -1.9335220e-01 -2.3647941e-01
 -2.3233055e-01 -2.3169379e-01 -2.1067214e-01 -2.0365360e-01 -1.5464554e-01
 -4.3011179e-02 -1.3940003e-02 -2.2418848e-02 -1.2848168e-03 -1.3683883e-02
 -4.7785482e-02 -1.0664780e-02  9.0239140e-02  1.4979482e-01  1.6308759e-01
  1.6575067e-01  1.9005519e-01  2.3732843e-01  2.4564879e-01  1.8395359e-01
  1.2267723e-01  1.2352342e-01  1.1904910e-01  4.2269704e-02 -2.1718410e-02
 -4.0183954e-02 -7.1521155e-03 -8.3288524e-03 -6.2685722e-02 -3.3275789e-02
  3.0431583e-02  7.5488892e-02  9.9912268e-02  6.9517476e-02  4.9364653e-02
  9.9034951e-02  2.2855809e-01  3.0977784e-01  3.1209849e-01  2.4885241e-01
  1.2847885e-01  4.7567568e-02 -4.8623178e-02 -1.1557096e-01 -7.4107825e-02
  7.3821990e-03  3.1071176e-02  4.2564030e-03  1.2074996e-05 -4.4041319e-02
 -1.6042734e-01 -1.8781378e-01 -1.2817037e-01 -1.2760436e-01 -2.4391680e-01
 -3.9465120e-01 -4.8343003e-01 -4.6919485e-01 -3.8845337e-01 -3.9298146e-01
 -4.6497807e-01 -4.7049667e-01 -3.6012452e-01 -2.1400028e-01 -1.4971841e-01
 -2.0310457e-01 -2.6233197e-01 -2.8778831e-01 -2.0371869e-01 -1.3194849e-01
 -1.3660959e-01 -1.7800764e-01 -2.2631951e-01 -2.0664214e-01 -1.8426772e-01
 -1.4800057e-01 -3.9951889e-02  9.6838828e-02  2.0317815e-01  2.0995047e-01
  7.1781520e-02 -8.1672563e-02 -6.7938305e-02  2.5294467e-02  6.5931796e-02
  1.1204471e-01  1.3791708e-01  2.0108674e-01  2.3501627e-01  2.4254422e-01
  2.2976369e-01  1.5915381e-01  7.1212679e-02 -4.7714730e-02 -6.7460025e-02
  6.4044149e-02  1.8753644e-01  2.5443894e-01  2.6225555e-01  2.3284845e-01
  2.0255271e-01  1.7240413e-01  2.3511532e-01  3.2339041e-01  3.0111787e-01
  2.2994481e-01  2.3227112e-01  2.0142352e-01  2.0018961e-01  1.7471346e-01
  7.7104854e-02  4.3164002e-02  4.8889203e-02  1.2444885e-01  2.1789727e-01
  2.6718834e-01  2.4762700e-01  1.8635347e-01  1.3593887e-01  1.4909297e-01
  1.1048818e-01  1.0491864e-02 -7.8763266e-02 -2.1190887e-01 -2.5070610e-01
 -8.3574360e-02  6.7230791e-02  5.7696335e-02 -2.0297156e-02 -7.9176454e-02
 -9.0346682e-02 -8.8657139e-02 -6.9551436e-02 -8.2292345e-02 -8.5784633e-02
 -2.0399887e-02  5.7996321e-02  1.2282440e-01  1.4528654e-01  5.9615112e-03
 -1.8748833e-01 -2.2902788e-01 -2.2156785e-01 -2.1548323e-01 -2.2536861e-01
 -2.5987548e-01 -2.8691099e-01 -3.1136267e-01 -3.1071176e-01 -3.1257960e-01
 -2.9217490e-01 -2.0943257e-01 -1.5966605e-01 -1.3632376e-01 -1.1601811e-01
 -1.1239847e-01 -4.9692939e-02 -2.6873355e-02 -8.4163011e-02 -9.6646385e-02
 -4.9155229e-02  4.1632942e-02  1.5287109e-01  2.1768218e-01  2.0067072e-01
  1.2492430e-01  1.5933211e-02 -2.8184237e-02  1.4156219e-02  8.3132871e-02
  9.7792557e-02  5.0250460e-03 -7.6935050e-02 -1.7760577e-01 -2.5139097e-01
 -1.0346399e-01  1.9373143e-02  1.2507429e-02 -9.4704967e-02 -1.1315410e-01
  1.6659686e-02  2.8685439e-02 -4.3246073e-02 -2.0750248e-01 -2.5025895e-01
 -6.0611292e-02  1.7088439e-01  2.4406962e-01  1.7254846e-01  1.3393802e-01
  2.2154521e-01  3.6785057e-01  3.9448139e-01  2.9220320e-01  9.1843781e-02
 -2.1607754e-01 -5.5520023e-01 -6.8628838e-01 -5.4354040e-01 -2.0890335e-01
  3.4478562e-01  6.8903354e-01  6.8942974e-01  5.2172067e-01  3.9165134e-01
  3.1747559e-01  6.5778973e-02 -2.8234612e-01 -2.4611858e-01  9.7025612e-02
  1.7793123e-01  9.3646526e-02 -8.9811801e-02 -1.7923022e-01 -1.7605773e-01
 -2.6635347e-02  2.3427480e-02 -1.0792981e-01 -8.1966888e-02 -1.3463139e-01
 -2.7482949e-01 -2.4531201e-01 -7.5953021e-03  1.1165134e-01  8.5611999e-02
  1.0720532e-01  4.0135843e-02  9.0626857e-02  3.1385312e-01  4.2725343e-01
  1.8335928e-01 -2.7563888e-01 -4.2804585e-01 -3.2039055e-01 -1.5068629e-02
  2.0558936e-01  1.4957125e-01 -3.4068204e-02  3.1407952e-04  1.7976511e-01
  3.1456063e-01  3.7911419e-01  3.2571105e-01  1.8710061e-01  1.0598840e-01
  1.1434272e-01  8.5640300e-02  4.2133862e-02 -1.0102165e-01 -1.8015848e-01
 -1.7819159e-01 -1.5109382e-01 -1.0728456e-01 -1.7534173e-02 -6.0133013e-03
 -6.2878166e-02 -1.4272251e-02  4.6361964e-02  1.2426206e-01  1.5526815e-01
  1.0083487e-01 -3.6555823e-02 -1.5006651e-01 -2.0390548e-01 -2.4905052e-01
 -3.0275930e-01 -2.6350361e-01 -9.6049243e-02  9.3063535e-02  1.1700863e-01
  1.9663223e-02  9.3711617e-03 -1.7952172e-02  6.8181690e-02  2.1964341e-01
  2.2612990e-01  5.8386869e-02 -1.3306070e-01 -2.7128343e-01 -3.4305929e-01
 -2.4763549e-01 -9.1654167e-02 -1.7992359e-02 -5.4385171e-02 -3.7670865e-02
  4.4163011e-02  3.4359700e-02 -4.1174473e-02 -6.1975379e-02 -1.8142352e-02
 -5.1860761e-02 -1.0322626e-01 -1.0271968e-01 -1.0671006e-01 -1.0388284e-01
 -3.4639875e-02  9.2027735e-02  1.8957974e-01  1.9912834e-01  1.3441347e-01
  5.9850007e-02  3.3703127e-02  7.9300976e-02  8.1531060e-02  7.1040045e-02
  9.9937739e-02  9.1756049e-02  3.2225838e-02  3.0482524e-02  8.7743031e-02
  1.0288383e-01  8.7205321e-02  6.8991085e-02  8.3837555e-02  1.5750389e-01
  2.5194566e-01  2.5348238e-01  2.2665346e-01  1.7293901e-01  3.2262629e-02
 -1.0208575e-01 -1.5353898e-01 -8.7423235e-02  2.7917928e-02  3.9968869e-02
 -5.6527522e-02 -1.4652611e-01 -1.5239847e-01 -6.8996745e-02 -4.1754634e-02
 -1.0028018e-01 -9.7591623e-02 -3.3986133e-02 -5.2310740e-03 -4.2215933e-02
 -1.5189755e-01 -2.3012311e-01 -1.3725768e-01  2.8628838e-02  2.0414037e-02
 -8.4446017e-02 -1.7589642e-01 -1.2132447e-01 -1.8592897e-02 -5.5387010e-02
 -1.3446441e-01 -2.0055469e-01 -2.2618084e-01 -2.2426206e-01 -1.3167115e-01
 -1.7891043e-03  1.0336211e-01  8.4955427e-02 -2.7231640e-02 -1.3532758e-01
 -1.1506155e-01 -3.8146314e-02 -1.0952031e-01 -2.1163153e-01 -2.1525966e-01
 -9.0318381e-02  1.2172350e-01  1.8965049e-01  7.1917362e-02  6.4607330e-02
  8.9840102e-02  1.1313146e-01  1.6232631e-01  1.7660676e-01  1.3178152e-01
  1.1759445e-01  1.9249186e-01  2.2114617e-01  2.0230649e-01  2.0165275e-01
  1.7480119e-01  5.6151125e-02 -2.1364370e-02 -8.3537569e-02 -1.3004953e-01
 -8.6882694e-02 -4.9658978e-02 -2.5298146e-02  7.2262629e-03 -1.2943540e-02
 -3.0830621e-02  6.7284562e-02  2.0948351e-01  2.4065091e-01  1.6522145e-01
  8.2156502e-02 -6.7137399e-02 -1.4085468e-01 -7.3952172e-02 -6.8835432e-04
  2.4406113e-02  1.2829489e-02 -1.7330126e-02  1.0289798e-03  1.0845903e-02
 -4.2558370e-02 -1.2160464e-02  7.9663223e-02  9.3128626e-02  7.9966039e-03
  2.0125371e-02  1.0982595e-01  9.5358709e-02  2.6354040e-02  3.1382482e-02
  5.0986274e-02 -5.1006085e-02 -1.5239281e-01 -1.7316825e-01 -1.5226263e-01
 -1.7091552e-01 -2.4365926e-01 -2.9992925e-01 -2.6739493e-01 -1.2790151e-01
 -7.5944531e-03  1.9083062e-02 -2.8693930e-02 -2.1435404e-02  2.1250318e-02
  6.0257535e-02  8.8804302e-02  1.9331258e-02 -8.9786331e-02 -1.5112212e-01
 -1.9015707e-01 -2.1030423e-01 -1.7302674e-01 -4.6690250e-02  1.7484081e-02
  3.7710485e-02  9.0873072e-02  8.8676949e-02  7.6881279e-02  7.4676666e-02
  6.2861186e-02  8.3149851e-02  1.1878591e-01  6.5405405e-02 -1.9040894e-02
  1.1474459e-02  6.8773171e-02  4.6458186e-02  6.7445875e-03 -2.1716428e-02
 -5.1600396e-02 -7.0369322e-02 -4.7273242e-02 -2.0788453e-02 -2.5376256e-02
  1.7764256e-02  1.0560917e-01  1.4158483e-01  7.3284279e-02  3.9759445e-02
  4.4703552e-02  4.4253573e-02  3.5944531e-02  4.3942267e-02  8.7219471e-02
  7.9148153e-02  7.9552851e-02  8.4225272e-02  6.8682609e-02  5.1962643e-02
  8.3441347e-02  1.4511674e-01  1.9585114e-01  1.7875195e-01  1.5379086e-01
  1.5931230e-01  1.3231640e-01  8.5464837e-02  7.1433423e-02  8.4658271e-02
  3.9753785e-02 -3.8647234e-02 -6.5586529e-02 -5.4931371e-02 -6.7437385e-02
 -4.5994057e-02 -2.6201217e-02 -5.1410783e-02 -2.5202490e-02  3.8831187e-02
  4.9186359e-02  2.5079666e-02  1.4551012e-02 -8.6093109e-03 -1.4429602e-02
  1.8779680e-02  2.2399038e-02 -4.6296873e-02 -9.2395642e-02 -4.3602660e-02
 -5.1424933e-04  1.4600538e-02  3.1651337e-02  1.0530069e-02 -4.5784633e-03
  1.3283713e-02  2.0701854e-02 -2.1346257e-02 -4.7686430e-02 -9.8335928e-03
  4.2750814e-02  3.1342861e-02  1.6581576e-03  3.6179425e-03  1.1487477e-02
  1.5043158e-02  2.0579878e-02  6.0469789e-02  8.4646951e-02  4.5883685e-02
 -1.1080232e-02 -3.1263620e-02 -3.5415311e-02 -5.4956842e-02 -8.8756191e-02
 -1.1712749e-01 -1.1605207e-01 -1.0973822e-01 -1.3874912e-01 -1.3485779e-01
 -1.1037215e-01 -5.7857648e-02 -2.6884958e-02 -3.2670157e-02 -6.7012877e-02
 -6.9118438e-02  2.3374558e-02  7.4090845e-02  5.8358568e-02  4.0118862e-02
  9.4314419e-03 -3.4905901e-02 -4.8099618e-02 -6.7516627e-02 -5.9937739e-02
 -4.5405405e-02 -8.1740484e-02 -1.4361398e-01 -1.6246781e-01 -1.2312438e-01
 -1.2603368e-01 -1.3796236e-01 -1.2944955e-01 -1.4770341e-01 -1.4803170e-01
 -1.2328852e-01 -1.2013301e-01 -1.3714164e-01 -1.4724777e-01 -1.2698741e-01
 -1.0646385e-01 -1.0175746e-01 -9.1707938e-02 -1.0606764e-01 -1.3135135e-01
 -1.1264186e-01 -6.1378237e-02 -4.5029008e-04  5.2936182e-02  8.1494269e-02
  9.5381350e-02  1.1026461e-01  1.1583416e-01  1.1946229e-01  1.3086741e-01
  1.0065374e-01  5.6204896e-02  2.5612565e-02  1.7869534e-02  4.4338475e-02
  7.0437244e-02  5.3561624e-02  4.2651762e-02  4.7989246e-02  5.8842507e-02
  1.3227112e-01  1.3301542e-01  4.5637470e-02  5.4843639e-02  1.1135701e-01
  1.1875195e-01  1.2169520e-01  1.2223008e-01  9.9589642e-02  9.5621905e-02
  1.1812650e-01  1.0579029e-01  5.2890901e-02  2.3683600e-02  4.3704542e-02
  3.7806707e-02  4.2521579e-02  6.2773454e-02  2.9149568e-02 -4.0877317e-02
 -6.4307344e-02 -1.1082213e-02  2.4923730e-02  2.8795812e-02  3.9714164e-02
  5.8867978e-02  3.5672846e-02  2.0571954e-02  3.7648224e-02  6.0566011e-02
  5.1368332e-02  1.7017971e-02 -4.6226121e-03 -4.4120560e-02 -6.2770624e-02
 -8.0911278e-02 -1.0286968e-01 -8.7083628e-02 -8.5388425e-02 -9.5259658e-02
 -8.6011037e-02 -7.4852130e-02 -6.5521438e-02 -4.5464837e-02  1.0487902e-02
  2.9724070e-02  2.4986557e-03 -2.5975379e-03  4.5974246e-02  5.7085043e-02
  1.8194425e-02 -2.7145606e-02 -5.3683317e-02 -1.4780529e-02  1.5966322e-02
 -6.0832036e-04 -9.4362530e-03  7.6295458e-03  1.7810669e-02  3.2353191e-02
  1.8445168e-02  3.0216499e-03  2.3513797e-03  3.6878449e-03  1.1726334e-02
 -2.2104429e-03  7.3932362e-03  3.4351210e-02  1.5826235e-02  1.2400453e-02
  3.9535871e-02  7.4243668e-03 -4.4482807e-02 -5.2672987e-02 -1.5963209e-02
 -2.7075987e-03 -1.0534031e-02  1.4807981e-03  1.6989670e-02  4.4754493e-02
  3.3997453e-02  4.2479128e-02  4.7714730e-02  5.6903920e-02  7.8811377e-02
  6.3107401e-02  6.1720674e-02  7.3929532e-02  7.0731569e-02  1.9435121e-02
  6.0735814e-03  4.1058441e-02  7.7690675e-02  1.0119145e-01  9.5146455e-02
  8.1935758e-02  7.0287251e-02  6.1482949e-02  5.7000142e-02  1.6927975e-02
 -4.3081930e-02 -8.0563181e-02 -6.6350644e-02 -5.5769067e-02 -6.0432998e-02
 -1.9723787e-02  2.3633791e-03 -4.9248620e-03 -4.2614971e-02 -6.5292203e-02
 -3.6267157e-02 -3.4056884e-02 -5.3244658e-02 -5.8174614e-02 -5.6669025e-02
 -5.9368898e-02 -5.0499505e-02 -5.8330267e-02 -1.0522428e-01 -1.0701571e-01
 -8.9265601e-02 -9.3904061e-02 -9.8228385e-02 -7.4337060e-02 -7.2256969e-02
 -9.4937031e-02 -9.3643696e-02 -5.3323900e-02  3.0791000e-03  2.7966039e-02
  2.3855667e-02  2.1739918e-02  4.2046130e-02  7.9117023e-03 -4.9939154e-02
 -7.0612707e-02 -7.2033395e-02 -6.2974388e-02 -5.0493845e-02 -4.0316966e-02
 -3.1269280e-02 -2.0168671e-02  5.0428753e-03  3.7600113e-03 -1.5764539e-02
  1.2546484e-02  4.2085751e-02  3.3889911e-02  8.3172492e-03 -2.1132022e-02
 -1.0495543e-02  2.7044007e-02  5.6912410e-02  6.2847036e-02  5.0974954e-02
  4.3328145e-02  5.2367341e-02  7.4427621e-02  6.2756474e-02  5.2353191e-02
  4.9381633e-02  8.7372294e-02  1.3750955e-01  1.2923447e-01  9.2418282e-02
  7.6267157e-02  8.4946936e-02  7.0717419e-02  6.6644970e-02  7.4195557e-02
  7.0162728e-02  3.3708787e-02  2.4956559e-02  6.8628838e-02  9.3671997e-02
  1.0073015e-01  6.6670440e-02  2.6153106e-02  1.9673412e-02  1.1658695e-02
  3.8760436e-03 -6.3588510e-03 -4.7590208e-03 -1.9758596e-02 -4.1335786e-02
 -2.0841941e-02 -9.2755059e-03 -2.4576199e-02 -6.3090420e-02 -8.5889345e-02
 -7.0584406e-02 -4.4652611e-02 -1.7700297e-02 -2.1212113e-02 -2.6475166e-02
 -1.3497948e-02 -3.8333097e-02 -5.7503891e-02 -5.9484930e-02 -4.6098769e-02
 -2.4762417e-02 -1.8753361e-02 -1.4150842e-02 -2.4881845e-02 -3.9801896e-02
 -6.8068487e-02 -7.0638177e-02 -7.0544786e-02 -7.8766096e-02 -8.0945238e-02
 -9.6502052e-02 -1.0074430e-01 -1.1135418e-01 -1.1392387e-01 -9.9453799e-02
 -8.2119711e-02 -6.1746144e-02 -2.5195981e-02  1.8982595e-02  3.9278336e-02
  2.4498090e-02 -2.0399604e-02 -1.8442621e-02  2.0776001e-02  2.2829206e-02
  1.2142918e-02  3.6315268e-02  7.3009764e-02  6.3599830e-02  4.5957266e-02
  1.4001981e-02  1.4008490e-03  3.4003113e-02  7.1008915e-02  9.2429602e-02
  7.8675534e-02  4.8246781e-02  2.3501627e-02  4.0625442e-02  7.5754917e-02
  6.1245224e-02  4.6676100e-02  6.0093392e-02  5.8652894e-02  3.4622895e-02
  1.4168105e-02 -1.3515212e-02 -4.6690250e-02 -3.8013301e-02 -3.1410783e-02
 -2.2298854e-02 -3.4820999e-03 -2.1832178e-03 -2.8484505e-02 -3.6768077e-02
 -6.7103439e-03  4.3673412e-02  5.4410641e-02  4.0025470e-04 -1.2135843e-02
 -2.0295741e-02 -2.3551153e-02 -1.6115183e-02 -1.9102306e-02 -3.6759587e-02
 -5.2271119e-02 -2.7158059e-02  3.6782227e-03  2.1889911e-02  8.3393236e-03
 -2.3483232e-02 -3.0241970e-02 -2.6581576e-02 -2.1615396e-02 -1.1525683e-02
 -3.9374558e-02 -7.2888071e-02 -7.0476864e-02 -5.0244800e-02 -4.4179992e-02
 -4.9885383e-02 -4.8000566e-02 -3.1857931e-02 -3.6185086e-02 -5.0185369e-02
 -4.0469789e-02 -2.1908589e-02  3.9221735e-03  2.3123249e-02  2.7919909e-02
  2.3169379e-02  3.5752087e-02  3.8822697e-02  1.8209990e-02  2.2509410e-02
  2.9656148e-02  3.0394793e-02  1.1982737e-02 -1.0558087e-02  4.8586387e-03
  3.0564596e-02  4.5246922e-02  2.7129475e-02 -9.8118013e-03 -9.1673978e-03
  1.1456629e-02  1.7057309e-02  5.3439932e-03 -1.8116315e-02 -2.4093675e-02
 -9.1705108e-03  1.9810669e-02  2.8425074e-02 -7.8850998e-05 -3.5319089e-03
  9.9776426e-03  6.1211264e-03  1.8490732e-03  2.1072591e-03  9.4993632e-03
  3.6886939e-02  5.9275506e-02  6.3509268e-02  6.2835715e-02  6.4095090e-02
  6.4675251e-02  5.5123815e-02  6.9257111e-02  9.7450120e-02  9.3671997e-02
  7.3420122e-02  4.9268431e-02  3.9864157e-02  3.6618084e-02  1.8014433e-02
  1.5445026e-02  1.4156219e-02  1.4809396e-03 -3.5180416e-03 -8.6930805e-03
 -5.3691807e-03  1.8536578e-02  2.6514504e-02  1.7181831e-02  1.0442904e-02
 -1.1006085e-03 -1.2575350e-02  1.1693788e-02  5.3244658e-02  3.5732277e-02
 -1.8243668e-02 -4.0922598e-02 -4.4695062e-03  2.0735814e-02 -1.7387859e-02
 -5.3411632e-02 -5.1518325e-02 -4.2671572e-02 -4.2040470e-02 -5.0592897e-02
 -4.8552427e-02 -3.2336211e-02 -2.0121692e-02 -1.3466252e-02 -3.0689118e-02
 -4.7284562e-02 -3.7942550e-02 -2.2453092e-02 -3.7543512e-03  4.8207160e-03
 -2.6533182e-02 -5.1294750e-02 -4.9922173e-02 -4.1952738e-02 -2.4254139e-02
 -3.1784350e-02 -4.4222442e-02 -6.4904486e-02 -7.5118155e-02 -6.3506438e-02
 -5.7458610e-02 -3.3850290e-02  5.8129334e-03  1.2425923e-02 -2.7276638e-02
 -5.7302957e-02 -4.4980897e-02 -3.4014433e-02 -4.2903637e-02 -4.0011320e-02
 -3.1821141e-02 -1.8833168e-02  2.4956559e-03  3.1560775e-02  3.5885100e-02
 -7.0261780e-03 -3.7486911e-02  2.3613697e-03  3.5038913e-02  2.5187208e-02
  2.4340456e-02  2.2325173e-02  4.6107259e-02  4.9919343e-02  3.2641857e-02
  3.1495684e-02  4.2453658e-02  8.1398047e-02  9.2865431e-02  7.9077402e-02
  7.2568275e-02  6.4103580e-02  5.4085185e-02  3.8998160e-02  4.1819725e-02
  6.5269563e-02  7.2630536e-02  6.6067638e-02  6.4811094e-02  6.7409084e-02
  7.2763549e-02  9.2324890e-02  9.9060422e-02  7.7076553e-02  5.8884958e-02
  3.5537003e-02  1.6493845e-02 -2.0267440e-02 -7.4871940e-02 -9.5177586e-02
 -7.4654026e-02 -3.1393802e-02  3.7319938e-03 -5.7232206e-03 -5.6937880e-02
 -8.3223433e-02 -7.2873921e-02 -6.9820291e-02 -9.3745578e-02 -1.1827084e-01
 -1.1202490e-01 -8.7210981e-02 -7.3575775e-02 -6.7539267e-02 -6.7601528e-02
 -5.8848168e-02 -3.7911419e-02 -4.2394227e-02 -6.7219471e-02 -8.8224140e-02
 -8.5258243e-02 -7.4444602e-02 -6.4819584e-02 -4.6998726e-02 -2.0735248e-02
 -6.7692090e-03 -3.2729588e-02 -6.3755483e-02 -7.1450403e-02 -5.7925570e-02
 -1.5645960e-02  2.1583699e-02  2.0867695e-02 -1.4524409e-02 -3.6108674e-02
  2.1652752e-03  4.8136409e-02  3.9117023e-02  1.3788878e-02  2.7052498e-02
  5.6915240e-02  6.5866704e-02  5.2777699e-02  5.0720249e-02  4.5572379e-02
  1.9751521e-02  2.1126645e-02  2.5930098e-02  1.3103439e-02  1.5730579e-02
  3.3768218e-02  4.6186501e-02  3.3210698e-02  2.8886373e-02  3.4571954e-02
  4.7576058e-02  6.1151832e-02  5.1809820e-02  1.5243809e-02 -8.1760294e-03
  1.0477430e-02  3.3154097e-02  2.3479836e-02  1.8652894e-02  1.4853828e-02
  2.0203198e-02  4.4346965e-02  4.9375973e-02  5.2995613e-02  7.5480402e-02
  9.0969294e-02  7.4031414e-02  5.8542522e-02  6.9641998e-02  7.6057733e-02
  6.5204471e-02  2.8982595e-02 -3.5200226e-03 -1.2767511e-02 -1.8004811e-02
 -1.4896278e-02 -1.9225131e-02 -3.0114617e-02 -3.5712466e-02 -2.3338616e-02
  9.2630536e-03  2.9627848e-02  1.4035093e-02 -1.1527381e-02 -1.2239423e-02
  5.3422952e-03  8.0857507e-03  3.4798359e-03  1.6439225e-02  3.5310599e-02
  2.6453092e-02  1.9440498e-02  8.6466676e-03  6.2875336e-03  5.4532333e-03
  1.7887647e-02  3.4181407e-02  3.6516202e-02  2.1791142e-02  3.6001132e-03
  1.2438659e-02  1.4545069e-02  1.0441489e-02  6.2864016e-03  1.9679072e-02
  2.7351917e-02  6.1208434e-03 -2.6084902e-02 -4.2108391e-02 -3.5865289e-02
 -2.8231216e-02 -2.6142918e-02 -1.7606056e-02 -1.5127494e-02 -2.7599547e-02
 -5.1971133e-02 -6.7581718e-02 -7.1790010e-02 -7.3360691e-02 -8.1641432e-02
 -7.6683175e-02 -6.0387718e-02 -3.0055186e-02  5.2989953e-03  1.5925004e-02
  9.8276496e-03 -1.2206311e-02 -1.7580020e-02 -1.2660818e-02 -2.1989529e-02
 -3.6023772e-02 -4.5436536e-02 -5.8194425e-02 -6.1451818e-02 -5.2290930e-02
 -7.1866421e-02 -7.6391680e-02 -4.3367766e-02 -1.3686147e-02 -1.5045705e-02
 -4.2164992e-02 -5.0086317e-02 -3.7803877e-02 -3.3009764e-02 -3.0210839e-02
 -2.9775011e-02 -3.9589642e-02 -4.2671572e-02 -2.7453233e-02 -2.4796095e-03
  6.7844913e-03 -3.7240696e-03 -1.6994481e-02 -3.4037074e-02 -3.9799066e-02
 -5.1962643e-02 -7.0595727e-02 -5.3459742e-02 -3.7645394e-02 -3.4311589e-02
 -3.8231216e-02 -2.4374982e-02  9.8132164e-03  2.2229517e-02  1.4751380e-02
  9.2336211e-03  8.1729164e-03  1.2874487e-02  2.3687279e-02  2.3480402e-02
  2.7797085e-02  4.2544220e-02  5.4736097e-02  7.7351068e-02  9.8802887e-02
  8.8662799e-02  6.6339324e-02  5.6230366e-02  5.6683175e-02  5.6445451e-02
  5.6844488e-02  5.7068063e-02  5.5831329e-02  4.8965615e-02  3.9518891e-02
  3.1770200e-02  4.0449979e-02  3.3089005e-02  1.6817886e-02  2.2447715e-02
  2.4757040e-02  2.3261922e-02  1.4157351e-02  4.8623178e-03 -1.3122117e-02
 -2.2365360e-02 -2.3841800e-02 -2.2543371e-02 -3.3536154e-02 -3.6281307e-02
 -2.2041319e-02 -1.5592189e-02  8.3619641e-03  2.4800906e-02  1.5766520e-02
  1.4414886e-02  2.5629263e-02  1.8458752e-02  6.8696760e-03 -1.4232631e-02
 -1.9048252e-02  4.0240555e-06  1.6444036e-02  1.3692656e-02 -8.2346116e-04
  1.0659686e-02  3.0117447e-02  1.9780954e-02  1.8481392e-02  2.9132588e-02
  3.1209849e-02  4.3093250e-02  5.6442621e-02  5.2412622e-02  2.4316400e-02
  1.4820716e-02  1.4006509e-02  1.4926843e-02  2.4328286e-02  3.6691665e-02
  1.8407245e-02 -2.5160606e-02 -4.7075138e-02 -4.7898684e-02 -4.4794113e-02
 -4.8682609e-02 -3.5921890e-02 -2.1639451e-02 -1.1405405e-02 -1.5367766e-02
 -2.0527805e-02 -5.6009622e-03  2.2472619e-03 -1.1285411e-02 -4.2006509e-02
 -4.6211971e-02 -1.8520447e-02  3.9323617e-03  1.7686996e-02  2.4333664e-02
  3.6168105e-02  5.4651196e-02  5.8420829e-02  4.7038347e-02  3.9462290e-02
  5.2418282e-02  5.5590774e-02  3.8870808e-02  1.5182680e-02  1.7658695e-02
  2.0837696e-02  1.3105703e-02  4.2213103e-03  8.5824254e-03  3.9895288e-02
  4.5626150e-02  2.7120136e-02  8.7171360e-03 -1.2500637e-02 -2.6071883e-02
 -2.8012169e-02 -3.5534173e-02 -3.4772888e-02 -2.2825527e-02 -5.0788170e-03
  8.1712183e-03 -7.9165134e-03 -3.2627706e-02 -4.0311306e-02 -2.0367907e-02
  1.4025187e-02  2.7579454e-02  8.5595019e-03  2.8046130e-03  2.2406962e-02
  3.0193859e-02  1.3285128e-02 -4.7624169e-03 -1.0326871e-02 -2.2196123e-02
 -3.5055894e-02 -4.2391397e-02 -4.3079100e-02 -3.9060422e-02 -3.2593746e-02
 -3.0397623e-02 -3.2602236e-02 -3.3872931e-02 -2.3616528e-02  2.2725060e-03
  2.5221169e-02  8.9936324e-03 -2.4565445e-02 -3.0431583e-02 -1.6848451e-02
 -6.3387576e-03 -5.8432149e-03 -6.3229093e-03 -4.9981605e-03  2.6265176e-03
  1.8242536e-02  2.8317532e-02  1.6984010e-02 -8.7278902e-03 -3.6386020e-02
 -4.1432008e-02 -3.7447290e-02 -3.3889911e-02 -2.2575067e-02 -6.1618792e-03
 -5.7619924e-03 -1.9974813e-02 -2.5337484e-02 -1.5060139e-02  5.7368049e-03
  1.1946795e-02  1.5573511e-02  2.8272534e-02  3.5780388e-02  3.4795529e-02
  3.2480543e-02  3.3751238e-02  3.6001132e-02  4.2521579e-02  4.7610018e-02
  4.1966888e-02  4.1514080e-02  3.1818310e-02  2.4642140e-02  2.0439791e-02
  3.2859771e-03 -1.8204330e-02 -2.5482949e-02 -1.8494977e-02 -3.4614405e-03
 -1.7402009e-03 -1.3170511e-02 -3.0850432e-02 -3.7925570e-02 -2.1410783e-02
 -1.5029008e-02 -2.4135560e-02 -3.3768218e-02 -3.6937880e-02 -3.9640583e-02
 -4.6412905e-02 -3.8791566e-02 -2.8217914e-02 -3.8681194e-02 -4.5187491e-02
 -5.7767086e-02 -5.6145465e-02 -4.5210132e-02 -3.1761709e-02 -3.2704118e-02
 -3.4294609e-02 -3.0573086e-02 -3.1792840e-02 -3.3117306e-02 -2.7295882e-02
 -1.7771898e-02 -2.2804019e-02 -1.7843781e-02 -7.9994340e-03  6.0226404e-03
  1.2897694e-02  1.1820858e-02  1.0721947e-02  6.9565587e-03 -3.6168105e-03
 -1.0282440e-02 -3.5033253e-03 -4.5804443e-03 -5.5633225e-03 -8.6956276e-03
 -1.9139380e-02 -1.9912268e-02 -1.0118296e-02 -1.0489317e-02 -2.2823263e-02
 -3.2075845e-02 -1.9618509e-02 -2.6414603e-04  3.2157917e-03  5.8760436e-03
  1.9537003e-02  1.0767511e-02 -1.5468233e-02 -2.9899533e-02 -1.2887788e-02
  1.3768501e-02  2.2893731e-02  1.7145606e-02 -4.7825103e-04 -8.1893307e-03
 -2.5993491e-05  2.3580869e-02  3.9388708e-02  3.6943540e-02  4.5931796e-02
  4.9407103e-02  3.9012311e-02  2.8501486e-02  2.0221876e-02  3.1306070e-02
  2.8620348e-02  1.7332956e-02  7.9773596e-03  2.2302533e-03  1.0345833e-02
  2.5576907e-02  2.6893165e-02  2.6258384e-02  2.6118013e-02  2.8657139e-02
  1.9628131e-02  1.4501486e-02  2.6106693e-02  3.6459601e-02  4.7745861e-02
  4.9141078e-02  4.3953587e-02  2.4570256e-02  1.0619782e-02  2.1467667e-02
  2.7046837e-02  1.1830480e-02 -9.3264469e-03 -3.0621197e-02 -2.8164143e-02
 -1.8976935e-02 -1.0132164e-02  1.5970567e-02  3.5950191e-02  3.0595727e-02
  1.2078959e-02 -4.8280741e-03 -1.5473610e-02 -1.7958398e-02 -1.8093392e-02
 -3.0239140e-02 -3.5443611e-02 -3.5152115e-02 -3.5565304e-02 -3.6337909e-02
 -3.7922739e-02 -3.7438800e-02 -2.9095797e-02 -1.0570539e-02  1.0845620e-02
  8.6084619e-03 -2.3569549e-03 -3.2888071e-03 -1.4340739e-02 -9.7438800e-03
  2.9008066e-03  1.1057875e-02  1.0737795e-02  1.0318098e-02  9.0573086e-03
  9.8995330e-03  9.3456912e-03  1.2031131e-02  3.6029433e-03 -2.4834300e-03
 -6.9265601e-03 -1.7851988e-02  1.6881845e-02  5.0055186e-02  5.9233055e-02
  4.9673129e-02  4.0503750e-02  3.7110514e-02  4.5312014e-02  5.6657705e-02
  5.3824820e-02  5.4733267e-02  5.4300269e-02  4.5108250e-02  2.0384604e-02
  1.5016556e-02  2.7835857e-02  2.3544927e-02  9.4574784e-03  5.5452101e-03
  7.9968869e-03  6.6424225e-03  1.4749682e-02  2.3269563e-02  2.4724494e-02
  2.3779539e-02  2.3411349e-02  3.1999434e-02  4.0322626e-02  4.4703552e-02
  4.1780105e-02  3.1325881e-02  1.1856516e-02  1.2267723e-04  4.6087449e-04
 -3.1337201e-03 -2.2901656e-02 -4.3254563e-02 -5.1099476e-02 -4.6364794e-02
 -3.7713315e-02 -2.4340456e-02 -1.6123107e-02 -2.9616528e-03 -1.3405122e-04
 -1.2219046e-02 -1.2303099e-02 -1.3087590e-02 -1.5305504e-02 -3.0870242e-02
 -4.3693222e-02 -3.9722655e-02 -2.9234470e-02 -3.0507995e-02 -3.3918211e-02
 -3.1240979e-02 -3.7447290e-02 -4.8057167e-02 -4.9537286e-02 -6.0421678e-02
 -6.7194000e-02 -5.4665346e-02 -5.2738078e-02 -5.8381208e-02 -5.3156927e-02
 -4.2281024e-02 -2.8838262e-02 -1.5188623e-02  3.0318381e-04  8.6851564e-04
  1.7618226e-03 -7.8055752e-03 -2.7758030e-02 -3.7056743e-02 -3.5859629e-02
 -3.4888920e-02 -2.3981322e-02  2.6283006e-03  1.0250177e-02  9.7073723e-04
 -6.5889345e-03 -1.3557945e-02 -2.3709353e-02 -2.4324890e-02 -2.2444319e-02
 -3.1914532e-02 -3.0624027e-02 -2.3992359e-02 -2.1569832e-02 -1.0774303e-02
 -1.0646385e-03  5.9354747e-03  1.6045281e-02  2.3859629e-02  2.0772322e-02
  9.9496250e-03  7.8514221e-03  1.9559360e-02  1.4793830e-02  6.0795246e-03
 -4.7128909e-03 -9.0706099e-03 -4.7779822e-03  1.6244517e-02  4.0121692e-02
  5.3754068e-02  5.5788878e-02  4.4004528e-02  3.9349087e-02  4.2414037e-02
  3.2610726e-02  3.0527805e-02  2.4600255e-02  1.6141503e-02  1.8125088e-02
  2.6511957e-02  4.1632942e-02  4.4703552e-02  3.3431442e-02  4.0365077e-02
  4.9149568e-02  4.6625159e-02  4.6455356e-02  3.4277628e-02  2.2415735e-02
  6.4349795e-03 -1.9577190e-03 -7.3708787e-03 -4.0161313e-04  1.2949201e-04
  1.2189614e-02  1.3520023e-02 -1.4730437e-03  1.0614122e-03 -9.1954153e-03
 -1.5593321e-02 -2.3422952e-02 -1.9903495e-02 -2.6569407e-02 -3.3530494e-02
 -3.4218197e-02 -3.0686288e-02 -2.7479270e-02 -3.4549314e-02 -2.1507570e-02
 -1.8374416e-02 -1.7456912e-02 -1.8551295e-02 -1.6150559e-02 -1.2371303e-02
 -1.2901939e-02 -3.4854960e-03  4.2847036e-04  9.6456771e-03  1.7470780e-02
  1.1069761e-02  2.3477572e-03 -1.3089571e-02 -1.4704684e-02 -2.1933494e-02
 -4.2957408e-02 -4.7077968e-02 -4.9390123e-02 -5.0128768e-02 -5.0590067e-02
 -5.0423093e-02 -5.0757040e-02 -4.7946795e-02 -3.8650064e-02 -3.9595302e-02
 -2.0960521e-02  6.0348097e-03  7.2087166e-03 -2.2019244e-03 -1.3542097e-02
 -2.2953163e-03  3.2056035e-03 -1.1464554e-02 -4.7276072e-03 -7.7119004e-03
 -3.3598415e-03  1.0792132e-03  8.0631102e-03  1.6352625e-02  2.6103014e-03
  8.4236593e-03  3.0236310e-02  5.5259658e-02  7.6224706e-02  8.2054620e-02
  8.1876327e-02  8.0458469e-02  8.5128060e-02  9.2684307e-02  8.2745154e-02
  8.1867836e-02  7.3442762e-02  6.2046130e-02  6.1395217e-02  5.8539692e-02
  5.3796519e-02  3.9833027e-02  3.6434130e-02  2.8535446e-02  1.9873780e-02
  2.1345691e-02  2.1084760e-02  2.1130607e-02  2.2476298e-02  1.8009339e-02
  5.6711476e-03  4.4083770e-03  3.8901939e-03  3.0977784e-03  5.6071883e-03
  5.8429319e-04 -6.3857365e-03 -1.5051932e-02 -8.9964624e-03 -1.1925570e-02
 -1.7486628e-02 -2.7106269e-02 -3.6898260e-02 -4.3347955e-02 -5.0703269e-02
 -4.7618509e-02 -5.2194708e-02 -4.0011320e-02 -4.7256261e-02 -5.4413471e-02
 -4.6783642e-02 -2.4057733e-02 -1.4768643e-02 -2.0248196e-02 -2.3923872e-02
 -3.4294609e-02 -1.6688835e-02 -3.2327720e-03 -6.7318523e-04 -1.4398189e-03
 -1.0314702e-02 -2.2515636e-02 -3.3247488e-02 -2.8988255e-02 -1.4175463e-02
  5.0689118e-03  4.1205604e-03  6.6868544e-03  1.5212396e-02  2.4704118e-02
  2.4383755e-02  1.2060563e-02  1.2551295e-03 -3.7399179e-03 -5.5265318e-03
 -4.1392387e-03  2.9542946e-03  1.0503184e-02  1.5506438e-02  1.3637187e-02
  1.3896986e-02  1.2426489e-02  1.2872223e-02  1.0200085e-02  1.1187774e-02
  3.8276496e-03 -6.8648649e-03 -5.7701995e-03 -6.2909297e-03 -5.1218339e-03
 -5.7866138e-03 -4.2184803e-03 -5.2995613e-03 -1.4624027e-02 -2.5774162e-02
 -3.4487052e-02 -3.3238998e-02 -2.2679779e-02 -8.3251733e-03  1.2455639e-02
  3.9934909e-03 -1.7581152e-02 -2.0229517e-02 -2.1150134e-02 -1.9093816e-02
 -1.9434555e-02 -1.8271402e-02 -3.0072166e-02 -3.3519174e-02 -3.3595585e-02
 -3.0287251e-02 -1.7090420e-02 -1.1231640e-02 -3.4866280e-03  4.3806424e-04
 -6.2648932e-03 -6.7335503e-03 -1.0470072e-02 -1.8248196e-02 -2.8393944e-02
 -3.2955993e-02 -1.4298571e-02 -1.6308759e-04 -9.8276496e-04 -1.5295316e-03
  1.1907740e-02  7.4583274e-03  7.0624027e-04  1.6913825e-02  3.5214377e-02
  4.2586670e-02  3.2146597e-02  2.1423801e-02  1.5265035e-02  1.9135984e-02
  3.0287251e-02  4.3922456e-02  4.3616811e-02  3.1475874e-02  3.0284421e-02
  3.1147587e-02  3.0386303e-02  1.5518891e-02  4.1519740e-03 -9.8426489e-03
 -2.5398330e-02 -3.6838828e-02 -4.6146880e-02 -4.8716570e-02 -5.4492713e-02
 -4.9582567e-02 -4.3710202e-02 -3.5036083e-02 -1.8946653e-02 -1.6855809e-02
 -2.7633791e-02 -1.6862035e-02 -1.7338050e-02 -1.1067214e-02 -4.4929956e-03
 -3.4472902e-03 -3.6589784e-03 -8.4629970e-03 -6.7714730e-03 -1.2082921e-02
 -1.2130466e-02 -1.4710344e-02 -2.2792415e-02 -3.4951182e-02 -1.9046271e-02
 -3.9003821e-03  3.6397340e-03  2.0224989e-02  3.2339041e-02  3.1263620e-02
  1.8055752e-02  1.5639734e-02  1.3510117e-02  1.9332956e-02  1.7580020e-02
  1.3542380e-02  1.4781378e-02  8.2241404e-03  8.3005519e-04 -4.5866704e-03
 -3.5902080e-03 -6.7479836e-03  2.7115325e-03  1.2227536e-02  1.8777133e-02
  3.0745720e-02  3.0465544e-02  3.3306919e-02  4.3993208e-02  4.7703410e-02
  4.5875195e-02  4.8784491e-02  4.7027027e-02  3.8347248e-02  3.2859771e-02
  3.4580444e-02  3.2842790e-02  3.3889911e-02  3.6575633e-02  3.4201217e-02
  3.4433281e-02  3.5449271e-02  3.3923872e-02  2.2431583e-02  2.1075987e-02
  1.7474459e-02  5.3827650e-03  1.6073298e-03  2.1378520e-03 -6.9186359e-03
 -6.7049667e-03  9.0191029e-04  2.7763973e-03  1.2001132e-02  1.9225131e-02
  1.5103156e-02  4.4895995e-03 -8.7162870e-03 -1.1955002e-02 -1.0293477e-02
 -1.2642706e-02 -1.8386869e-02 -2.4144616e-02 -2.6060280e-02 -3.4948351e-02
 -3.7699165e-02 -3.5791708e-02 -1.7003255e-02  3.4854960e-03  6.7816612e-03
  5.7158625e-03  6.7179850e-03  8.3313995e-03  1.1770483e-02  1.0531201e-02
  9.6615254e-04 -1.2843639e-02 -2.9115608e-02 -4.3169662e-02 -4.8495826e-02
 -5.5989812e-02 -5.7682185e-02 -4.8733550e-02 -5.0768360e-02 -6.1386727e-02
 -6.3421537e-02 -4.5060139e-02 -2.9992925e-02 -3.3377671e-02 -4.3673412e-02
 -4.2348946e-02 -2.6514504e-02 -1.8791283e-02 -3.2955993e-02 -2.9149568e-02
 -1.9033536e-02 -7.3086175e-03  1.0799208e-02  2.5729447e-02  3.4382340e-02
  3.0646668e-02  3.1504174e-02  2.7719825e-02  1.3042592e-02 -1.5178718e-03
  4.2493279e-03  1.5757747e-02  2.6715155e-02  2.3592755e-02  1.5251167e-02
  8.9336352e-03  2.5730862e-03  8.5832744e-03  1.8660535e-02  4.0840526e-02
  4.7007217e-02  4.4969577e-02  4.5351634e-02  4.6854394e-02  4.4355455e-02
  4.2547050e-02  4.2196123e-02  3.3151266e-02  2.0472902e-02  9.4945521e-03
  8.4499788e-03  3.0474034e-03  3.4679496e-04 -1.0746286e-03 -3.0989104e-03
 -1.2832885e-02 -1.9223716e-02 -8.1915947e-03  4.5181831e-03  1.7084760e-02
  1.8326022e-02  1.3855384e-02  1.4948351e-03 -1.2587519e-03  3.4920051e-03
 -2.7218056e-04  5.8432149e-03  8.6110089e-03  1.4990519e-02  1.7016273e-02
  4.1644262e-03 -5.9134003e-03 -8.7089288e-03 -6.8829772e-03 -1.2435545e-02
 -2.8730720e-02 -2.9115608e-02 -1.3927551e-02  3.0024055e-03  1.2938163e-02
  1.4990802e-02  8.0549031e-03 -2.3847460e-03 -5.8474600e-03 -7.4982312e-03
 -9.6714306e-03 -1.0524126e-02 -1.1896703e-02 -2.2224706e-02 -2.8022074e-02
 -4.0846187e-02 -4.6390265e-02 -4.3647941e-02 -4.0721664e-02 -3.6105844e-02
 -2.7816612e-02 -2.0569124e-02 -1.7773879e-02 -1.4770341e-02 -2.4775152e-02
 -3.2135277e-02 -2.8501486e-02 -1.9224565e-02 -1.5982171e-02 -1.4049526e-02
 -1.3369747e-02 -1.7434272e-02 -2.5195981e-02 -2.3743597e-02 -1.9569549e-02
 -1.7488326e-02 -1.7966039e-02 -2.2675534e-02 -1.3505306e-02 -5.6830338e-03
 -1.0652328e-02 -1.3718127e-02 -1.1086175e-02 -1.5010613e-02 -1.5877459e-02
 -1.2191878e-02 -9.2039055e-03 -1.1189472e-02 -1.5312580e-02 -1.5377105e-02
 -1.0320645e-02 -4.1366917e-03 -1.0353757e-02 -1.1445592e-02  2.4049809e-03
  1.5184378e-02  1.5992076e-02  1.7571813e-02  1.8150276e-02  1.4790151e-02
  7.9063252e-03 -2.1170228e-03 -1.2001415e-02 -1.2702137e-02 -1.3103439e-02
 -8.8476015e-03  1.3225414e-02  2.7996604e-02  3.0004245e-02  3.2955993e-02
  3.5938871e-02  3.0635347e-02  2.0307627e-02  1.7713032e-02  1.5196830e-02
  1.9193434e-02  2.3367766e-02  1.7283147e-02  1.6319230e-02  1.6973256e-02
  2.1715862e-02  2.7242960e-02  2.9090137e-02  2.9466535e-02  3.1707938e-02
  4.0237725e-02  4.0557521e-02  3.1849441e-02  2.7839536e-02  2.9296731e-02
  2.6131032e-02  1.4827225e-02  8.7482666e-03  1.7252016e-02  2.8309042e-02
  2.5461157e-02  1.5627565e-02  1.1183812e-02  1.1583699e-02  1.6653743e-02
  1.6932220e-02  2.0332814e-02  2.0316966e-02  1.4213103e-02  1.4847885e-02
  7.4820999e-03 -5.9883968e-03 -1.4234046e-02 -2.3038913e-02 -2.9033536e-02
 -2.4348946e-02 -2.5113627e-02 -1.3876893e-02  8.3328145e-04  2.0369888e-02
  2.0168671e-02  9.4218197e-03  6.7448705e-03 -2.6270836e-03  3.7410500e-03
 -5.5353049e-03 -8.7626999e-03 -1.6529786e-02 -3.1190038e-02 -3.9634923e-02
 -4.1100891e-02 -3.2296590e-02 -1.5160323e-02 -7.3301259e-03 -4.2524409e-03
  6.8648649e-03  1.6429602e-02  2.3700014e-02  1.7456346e-02  8.1290505e-03
  4.2872506e-03  6.7672280e-03  6.4332814e-03  1.0530918e-02  1.8157917e-02
  1.5894439e-02  6.3509268e-03 -8.2048960e-03 -6.8648649e-03  1.4303665e-03
  3.7201075e-03 -5.7752936e-03 -9.4866280e-03 -3.9833027e-03 -7.4733267e-03
 -1.3209283e-02 -1.2545352e-02 -3.4300269e-03 -6.4123390e-03 -1.1419839e-02
 -7.3861610e-03  4.0404698e-03  4.4448847e-03  1.3850856e-02  1.4337343e-02
  8.4669591e-03  9.1190038e-03 -4.9327862e-03 -7.2123956e-03 -6.6432715e-03
  5.7942550e-03  9.6326588e-03  6.9800481e-04  7.3640866e-03  8.3110231e-04
  2.0422527e-03  1.1804443e-02  7.6564313e-03  2.6627423e-03  4.7154380e-03
  1.6676100e-02  2.6607047e-02  2.1028725e-02  7.4453092e-03  5.7212396e-03
  4.5911985e-03  5.6204896e-03 -5.8941559e-03 -1.2535446e-02 -1.3721523e-02
 -6.9166549e-03  2.5076270e-03  9.0264610e-03  2.1416726e-02  1.3032404e-02
  6.4828074e-03  1.7454931e-02  1.9498797e-02  1.0147729e-02  3.9620773e-03
  3.2831470e-03 -4.0299986e-03 -1.5046271e-02 -1.5083345e-02 -1.7227961e-02
 -1.6432715e-02 -1.8243102e-02 -1.5093533e-02 -2.7077685e-03 -2.0208292e-03
 -7.9199094e-04 -2.3684732e-03 -9.6187916e-04 -1.0070468e-02 -1.7817178e-02
 -1.8630819e-02 -1.8095656e-02 -1.9845762e-02 -3.0813641e-02 -2.2110372e-02
 -2.0105278e-02 -1.9661242e-02 -2.0657988e-02 -2.1861327e-02 -2.1864157e-02
 -1.3137965e-02 -5.9218905e-03 -1.6841941e-03 -2.2464978e-03 -5.8401019e-03
  6.8835432e-03  1.1307769e-02  1.5345691e-02  5.4257818e-03  8.3192302e-03
  1.2279326e-02  1.5488892e-02  2.1638602e-02  2.4757040e-02  3.1965473e-02
  2.4950616e-02  1.6417150e-02  3.6881279e-03  3.0932503e-03  2.5174756e-03
  2.8484505e-03  1.3355879e-03  4.0195274e-03 -3.3731428e-03 -1.2694213e-02
 -1.6119145e-02 -2.5350785e-02 -3.2002264e-02 -3.6470921e-02 -3.1685298e-02
 -2.9200509e-02 -3.0459884e-02 -4.3780954e-02 -4.6647800e-02 -4.8580727e-02
 -4.5702561e-02 -3.5157776e-02 -2.3059573e-02 -1.7856516e-02 -1.0021508e-02
  1.0961370e-03  1.1875478e-02  1.5925004e-02  1.4562898e-02  1.2234046e-02
  7.9046271e-04  1.0147163e-02  1.2254139e-02  1.3185510e-02  1.1658695e-02
  1.2277911e-02  1.7363238e-02  1.4777982e-02  3.9801896e-03 -4.1814065e-03
 -6.3591340e-03 -2.3319655e-03  8.5023348e-03  1.7517193e-02  1.4982595e-02
  8.1567851e-03  3.8021791e-03  1.9711051e-03  7.1821141e-03  6.8498656e-03
  2.2572803e-03 -1.5289090e-03  1.0101316e-02  1.1166549e-02  1.8246215e-02
  2.4280458e-02  2.4525541e-02  2.1861610e-02  9.2073015e-03  7.7263337e-03
  5.5653035e-03  1.1359842e-02  1.5360691e-02  1.5245790e-02  1.2507429e-02
  3.6770907e-03 -2.6775435e-03 -2.7145606e-03 -3.2239989e-03  2.1547474e-03
  8.5133720e-03  9.6601104e-03  9.7704825e-03  5.2064525e-03  5.2429602e-03
  1.0530635e-02  1.0471487e-02  1.3218339e-02  1.3978492e-02  1.6074713e-02
  1.4632517e-02  1.7170794e-02  1.2133862e-02  1.3733975e-03 -4.3880006e-03
 -1.6405830e-02 -1.4318664e-02 -1.9785482e-02 -1.7112495e-02 -1.4049809e-02
 -9.7124664e-03 -9.8669874e-03 -1.5047120e-02 -1.4542522e-02 -1.5564455e-02
 -1.5719259e-02 -1.4720532e-02 -2.3615962e-02 -3.4354040e-02 -4.1106552e-02
 -4.7196830e-02 -4.6562898e-02 -4.6387435e-02 -4.6862884e-02 -3.9807556e-02
 -3.2061695e-02 -3.0558936e-02 -2.1400028e-02 -1.4782510e-02 -1.8939578e-02
 -9.5463422e-03 -3.1838121e-03 -2.4236027e-03 -8.9916513e-03 -1.2099335e-02
 -2.9486345e-03 -4.4692231e-03 -2.9978775e-03 -4.7525117e-03 -1.1164285e-02
 -1.8499222e-02 -1.8285553e-02 -1.3748408e-02 -7.9190604e-03 -4.3664921e-03
 -4.9025046e-03 -4.6885524e-03 -5.2593746e-03 -3.1631527e-03 -1.5052781e-03
 -3.6284138e-03 -2.0699873e-03  4.7825103e-05 -1.6371586e-03 -2.8233763e-03
 -3.4113485e-03  2.7954153e-03  1.0940427e-02  1.1618792e-02  1.2453658e-02
  1.2369039e-02  1.3927551e-02  1.3070893e-02  1.2283855e-02  1.9306636e-02
  2.3476440e-02  3.0493845e-02  3.4031414e-02  3.5505872e-02  4.1092401e-02
  4.5159191e-02  4.6582708e-02  4.7332673e-02  4.2895146e-02  3.6869959e-02
  3.1170228e-02  3.0969294e-02  2.9896703e-02  3.1849441e-02  3.7161455e-02
  3.2101316e-02  2.7281166e-02  1.7390123e-02  1.5576058e-02  1.7249186e-02
  9.0261780e-03  1.9967737e-03  3.8703835e-04 -9.5036083e-03 -1.4912693e-02
 -4.8575067e-03  3.1798500e-03  2.4174048e-03  3.0796661e-03  2.7936324e-03
  2.5194849e-03  5.4710627e-03  4.2705533e-03  4.3526249e-03 -6.1395217e-03
 -1.3624169e-02 -1.2606764e-02 -5.6029433e-04  3.1557945e-03 -3.5338899e-03
 -3.3258809e-03 -1.6563464e-03  2.0992217e-03 -7.6434130e-03 -1.6002830e-02
 -5.1923022e-03 -5.7387859e-04 -2.3119004e-03 -1.6303382e-03 -7.5613414e-03
 -7.3609735e-03 -1.6469789e-02 -2.2176029e-02 -2.2494411e-02 -1.5429178e-02
 -8.1146172e-03 -3.0216499e-03 -1.2007358e-03 -9.2774869e-03 -7.0380642e-03
 -9.9357577e-03 -7.4164426e-03 -1.6787604e-02 -1.7832178e-02 -1.4638460e-02
 -1.7966322e-02 -1.7576058e-02 -1.6261497e-02 -1.0315834e-02 -1.9190604e-02
 -2.0093675e-02 -2.2689401e-02 -2.0566011e-02 -8.3308335e-03 -6.6817603e-03
 -7.0380642e-03 -6.7058158e-03 -7.1900382e-03 -6.0775435e-03 -5.3023914e-03
 -2.8240272e-03 -1.1992076e-02 -1.7556813e-02 -1.7952738e-02 -1.3882270e-02
 -1.9551153e-02 -2.8948634e-02 -3.7192585e-02 -3.2211688e-02 -2.8379793e-02
 -2.1573794e-02 -1.1861893e-02 -1.3406537e-02 -1.5268714e-03  5.9170794e-03
  1.7623603e-02  1.6304231e-02  1.8068204e-02  1.4615820e-02  1.0079525e-02
  1.6474034e-02  1.6690250e-02  1.6988255e-02  1.8357719e-02  3.1170228e-02
  3.5016273e-02  3.6199236e-02  4.2532899e-02  3.5446441e-02  3.9691524e-02
  4.8102448e-02  4.9132588e-02  4.6132730e-02  4.3854535e-02  3.9349087e-02
  2.9421254e-02  3.2483373e-02  3.0117447e-02  2.9865572e-02  2.9551436e-02
  2.9842932e-02  2.9115608e-02  2.9602377e-02  2.3173341e-02  1.2662516e-02
  2.3574643e-02  2.8039338e-02  2.7076553e-02  1.6963634e-02  1.2243385e-02
  1.2937314e-02  3.1484364e-03 -3.2619216e-04  1.1678789e-03 -7.1982454e-04
 -4.8235461e-03 -1.0969577e-02 -1.3629546e-02 -1.2851281e-02 -1.3351634e-02
 -1.4156219e-02 -1.4678930e-02 -1.3475591e-02 -1.4961087e-02 -1.5111080e-02
 -1.6522994e-02 -1.5723787e-02 -2.0440074e-02 -3.2237159e-02 -3.4334230e-02
 -3.3700297e-02 -4.4412056e-02 -4.9460874e-02 -4.8996745e-02 -4.7737371e-02
 -4.6896844e-02 -4.6053488e-02 -4.3342295e-02 -4.0152823e-02 -3.1676808e-02
 -2.1790293e-02 -1.4029150e-02 -9.6417150e-03  9.8514221e-04  9.7385029e-03
  3.0468374e-03  1.6143201e-03  8.9291071e-04  1.2108674e-02  1.5505872e-02
  3.8352908e-03  3.5726617e-03  2.3429461e-03  4.6251592e-03  3.7246356e-03
  5.8284987e-03  3.5007783e-03 -8.9163719e-03 -2.5002123e-03  7.4948351e-03
  7.9241545e-03  1.0121409e-02  7.9742465e-03  1.9651337e-02  2.4419980e-02
  3.1747559e-02  3.2548465e-02  2.4149710e-02  2.4256120e-02  2.4625442e-02
  2.3400877e-02  2.1684166e-02  2.2249045e-02  2.2725343e-02  1.2704684e-02
  7.1886232e-03  6.1047120e-03 -3.7390689e-03 -1.8628555e-03  3.1221169e-03
  4.5422386e-03  4.4839394e-03  1.8504033e-02  1.1741050e-02  3.8245366e-03
  1.5133437e-02  1.9834159e-02  2.0909014e-02  9.9034951e-03  6.3860195e-03
 -5.3966322e-03 -2.4888354e-03  5.1880572e-03  5.8013301e-03 -2.8869393e-03
 -1.4094807e-02 -1.2702420e-02 -1.3682751e-02 -1.4116598e-02 -1.2647800e-02
 -1.9383048e-02 -2.8634498e-02 -3.8321777e-02 -4.6203481e-02 -4.6087449e-02
 -3.1082496e-02 -1.6474034e-02 -1.6218763e-02 -1.4606481e-02 -1.5284562e-02
 -2.5758030e-02 -2.8883543e-02 -3.0884392e-02 -2.3681336e-02 -1.2814490e-02
 -1.3027310e-02 -1.2369039e-02 -1.0553559e-02  8.7890194e-04  2.3810669e-03
 -9.1753219e-04  4.7029857e-03  1.2191878e-02  1.3985850e-03  9.2545635e-03
  1.4321777e-02  3.0759870e-03 -3.6541673e-04 -1.7791142e-04  1.0233763e-03
  8.8410924e-04  1.3427763e-03  1.5102873e-03  1.7941701e-03  9.1798500e-03
  1.6590916e-02  1.6361398e-02  1.5714730e-02  1.4065657e-02  1.5269280e-02
  1.4325456e-02  1.4091694e-02  1.3897269e-02  1.3871515e-02  1.3886798e-02
  1.3846328e-02  1.4447432e-02  1.8900807e-03  2.4065657e-03  1.4880996e-02
  1.7320787e-02  1.7813216e-02  1.8005660e-02  1.8171218e-02  1.6185369e-02
  5.6134145e-03  7.0338192e-04  1.8326588e-03 -4.7833593e-05  1.4354323e-03
  3.0655158e-03 -3.8517051e-03 -1.2517334e-02 -9.3332390e-03 -1.2064808e-02
 -5.4996462e-03  3.8998160e-03  8.1949908e-03  2.0971841e-02  2.0983727e-02
  2.1236734e-02  2.0724211e-02  2.2038772e-02  1.8819018e-02  5.7942550e-03
  6.3749823e-03 -1.7647941e-03 -8.8651479e-03 -1.1453233e-02 -1.0124522e-02
 -1.7470780e-02 -2.6292628e-02 -2.7644262e-02 -3.4704967e-02 -3.2573935e-02
 -3.2344701e-02 -2.0000849e-02 -1.5034951e-02 -1.3555681e-02 -1.3556530e-02
 -1.5461440e-02 -2.0164426e-02 -2.7005236e-02 -3.0479694e-02 -3.2404132e-02
 -2.0717985e-02 -2.0955710e-02 -1.8575350e-02 -1.8429036e-02 -1.5430593e-02
 -1.9171360e-02 -9.2070185e-03 -4.0568841e-03 -1.4349229e-04  1.1244092e-02
 -2.3774728e-04 -4.6053488e-03 -8.3537569e-03 -5.3652186e-03 -4.9619358e-03
  9.6315268e-03  3.9235885e-03  5.8584972e-03  1.2796095e-02  1.1715013e-02
  1.3138814e-02  1.1951606e-02  1.1534456e-02  1.1693505e-02  4.3104571e-03
 -3.5245507e-03  2.1372294e-02  2.1322202e-02  1.2742606e-02  1.1818310e-02
  1.4097920e-02  2.6739493e-02  2.6054620e-02  1.5066365e-02  1.3377388e-02
  4.5198811e-03 -2.1450403e-03 -5.5805858e-03  1.2895995e-03  1.1778973e-02
  0.0000000e+00  0.0000000e+00  0.0000000e+00  0.0000000e+00  0.0000000e+00
