Scaled from
PEER NGA STRONG MOTION DATABASE RECORD
ACCELERATION TIME SERIES IN UNITS OF G
NPTS= 1999.000000, DT= 0.020000, Scalar= 1.000000
  3.7372220e-02 -1.6387991e-03  1.9965057e-03  7.1168907e-03  1.3887109e-02
 -8.5894037e-04 -4.2869623e-03  1.9466965e-02 -8.8523962e-03  6.2633910e-03
  1.7649313e-02 -4.7706478e-03 -1.0973808e-02  9.2796824e-03  2.4463210e-02
 -1.3570323e-02  5.3228402e-03  3.8688716e-02  6.8611013e-03 -2.0665451e-02
  1.0860243e-02  2.5157474e-02 -4.1586844e-03  1.3865193e-02 -8.4488651e-03
  1.2823951e-02  1.9148186e-02  9.7083480e-03 -3.3625036e-03  6.8675382e-03
  4.5202225e-04 -2.6478567e-03  8.1700869e-03  1.7621726e-02  2.6349829e-03
  5.6966390e-03  7.3147481e-05 -1.3075756e-02  8.5242686e-03 -5.8872933e-03
 -1.0878634e-02 -1.3013533e-02  1.6044690e-02  1.1050591e-02  1.5479164e-02
 -3.9444283e-02  1.7606400e-02  3.0127665e-02 -7.6706156e-03  4.4000674e-02
 -7.0238624e-02  8.0652577e-03  1.2217965e-02 -3.2038805e-02 -4.3701819e-02
  1.2263636e-02 -7.7919968e-04 -3.6006682e-02  5.1714203e-02 -1.0042759e-02
 -1.2796211e-05 -2.0213337e-02 -1.3482965e-02  3.3674079e-02 -1.6810986e-02
 -1.0955877e-02  5.7298962e-02 -2.0788058e-02 -1.8696072e-02  1.9612561e-02
  3.9225122e-02 -4.5625220e-02  1.8530552e-03  6.2443869e-02 -3.2857209e-02
  6.0526598e-02  9.1829760e-03 -4.5770816e-02 -1.3553924e-02  7.9636470e-02
 -4.7401493e-03 -1.0168432e-01  3.1752211e-02  2.4038683e-02 -1.0019924e-02
 -4.0737789e-02  2.6213429e-02 -1.9051633e-02 -1.0205214e-01  1.1397569e-02
 -5.2201566e-02 -3.7195972e-02  7.7032598e-02 -4.0403684e-02  1.2084783e-02
  4.7435210e-03 -1.9154317e-02 -5.0793116e-02 -5.9767966e-02  7.6014958e-02
 -6.0434643e-02 -3.3258747e-02  9.0810587e-02 -7.4338304e-03 -1.3645726e-01
  7.8755230e-02  5.7551840e-02 -6.2572606e-02  5.3492008e-03  3.3248019e-03
 -1.2517893e-02 -1.6312894e-02  9.2835139e-02  8.2088614e-02 -3.1304694e-02
 -1.0145903e-01  6.5751199e-02 -8.0920780e-02 -7.9179758e-02  8.7304020e-02
  4.6987693e-02  1.5396405e-02 -1.4960536e-02  1.0427440e-01 -6.5706754e-02
 -1.5425524e-01  4.4245889e-02  4.9274318e-02 -1.6331285e-01  1.4797315e-01
  1.0965226e-01 -1.3659366e-01 -4.4612178e-02 -3.6895585e-02  1.0356481e-01
 -9.2278809e-02 -2.2509157e-01  1.5341231e-01  1.0943463e-01 -1.2399424e-01
 -2.2542874e-02 -2.0424834e-01 -8.7563028e-03  1.6624010e-01 -1.1515885e-02
 -3.1879416e-02 -7.5991969e-02 -1.4377385e-01  4.9190026e-03  1.4441294e-01
  3.0213490e-02  2.1442474e-01 -1.1844932e-02 -3.9756931e-02  5.6659872e-02
  5.3640669e-02  8.9215160e-02 -1.2938283e-01  1.5261230e-01  6.1551901e-02
 -3.8503272e-02  2.3548254e-01  1.9338227e-01  3.3793621e-02 -7.9005042e-04
  6.5784916e-02 -4.4881914e-02 -2.5638707e-02  1.4132784e-01 -3.8351546e-03
 -1.4008797e-02  1.7523640e-01  1.4630722e-01  1.5805606e-01 -1.7790311e-01
 -1.8174991e-01  7.8649481e-02  5.5629971e-02 -2.3204953e-02 -1.6990299e-01
 -1.0282150e-02 -1.5980322e-01  1.1360634e-01  9.3035909e-02  1.4288035e-01
  2.8417294e-01  7.5926068e-02  7.9044890e-02 -4.2558507e-02  8.2396665e-02
 -1.4994866e-01 -2.6639489e-01 -2.4467808e-01 -2.8192003e-01 -3.1851829e-01
 -3.3513157e-01 -1.7174210e-01 -5.5375561e-02  8.7458812e-02 -1.2032981e-01
 -4.8193842e-02  1.5591044e-02 -5.8995540e-02 -7.6606538e-02 -3.8196754e-01
 -2.5865531e-01 -2.3364343e-01 -4.4964674e-01 -5.0725682e-01 -4.7533296e-01
 -3.3704731e-01 -3.1162163e-01 -4.4049717e-01 -5.6065227e-01 -6.1286763e-01
 -5.1490444e-01 -2.8702356e-01 -1.1719260e-02  1.2967862e-01  2.2549005e-01
  1.6873822e-01 -3.5870282e-02 -4.9514935e-02 -2.0492268e-02 -1.0427440e-01
 -8.8560744e-02  3.3010468e-02  9.7132523e-02  1.4545510e-01  2.6755966e-01
  5.2347162e-01  5.8365645e-01  5.7439961e-01  8.3938451e-01  8.9530874e-01
  8.1150669e-01  6.8572698e-01  4.3888795e-01  1.9658539e-01  1.1867155e-02
 -9.0672654e-02  2.9647964e-01  3.0320771e-01 -1.7499119e-01 -5.2224555e-02
  6.6250824e-02  2.9042591e-01  4.0598323e-01  4.2383791e-01  3.7027387e-01
  3.8449631e-01  2.6446382e-01  1.5062453e-01  1.6041625e-01  1.8904504e-01
  8.7584484e-02 -4.6328679e-01 -2.7136048e-02  1.5385676e-01  1.5362688e-01
  2.5099235e-01  2.4461678e-01  3.6751521e-01  4.0362304e-01  1.6141244e-01
 -1.1248755e-01 -2.9191252e-01 -5.8971019e-01 -1.4456467e-02  2.5025671e-01
 -7.6834894e-02 -5.0960168e-01 -8.1532284e-01 -8.4258763e-01 -7.9421907e-01
 -1.7489923e-01  5.9510491e-01  5.8653772e-01  5.3648332e-01  4.6268908e-01
  3.0976720e-01  3.3902435e-01  4.6463547e-01  4.6492667e-01  9.2732456e-02
 -3.5295560e-01 -6.6264617e-01 -7.7849469e-01 -5.4373247e-01 -1.4233168e-01
  8.8133151e-02  2.4887738e-01  1.2204785e-01 -1.5121918e-01 -4.8659750e-01
 -7.0143604e-01 -6.7190302e-01 -5.9226961e-01 -5.3455225e-01 -2.9011939e-01
  1.2390075e-01  3.9461141e-01  4.8367025e-01  4.0532422e-01  8.0235712e-02
 -2.0708363e-01 -3.7047311e-01 -3.1890144e-01 -1.1352051e-01  2.0383454e-01
  4.6048215e-01  3.7571457e-01  3.7900964e-01  4.4337844e-01  3.6087909e-01
  1.0154179e-02 -4.7039801e-01 -8.4180600e-01 -1.0000000e+00 -7.6845622e-01
 -1.4548729e-01  9.2873454e-02 -1.6196417e-01 -3.3255682e-01 -4.0118623e-01
 -3.8311698e-01 -3.1657190e-01 -1.2640347e-01  1.2542261e-01  2.6409600e-02
 -4.5901087e-02 -3.5260311e-02 -1.2196662e-01 -9.3111006e-02  3.2164478e-02
  9.3186102e-02  1.6386458e-01  3.0714647e-01  4.0914037e-01  4.7327928e-01
  4.3332465e-01  2.3569710e-01  1.9755092e-02 -4.7628316e-02 -3.1687842e-02
  1.2017962e-01  3.5507058e-01  5.0233720e-01  4.0696409e-01  2.7519196e-01
  3.1399715e-01  2.0374259e-01  4.8599979e-02  1.4591181e-02  9.0433570e-02
  2.0407976e-01  1.0968137e-01 -4.9188493e-02 -2.0571963e-01 -2.9088568e-01
 -2.7292372e-01 -2.4499992e-01 -1.9394933e-01 -1.2834986e-01 -8.4362979e-02
  8.2016583e-02  1.5975724e-01  3.0475563e-02 -8.5647290e-02 -2.2998054e-01
 -2.8378979e-01 -2.2021793e-01 -1.3840672e-01 -4.4342442e-02  4.9681987e-02
  1.6297568e-01  2.3037901e-01  1.8421738e-01  8.8997533e-02 -3.3583656e-02
 -1.4786893e-01 -1.8544346e-01 -5.0089657e-02  5.0728747e-02  1.2469310e-01
  2.4170485e-01  1.9227881e-01  2.7513065e-02 -1.2964490e-01 -2.8811170e-01
 -3.0020383e-01 -1.4929118e-01 -1.9420987e-01 -2.5200386e-01 -2.5194256e-01
 -2.6483164e-01 -1.7535901e-01  1.2612301e-02  2.3146715e-01  2.5568208e-01
  1.7528238e-01  1.1434505e-01  4.2817514e-02  4.8390014e-02  1.2016429e-01
  1.4724670e-01  1.3380282e-01  1.4340603e-01  1.5554261e-01  6.9594936e-02
 -4.6912596e-02 -7.0011801e-02 -8.1313124e-02 -4.1737038e-02  3.4854174e-02
  1.9310641e-01  3.2349921e-01  2.7798127e-01  2.5349047e-01  2.1919110e-01
  2.1634048e-01  1.9896090e-01  1.3869485e-01  1.2217659e-01  1.4804058e-01
  2.0263912e-01  2.4156692e-01  2.3289246e-01  1.3394228e-01 -1.9214088e-03
 -1.5463839e-01 -1.9519073e-01 -1.9476161e-01 -2.8722279e-01 -3.1640332e-01
 -3.2414290e-01 -3.4664133e-01 -3.0903156e-01 -2.8549097e-01 -2.9238762e-01
 -2.6654815e-01 -2.0262380e-01 -9.9351714e-02  3.8622814e-03 -3.5203605e-02
 -6.0522000e-02 -4.1386075e-02 -6.1466076e-02 -8.8298671e-02 -1.2294595e-01
 -7.2250916e-02 -5.1855201e-02 -2.3624883e-02 -4.0089503e-02  3.1836503e-02
  1.2480958e-01  1.4182593e-01  2.5675489e-01  1.5284066e-01 -3.3266410e-02
 -1.5905225e-01 -1.7443946e-01 -4.8060507e-02  8.9353094e-02  2.0935187e-01
  2.4144431e-01  1.8585725e-01  1.2669313e-01  9.6199175e-02  6.1795583e-02
  3.5179083e-02  3.4792870e-02  2.3992705e-02  2.2139803e-02  8.1775966e-02
  1.9056231e-01  2.2683873e-01  1.9119067e-01  1.8529020e-01  1.2911462e-01
  4.4739383e-02 -2.5620316e-02 -2.4242517e-02  7.7665558e-02  1.2022713e-01
  6.7867707e-02 -1.3015219e-02 -5.9435394e-02 -1.0259161e-01 -3.8443501e-02
  8.7917056e-02  1.6528989e-01  1.8550476e-01  1.0575028e-01  4.6357799e-02
 -2.8173612e-02 -5.1505770e-02 -5.9349569e-02 -7.3313001e-02 -7.5683919e-02
 -3.6360711e-02 -3.2242640e-02 -1.3102576e-01 -1.9597235e-01 -2.0225597e-01
 -2.0788058e-01 -3.1146837e-01 -3.7563794e-01 -2.5476253e-01 -8.4602063e-02
  6.8292234e-02  1.4219068e-01  7.9674784e-02  1.2902573e-03 -5.7987096e-02
 -1.0850894e-01 -1.5117167e-01 -1.2094591e-01 -1.1504084e-01 -1.3667029e-01
 -1.2541648e-01 -1.7145090e-01 -1.9511410e-01 -1.6571901e-01 -1.1806311e-01
 -2.6276265e-02  7.3993471e-02  1.3669022e-01  1.8426336e-01  1.4597005e-01
  5.2291989e-02 -1.5942007e-02 -5.1154807e-02 -8.0505448e-02 -1.1073120e-01
 -7.1553587e-02  3.6687152e-02  1.0817637e-01  1.3024261e-01  1.6343545e-01
  1.4322365e-01  8.3106255e-02  5.6364082e-02  8.7360726e-02  1.0675259e-01
  1.1588377e-01  1.6210210e-01  1.1417953e-01 -2.7913071e-02 -1.2714065e-01
 -1.2703643e-01 -7.9510797e-03  8.5156861e-02  1.2361875e-01  1.5850051e-01
  1.4779997e-01  1.3095220e-01  1.2277583e-01  1.1080630e-01  6.7654677e-02
  3.6828151e-02 -1.2297813e-03  4.2831308e-02  8.4315468e-02  4.5655872e-02
 -1.3052154e-02 -9.3095680e-02 -6.7391071e-02 -3.1307760e-02  4.0920167e-02
  9.9365508e-02  1.4499226e-01  1.5535870e-01  9.2835139e-02  3.6222777e-02
 -3.6087909e-02 -6.7346626e-02 -9.3613695e-02 -1.1128906e-01 -1.4258916e-01
 -1.7197198e-01 -1.3619826e-01 -8.3848028e-02 -5.3260586e-02 -5.8578676e-02
 -1.2293522e-01 -1.4968505e-01 -1.0996031e-01 -6.5346595e-02 -3.7793683e-02
 -4.7993073e-02 -6.4718233e-02 -3.8504805e-02 -3.7666478e-02 -4.5053564e-02
 -7.3009548e-02 -1.3517908e-01 -1.4188263e-01 -1.2014897e-01 -5.6341093e-02
 -2.3793468e-02 -1.8145872e-02 -2.2714524e-02 -6.0710509e-03  4.8909562e-02
  8.3950712e-02  1.1504391e-01  1.2024246e-01  7.1055495e-02  4.6077335e-02
  3.2048001e-02  6.7755828e-03  2.5048660e-02  2.0829438e-02  1.7707551e-02
  5.1375500e-02  5.5220770e-02 -3.7887171e-03 -6.1225459e-02 -1.0779629e-01
 -1.4803139e-01 -1.1110975e-01 -2.9398152e-02  1.2213061e-03 -6.0807062e-03
 -6.5783384e-04 -7.6018023e-03 -2.4314549e-02 -2.8437217e-02 -9.8821438e-03
  3.2451072e-02  7.4353630e-02  1.2181796e-01  9.1324005e-02  4.3283422e-02
 -5.4120370e-03 -6.3962666e-02 -5.3039893e-02 -1.2829009e-02  3.5303223e-02
  8.4128492e-02  1.2605097e-01  1.2171374e-01  1.3174915e-01  1.0581771e-01
  9.9785437e-02  1.4266272e-01  1.2220724e-01  1.2296434e-01  1.6259253e-01
  1.7283023e-01  1.4126347e-01  5.2759429e-02 -7.0264678e-02 -1.6159635e-01
 -1.9192631e-01 -1.1587151e-01 -3.3884044e-02  2.5627979e-02  7.9615013e-02
  8.1995126e-02  3.8449631e-02 -3.0020383e-02 -8.4640378e-02 -9.0185290e-02
 -4.9643673e-02 -1.5335101e-03  1.1381017e-02  2.4818771e-02  5.4382443e-02
  5.3689712e-02  3.8863431e-02 -7.8247942e-04 -9.9094239e-03 -1.6844703e-02
 -3.7223559e-02 -3.9844289e-02 -9.6332511e-03  1.2364940e-03 -2.0674646e-02
 -3.6854205e-02 -6.1870680e-02 -9.5737866e-02 -1.2114668e-01 -1.0371653e-01
 -7.2358197e-02 -3.6025073e-02  4.0319392e-04  1.2087695e-02 -6.0655336e-03
 -7.6444083e-03 -2.0070806e-02 -7.0123680e-02 -1.2608316e-01 -1.5268893e-01
 -7.1826388e-02  3.1247988e-02  4.2999893e-02 -1.4821836e-02 -5.7049150e-02
 -7.1467762e-02 -5.1453662e-02 -5.1908842e-02 -1.0413340e-01 -7.0611044e-02
 -8.5720854e-03  1.4528652e-02  1.4339530e-02  3.6890987e-02  8.0870205e-02
  7.6483931e-02  7.4608040e-02  8.5662616e-02  4.4773100e-02 -2.8697758e-02
 -5.1700409e-02 -9.0694110e-03  3.7542338e-02  6.0121994e-02  7.0439394e-02
  7.9322288e-02  7.7428007e-02  4.5556254e-02  2.1635581e-02  2.9045656e-02
  7.4785820e-02  9.7348618e-02  5.6128063e-02  2.7019571e-02  4.0914037e-02
  8.7268770e-02  1.0235559e-01  7.6569756e-02  5.9302058e-02  5.6215421e-02
  2.6604239e-02  7.0851661e-03  1.9237076e-02  8.2252602e-03  2.0297629e-02
  7.4689267e-03 -2.1928305e-02 -3.3949946e-02 -2.0461616e-02  8.2893224e-03
 -9.9527962e-03 -1.1287836e-02 -3.4405125e-02 -5.1599258e-02 -4.5537863e-02
 -2.4850956e-02  4.5240540e-02  7.1596500e-02  7.7726862e-02  9.5147818e-02
  1.0752655e-01  8.6557648e-02  2.2778893e-02 -8.1072507e-03 -7.1745161e-02
 -1.4447578e-01 -1.5303376e-01 -1.2766479e-01 -8.5860320e-02 -7.9153704e-02
 -9.1087986e-02 -6.7050836e-02 -2.5454796e-02 -5.8932704e-03  2.2838664e-02
  4.4146270e-02  5.4966360e-02  6.0262993e-02  4.6058943e-02  1.7206394e-02
 -2.0993425e-02 -4.4724057e-02 -3.1280173e-02  2.1002621e-02  7.1483088e-02
  1.0336710e-01  1.2015816e-01  1.0474184e-01  7.7191988e-02  6.1167221e-02
  2.0998023e-02 -1.7405631e-02 -4.3822894e-02 -3.8864963e-02 -1.5542001e-02
 -2.9675551e-02 -2.1398029e-02  3.5773728e-03  1.6444696e-02  4.4762372e-02
  4.2297966e-02 -2.3019510e-02 -7.9480145e-02 -8.4211252e-02 -5.6075955e-02
 -4.3324802e-02 -7.8174378e-02 -8.1601251e-02 -3.9467272e-02 -5.0406903e-03
 -2.3638676e-02 -5.6860642e-02 -7.2804181e-02 -7.4742908e-02 -3.2138424e-02
  2.2527548e-02  4.1689528e-02  2.1203390e-02  1.4947049e-02 -2.2942880e-02
 -8.5238088e-02 -1.0216555e-01 -1.2305323e-01 -1.1913746e-01 -6.5758862e-02
  7.8278594e-03  5.7695903e-02  9.6384619e-02  1.1636653e-01  6.5332802e-02
  4.1890297e-03 -1.7002559e-02 -4.8440589e-03 -1.6769606e-02 -2.7635673e-04
  1.0630048e-03 -2.3862435e-03  4.3586875e-02  6.1830833e-02  8.0769054e-02
  1.2421033e-01  1.4713176e-01  1.5489893e-01  1.9453172e-01  2.0872351e-01
  1.5256479e-01  9.6186915e-02  2.3988107e-02 -6.2796365e-02 -6.9899922e-02
 -1.7148156e-02 -1.1920949e-03 -7.2629466e-03 -1.3038361e-02 -5.1265153e-02
 -8.6465693e-02 -1.0075710e-01 -1.1901332e-01 -1.1129366e-01 -6.9527502e-02
 -5.2068231e-02 -5.4160217e-02 -6.3300587e-02 -7.2928321e-02 -9.5431348e-02
 -9.6531748e-02 -7.1024843e-02 -4.4868121e-02 -5.4997011e-03  5.3410780e-02
  8.9540070e-02  5.4946436e-02  6.3930482e-03 -3.4021977e-02 -6.9335929e-02
 -8.2971387e-02 -5.7180953e-02 -5.1476651e-02 -2.5612653e-02 -4.1721712e-03
 -1.6312894e-02 -2.7497739e-02 -1.6115190e-03  4.6002238e-02  6.0581771e-02
  7.2686171e-02  2.4736011e-02 -4.5015249e-02 -1.1773974e-01 -1.3202348e-01
 -6.9916780e-02 -1.5460773e-02  2.8121504e-02  2.3496146e-02  2.0484605e-02
  2.1401094e-02 -1.8069242e-02 -6.1967233e-03 -8.7487931e-03 -3.2892458e-02
 -1.4465662e-02  7.5178164e-03  3.8297905e-02  5.3640669e-02  1.7393370e-02
 -3.4990575e-02 -3.4362212e-02  1.4828273e-02  5.7167160e-02  6.3463042e-02
  3.0946068e-02 -1.0935647e-02 -5.7078269e-02 -8.1141473e-02 -5.4514245e-02
 -2.9687811e-02  5.0077396e-03  1.7356588e-02  1.2635596e-03 -2.4472406e-02
 -4.1709451e-02 -3.1048752e-02 -1.6892213e-02 -2.2576591e-02 -3.7772226e-02
 -2.1385768e-02  2.3963586e-02  8.0342994e-02  1.0818710e-01  8.5559932e-02
  5.6975586e-02  6.1473739e-02  7.6093120e-02  8.6245000e-02  9.4001441e-02
  1.1867155e-01  1.4176769e-01  1.4334779e-01  1.2509157e-01  8.7742341e-02
  3.0572116e-02 -2.9499303e-02 -6.2102101e-02 -4.5327898e-02 -1.3024874e-02
  9.4462750e-03  2.8530705e-02  3.1732287e-02  6.0600162e-03 -4.1145458e-02
 -6.9506046e-02 -7.1556652e-02 -6.1689834e-02 -3.7559196e-02 -1.7632454e-02
 -2.3462429e-02 -4.3865806e-02 -7.7426474e-02 -9.2088768e-02 -8.2479425e-02
 -5.5168662e-02 -1.0529050e-02  8.8199053e-03  1.2431915e-02  1.4362366e-02
  1.5730509e-02 -1.1839415e-02 -6.6805622e-02 -1.0164600e-01 -1.0548821e-01
 -5.2227620e-02 -2.0047817e-03  3.5327744e-02  6.6233965e-02  4.2345477e-02
  1.5701390e-02 -3.8026636e-03  4.6704164e-03  3.4567580e-02  5.9412405e-02
  6.0319698e-02  4.0484912e-02  3.2366780e-02 -2.3017977e-02 -5.9938083e-02
 -7.9320756e-02 -1.0600775e-01 -9.6053579e-02 -9.3714846e-02 -6.6728992e-02
 -1.8712930e-02  2.6378948e-02  2.9442597e-02  1.2644638e-02  4.7424482e-03
  2.2141335e-02  7.6355193e-02  9.9072783e-02  8.4620454e-02  7.1196493e-02
  6.5205597e-02  6.6241628e-02  6.6302932e-02  6.1817039e-02  4.1304848e-02
  7.7334519e-03 -2.5707674e-02 -5.6964858e-02 -5.7484406e-02 -3.5816641e-02
 -4.8865117e-03  1.7678432e-02  2.3388864e-02  1.9112937e-02  1.5992582e-02
  1.0274640e-02 -1.8752778e-04 -1.0896719e-02 -2.0919861e-02 -3.5776794e-02
 -5.8826955e-02 -4.8927953e-02 -3.7983724e-02 -3.6386765e-02 -1.5520544e-02
  1.1548223e-02  1.7988015e-02 -1.3873623e-02 -2.8798909e-02 -2.8737605e-02
 -3.6492513e-02 -4.6022161e-02 -3.3907033e-02 -1.4734325e-02 -5.0026820e-03
  1.5309507e-02  2.6818802e-02  3.5209735e-03 -3.9870343e-03  2.2129075e-02
  4.5436712e-02  6.1582553e-02  7.7389692e-02  6.5568821e-02  2.6129136e-02
 -1.3436375e-02 -4.7468927e-02 -5.5409278e-02 -3.6872596e-02 -2.8578216e-03
  2.4044813e-02  4.6157029e-02  4.4501831e-02  4.0999862e-02  4.6192279e-02
  2.6941409e-02  1.3034836e-02  1.1049365e-02  2.0475410e-02  3.7907094e-02
  3.1277108e-02  3.3130010e-03 -1.9607963e-02 -2.0063143e-02 -2.0579626e-03
  3.2299346e-02  7.4565127e-02  1.0495946e-01  1.1732594e-01  1.1577649e-01
  9.7448237e-02  6.2658432e-02  4.0825147e-02  2.3493080e-02  1.3544422e-04
  5.7869086e-04 -3.8814388e-03 -2.8722279e-02 -4.4720992e-02 -5.6236877e-02
 -4.8581587e-02 -3.8348480e-02 -1.5319162e-02  7.5242532e-03  7.6509985e-03
 -1.0865760e-02 -2.2806480e-02 -1.4872412e-02 -3.5591350e-02 -5.5892044e-02
 -7.2414903e-02 -7.6962099e-02 -5.9131941e-02 -6.5040077e-02 -8.6444237e-02
 -8.3121580e-02 -5.2137198e-02 -2.6415731e-02 -9.1248908e-03 -3.4429646e-03
 -1.1253199e-02 -8.9503287e-03 -1.4630109e-02 -1.3861668e-02 -7.7431072e-03
 -1.3936612e-03 -6.8404113e-03 -2.8702356e-02 -4.6521786e-02 -5.7807782e-02
 -4.2366933e-02 -2.3306104e-02 -8.8278748e-03  5.7291299e-03  1.1302702e-02
  9.4594553e-03  8.6726233e-03  2.2570461e-02  4.5662002e-02  5.2169382e-02
  3.6567610e-02  2.3181964e-02  2.1131358e-02  3.6946160e-02  4.6440558e-02
  4.5556254e-02  3.6789836e-02  4.4150868e-02  5.0768594e-02  5.5294334e-02
  5.9516621e-02  2.7885485e-02 -5.1269751e-03 -2.3620285e-02 -2.0185750e-02
  9.2764640e-03  2.8066331e-02  3.1336879e-02  2.3624883e-02  3.8891017e-03
 -4.5338626e-03 -1.3339208e-02 -2.1428681e-02 -1.5505218e-02 -1.0193566e-02
 -1.6513663e-02 -1.2414137e-02  5.2630692e-03  2.1448605e-02  2.3112998e-02
  1.5361155e-02  1.2123404e-02  1.8849331e-02  2.7683183e-02  1.3173535e-02
 -1.2883109e-02 -3.7177581e-02 -3.8115527e-02 -1.8691474e-02  2.5218777e-03
  1.2332756e-02  1.9191099e-03 -8.5910895e-03 -1.3023188e-02 -1.3577679e-02
 -1.3478061e-02 -5.2560192e-03  6.3666876e-03  1.6047756e-02  1.0540085e-02
 -1.1015954e-03 -2.3678524e-02 -3.4336158e-02 -9.9451333e-03  2.1128293e-02
  4.1706386e-02  4.1099480e-02  1.9089948e-02 -4.4215237e-03 -9.0652730e-03
 -1.7036276e-02 -3.2116967e-02 -4.7113366e-02 -5.4623059e-02 -5.8174072e-02
 -5.7936520e-02 -6.1539640e-02 -6.8969639e-02 -7.5034100e-02 -8.3388251e-02
 -7.9824978e-02 -7.0473111e-02 -5.9050713e-02 -5.3884351e-02 -4.5361615e-02
 -4.4380757e-02 -3.9444283e-02 -2.4334473e-02 -1.7755061e-02 -1.2815829e-02
 -1.3905194e-02 -1.6913669e-02 -1.6193352e-02 -1.9534399e-02 -1.2519426e-02
 -1.3468406e-03  5.2656746e-04  8.6183696e-03  2.5954421e-02  3.8126255e-02
  4.1150056e-02  4.6550905e-02  4.5738632e-02  3.3899370e-02  2.2076967e-02
  1.9981915e-02  1.9738234e-02  2.5677022e-02  3.4031173e-02  3.4052629e-02
  3.4190562e-02  3.3851860e-02  3.4503211e-02  4.2443562e-02  5.8226180e-02
  7.6652516e-02  8.9515548e-02  8.9086423e-02  7.6750602e-02  5.7275974e-02
  3.8003648e-02  2.7749084e-02  1.0186363e-02  5.8106638e-03  1.7928244e-02
  2.9759843e-02  3.1626538e-02  2.2182715e-02  1.1691367e-02 -1.4736778e-04
 -4.7879661e-03 -1.2011372e-02 -7.1772747e-03  5.9531947e-03  1.8331315e-02
  1.4615090e-02  6.3887569e-03  4.2656592e-03 -6.7444712e-03 -1.9502215e-02
 -3.0844917e-02 -3.2702417e-02 -2.1247835e-02  9.5724072e-03  1.7542031e-02
  9.9017609e-03  1.5065212e-04 -1.2026085e-02 -1.1810296e-02 -2.2070836e-02
 -3.2719275e-02 -3.0849515e-02 -2.9401217e-02 -2.3888489e-02 -7.6129902e-03
  7.2391914e-03  1.2483256e-02  1.2549464e-02  9.3296449e-03  3.6651903e-03
  1.0226977e-02 -1.7580346e-03 -1.7246241e-02 -1.9065426e-02 -1.2863339e-02
 -1.0779169e-02 -1.1702248e-02 -2.3606492e-03  6.3410934e-03  6.7050836e-03
 -5.4575549e-03 -1.7718279e-02 -3.2357584e-02 -3.2486322e-02 -1.6133581e-02
 -5.2940275e-04 -3.0734571e-03 -2.0567365e-02 -3.5297093e-02 -4.3482659e-02
 -4.6458950e-02 -4.0864994e-02 -2.4388113e-02 -1.1774433e-02 -2.3303039e-04
  1.1759261e-02  1.6043158e-02  1.8365032e-02  1.4196539e-02  1.3003418e-02
  1.3780441e-02  1.7241644e-02  2.8021885e-02  3.4838848e-02  2.8567488e-02
  1.9071557e-02  9.4097994e-03  8.7184478e-03  9.8639060e-03  1.6817116e-03
 -2.1122163e-03 -2.4769728e-03 -6.0217015e-03 -1.2855676e-02 -1.8409478e-02
 -2.1306074e-02 -1.6326687e-02 -7.7831078e-03 -7.3083112e-03 -1.9753559e-02
 -3.3946880e-02 -4.0921700e-02 -3.1244923e-02 -1.4430719e-02 -8.4203589e-04
  4.6992291e-03  3.1102392e-03 -6.4805591e-03 -9.3100277e-03 -8.5481770e-03
 -1.2847247e-02 -7.7018805e-03  1.6288372e-03  5.2656746e-03 -2.5975877e-03
 -9.0413646e-03 -1.7120569e-02 -1.6769606e-02 -1.8487640e-02 -1.5661543e-02
 -5.3872090e-03 -8.6240402e-03 -1.3821515e-02 -1.4159604e-02 -1.2518966e-02
 -9.9603059e-03  2.1122163e-03  9.5008353e-03  1.0184830e-02  1.5365753e-02
  2.5836411e-02  3.1487073e-02  3.4631948e-02  4.1706386e-02  5.0059005e-02
  4.9522598e-02  4.3320204e-02  3.2855676e-02  1.8806418e-02  1.4066882e-02
  1.7479195e-02  2.6305384e-02  3.3042652e-02  2.8645650e-02  2.7132983e-02
  2.5876259e-02  1.9966590e-02  1.2211528e-02 -4.9829116e-05 -4.1744701e-03
 -5.0577020e-03 -8.6389063e-03 -1.3419669e-02 -1.9546660e-02 -2.9542215e-02
 -3.4253399e-02 -3.4743827e-02 -2.6835660e-02 -1.9836319e-02 -2.0213337e-02
 -1.4555166e-02 -1.0821622e-02 -1.5382611e-02 -2.0950513e-02 -2.2470842e-02
 -1.6561173e-02 -6.5840090e-03  1.9874634e-03  2.3298441e-03 -2.5972812e-03
 -4.4331714e-03 -6.4404052e-03 -3.4677926e-03  3.5951509e-03  1.4071174e-02
  1.6856963e-02  1.0054867e-02  4.2000644e-03 -4.7631381e-03 -1.6685313e-02
 -3.2952229e-02 -3.6170669e-02 -3.3410474e-02 -2.8936842e-02 -2.6195037e-02
 -2.5637175e-02 -2.3716839e-02 -2.2941348e-02 -1.2111143e-02 -4.6388450e-03
  4.0182991e-03  1.6184156e-02  3.0268663e-02  3.2208923e-02  2.1657037e-02
  1.9393401e-02  2.1260096e-02  1.9607963e-02  1.8814081e-02  1.5871508e-02
  9.2688011e-03  7.1427915e-03  9.7138653e-03  1.5025364e-02  1.6809453e-02
  1.5173259e-02  1.7433217e-02  1.1956352e-02  4.0153872e-03  2.5836411e-03
  2.9782832e-03  2.3767414e-03  2.8316143e-03  3.8103266e-03  3.6100170e-03
  3.4351484e-04 -2.9238762e-03 -2.7396588e-03 -3.1264847e-03 -2.1902251e-03
  5.8043801e-03  6.9107573e-03  4.8333308e-03  1.1166608e-02  1.9422520e-02
  2.6156723e-02  2.6004996e-02  2.3966651e-02  1.8519824e-02  8.2658738e-03
 -2.6478567e-03 -4.9240601e-03 -1.0198470e-03 -1.1170746e-03 -4.0323990e-03
 -1.0390504e-02 -7.9403516e-03 -4.8549403e-03 -5.5398550e-03 -7.2088461e-03
 -1.1581480e-02 -3.4743827e-04 -4.8946344e-03 -2.0305292e-02 -1.9965057e-02
 -1.8999525e-02 -1.3785345e-02 -2.4213398e-03  7.5984306e-03  9.0822848e-03
  9.2065779e-03  2.9621910e-03 -9.1529372e-03 -1.8458520e-02 -2.5079312e-02
 -2.5948290e-02 -2.3686187e-02 -1.9335162e-02 -2.3735230e-02 -4.0961547e-02
 -4.9104201e-02 -4.6307223e-02 -3.6694815e-02 -2.1909914e-02  8.7829699e-04
  1.6519793e-02  7.3355914e-03 -6.0088277e-03 -1.0631581e-02 -6.5761927e-03
  1.0694110e-03  6.6442398e-05 -8.6542322e-03 -1.6404849e-02 -1.0325675e-02
  3.9973026e-03  1.2751307e-02  9.2058116e-03  2.1862404e-03  1.9871569e-03
  1.2184708e-02  2.8447946e-02  3.4288648e-02  2.5643305e-02  1.8456988e-02
  1.2549771e-02  6.6013272e-03  1.4771567e-02  1.4720685e-02 -7.3291545e-04
 -2.9608117e-03  1.2114055e-02  3.1114653e-02  3.2352986e-02  2.1263161e-02
  1.4221980e-02  9.6108753e-03  1.1230364e-02  1.9972720e-02  2.5437938e-02
  2.5361308e-02  3.0615029e-02  3.3185183e-02  3.0046437e-02  2.5070116e-02
  2.6009594e-02  3.9009027e-02  4.9519533e-02  5.0829898e-02  4.5674263e-02
  3.5172953e-02  1.6014039e-02  5.7751077e-03  5.0661313e-03  2.9822679e-03
  4.5764686e-03  2.0015632e-03 -4.4500299e-03 -1.9724440e-02 -3.0400466e-02
 -2.6740640e-02 -2.6466306e-02 -2.2719122e-02 -1.4389646e-02 -1.1348680e-02
 -1.5286671e-02 -2.1532897e-02 -2.3208019e-02 -1.5134791e-02 -7.2548238e-03
 -2.6437187e-03  9.7642876e-04  8.4595933e-03  1.4306273e-02  9.3423654e-03
  6.1337339e-03  2.7419577e-04 -4.6397646e-03 -3.0041840e-03 -4.6707229e-03
 -9.3512544e-03 -1.8049319e-02 -2.2712992e-02 -2.2176585e-02 -2.5782771e-02
 -2.6805009e-02 -2.6778954e-02 -2.6765161e-02 -2.8988950e-02 -3.0146056e-02
 -2.4493862e-02 -2.1091511e-02 -1.3324189e-02 -8.2274058e-03 -8.9256540e-03
 -1.0659627e-02 -1.2546552e-02 -1.5902159e-02 -2.2312986e-02 -2.4228724e-02
 -2.2591917e-02 -1.5318855e-02 -9.7396129e-03 -1.0688593e-03  7.8723046e-03
  3.6515502e-03 -5.9259146e-03 -1.1161704e-02 -1.0784227e-02  5.8952628e-04
  6.5689896e-03  2.0135174e-03 -6.2327392e-03 -1.1409064e-02 -1.2279115e-02
 -1.1536115e-02 -1.0396021e-02 -9.5724072e-03 -3.7712455e-03  3.6748456e-03
  9.2971540e-03  1.3340128e-02  1.7653910e-02  1.4420911e-02  6.4968045e-03
 -1.3264724e-03 -5.1021472e-03 -6.4523594e-03 -9.3524805e-04  1.5009119e-03
 -5.7329614e-04 -3.7105550e-03 -9.4326350e-03 -3.5283299e-03  8.4798234e-03
  1.8112155e-02  2.4576622e-02  2.9744517e-02  2.8003494e-02  2.3624883e-02
  1.9140523e-02  1.5280081e-02  1.4396849e-02  1.4912872e-02  2.5919171e-02
  3.5850358e-02  3.7721651e-02  3.7278732e-02  3.8077212e-02  4.2650462e-02
  5.1427608e-02  5.8902052e-02  5.7908933e-02  4.8137136e-02  3.7545403e-02
  2.9493172e-02  2.1129826e-02  1.9063894e-02  1.8552008e-02  1.8219436e-02
  1.5437784e-02  8.2267927e-03 -2.3548254e-03 -1.2170148e-02 -1.6619412e-02
 -2.0352802e-02 -2.4645588e-02 -2.6270134e-02 -2.5226440e-02 -2.9493172e-02
 -3.3068706e-02 -3.4009717e-02 -3.1249521e-02 -2.5886987e-02 -2.6515349e-02
 -2.8579748e-02 -3.2547625e-02 -3.0420390e-02 -2.3324495e-02 -1.6847768e-02
 -1.0901010e-02 -1.0114178e-02 -8.6306304e-03 -4.2080338e-03 -9.0999096e-03
 -1.8168861e-02 -2.5700011e-02 -3.0866373e-02 -2.6524544e-02 -2.2001870e-02
 -1.4399761e-02 -9.6734050e-03 -2.9736854e-03 -3.7931616e-04 -4.3044338e-03
 -7.8736839e-03 -1.2189919e-02 -1.2897362e-02 -1.5480697e-02 -1.6118255e-02
 -1.0960781e-02 -4.9418382e-03 -4.3819829e-03 -1.9082285e-03  2.1218716e-03
  1.8962743e-03  6.9437079e-03  1.3457831e-02  1.6576499e-02  2.0706831e-02
  1.6643933e-02  9.2006008e-03  8.6804395e-03  5.2972459e-03  9.5301077e-03
  1.6596423e-02  1.9667734e-02  1.9931340e-02  9.8344802e-03 -2.2755904e-04
 -6.8281506e-03 -8.2845714e-03 -3.3681742e-03  5.7436896e-03  1.2747628e-02
  1.6496805e-02  1.0057932e-02  7.1548989e-03  4.6428298e-03  8.1495502e-04
  3.2225781e-03  3.1447225e-03  7.7190455e-03  7.9918466e-03  1.1678033e-03
 -6.7631688e-03 -1.6401784e-02 -2.1903784e-02 -1.6115190e-02 -7.6977425e-03
 -4.0889516e-03 -5.6439179e-04 -1.1904397e-03 -8.4678692e-03 -1.2036200e-02
 -1.1982559e-02 -9.5262763e-03 -1.0955264e-03  6.8284571e-03  9.4888811e-03
  9.0594492e-03  3.1788993e-03  1.9893025e-03 -1.5560392e-03  7.9060215e-04
  7.6724548e-03  8.0283223e-03  1.3069166e-02  1.6271514e-02  2.2656286e-02
  2.4924520e-02  2.7977440e-02  3.4368343e-02  3.3916229e-02  3.0993578e-02
  2.4898466e-02  1.7186470e-02  1.0461463e-02  1.5934344e-03 -2.1013349e-03
 -2.1825622e-03 -2.3116063e-03 -4.4333246e-03 -8.5926221e-03 -9.2712532e-03
 -1.3824886e-02 -2.0053947e-02 -2.0061610e-02 -1.7494521e-02 -1.3701819e-02
 -9.2989931e-03 -6.1147297e-03 -6.9884596e-03 -1.5304909e-02 -2.6388144e-02
 -3.3618906e-02 -3.5772196e-02 -3.6924704e-02 -2.4499992e-02 -1.5046514e-02
 -1.1310671e-02 -1.1831292e-02 -1.4711950e-02 -1.4391025e-02 -1.1971371e-02
 -6.3682202e-03 -3.7812074e-03  1.8765039e-03  5.1767843e-03  8.7613603e-03
  6.7800273e-03  3.5362994e-03 -1.7355055e-03 -7.4211099e-03 -5.9493632e-03
  1.0384374e-03  7.8105412e-03  8.1029594e-03  6.1226992e-03  6.1429294e-03
  1.2036660e-02  1.5983387e-02  2.4765131e-02  2.6877040e-02  2.6455578e-02
  2.8740670e-02  2.6976659e-02  2.5474720e-02  2.0340542e-02  2.2939815e-02
  2.6245613e-02  2.2843262e-02  1.8122883e-02  1.0386673e-02  2.2268541e-03
 -3.8884887e-03 -8.8211314e-03 -1.0231421e-02 -9.5658171e-03 -1.2613527e-02
 -1.6201015e-02 -2.5762847e-02 -3.9419761e-02 -4.9545587e-02 -5.0276633e-02
 -5.0063603e-02 -4.7672761e-02 -4.4524820e-02 -4.6170823e-02 -4.4872718e-02
 -4.6544775e-02 -4.0998329e-02 -3.3431930e-02 -2.4434091e-02 -1.2996674e-02
 -4.5484222e-03  2.9704670e-04  1.8294533e-03  2.2965869e-05 -4.0032797e-03
  3.0493954e-03  1.1104998e-02  1.9512943e-02  2.1537495e-02  1.4698310e-02
  1.2704869e-02  8.8249628e-03  7.2859354e-03  7.3840212e-03  9.4914865e-03
  1.4236540e-02  1.2741498e-02  1.2535058e-02  9.4882680e-03  5.1562476e-03
  1.0598477e-03  1.8780364e-03  2.2412604e-03  4.3772318e-03  9.1596806e-03
  8.5923156e-03  1.1071741e-02  9.1639719e-03  1.0145443e-02  1.5485295e-02
  2.0899937e-02  2.7975908e-02  2.9819614e-02  3.0805070e-02  3.0549127e-02
  3.6435807e-02  3.2825024e-02  2.7532989e-02  2.5871661e-02  2.2426397e-02
  2.3430244e-02  2.3470091e-02  2.8585879e-02  2.4815706e-02  2.1522169e-02
  1.6717498e-02  8.5434260e-03  7.4686202e-03  3.4585971e-03 -4.7150148e-05
  3.6158409e-03  5.0120308e-03  1.4382902e-03 -3.8225873e-03 -4.4484973e-03
 -5.2311913e-03 -1.0535794e-02 -1.1763858e-02 -1.4630416e-02 -2.0187283e-02
 -1.8867722e-02 -1.5566522e-02 -1.3443271e-02 -1.4526659e-02 -1.1284771e-02
 -9.5405294e-03 -1.2344404e-02 -1.1445386e-02 -1.1179788e-02 -5.5982467e-03
 -3.5120845e-03  1.6237797e-03  2.4110714e-03 -1.3512698e-03 -2.8429554e-03
 -7.9083204e-03 -8.7469540e-03 -9.9376236e-03 -9.3526338e-03 -1.0961394e-02
 -1.5610967e-02 -2.0152033e-02 -1.7822495e-02 -2.0286901e-02 -2.4683903e-02
 -1.9295315e-02 -1.3581051e-02 -1.0683535e-02 -1.1106837e-02 -1.1325691e-02
 -1.5722846e-02 -1.8571932e-02 -1.8659290e-02 -1.8835538e-02 -1.8522889e-02
 -1.8794158e-02 -1.7672301e-02 -1.7096047e-02 -1.3879140e-02 -6.0269123e-03
 -8.2801269e-05  7.9164432e-04  1.8498368e-03  2.2584254e-03  2.7157504e-03
  6.8315223e-03  3.1361400e-03 -3.7608239e-03 -3.5687903e-03  8.2891692e-04
  6.8070009e-03  1.2989471e-02  1.7670769e-02  2.1229444e-02  2.5327591e-02
  2.7082407e-02  2.6184309e-02  2.7615749e-02  2.5050192e-02  2.5359776e-02
  2.4057074e-02  1.9669267e-02  1.5620163e-02  1.4903370e-02  1.7670769e-02
  1.6490674e-02  1.6720563e-02  1.2121105e-02  1.0463302e-02  1.2678202e-02
  1.8435532e-02  1.8282273e-02  1.8656225e-02  2.3905347e-02  2.9617312e-02
  3.8613619e-02  3.7232755e-02  3.3385952e-02  2.8996613e-02  2.2513755e-02
  1.4477157e-02  4.1228218e-03 -4.7654370e-03 -1.5503686e-02 -2.2133673e-02
 -2.8251774e-02 -2.8932244e-02 -2.2867783e-02 -1.6340480e-02 -1.0021303e-02
 -9.2128615e-03 -8.6211283e-03 -1.4004353e-02 -1.5459241e-02 -1.5955800e-02
 -1.9234011e-02 -2.2322181e-02 -2.1160478e-02 -1.6063081e-02 -1.4084507e-02
 -9.2260418e-03 -6.5533571e-03 -1.3206026e-03  3.8733161e-03  2.7791997e-03
  1.5564990e-03  6.1490598e-04 -4.1576116e-03 -6.7893761e-03 -1.1413508e-02
 -1.2906251e-02 -1.2467318e-02 -1.0287974e-02 -6.8793391e-03 -6.2169535e-03
 -6.9705283e-03 -4.8221429e-03 -6.4848503e-05  5.6008521e-03  1.3859983e-02
  0.0000000e+00  0.0000000e+00  0.0000000e+00  0.0000000e+00  0.0000000e+00
