Scaled from
PEER NGA STRONG MOTION DATABASE RECORD
ACCELERATION TIME SERIES IN UNITS OF G
NPTS= 1999.000000, DT= 0.020000, Scalar= 1.000000
 -6.3346408e-03 -4.2835961e-03  2.5766355e-03  6.6166805e-03  1.7834120e-03
 -7.7010926e-03 -7.9497965e-04  5.0975361e-03 -1.9722798e-03 -7.8873313e-03
 -2.4528619e-03  3.4363202e-03 -7.0288034e-03 -6.0720558e-03  1.4157719e-03
 -4.1064011e-03 -4.1656063e-03  3.4086631e-03  1.5673078e-03 -1.2345809e-02
 -1.1612842e-02 -4.7205367e-03 -2.2197217e-03 -1.0237031e-03  1.0017562e-02
 -4.2091426e-03 -1.3958966e-02  4.9690303e-03  1.0225884e-02  7.3101069e-03
 -3.0063201e-03 -4.6174797e-03  3.6041559e-03  8.3589749e-03 -4.0469856e-03
 -3.1387168e-04  3.3005584e-03  1.3374276e-03 -3.9417202e-03  1.9415730e-03
  1.3638228e-02 -1.7137960e-03 -1.3990515e-02  2.1976381e-03  8.9934065e-03
 -2.0233876e-03 -2.8996877e-03 -1.8092814e-02 -6.7530733e-03  6.4396959e-04
  1.5830818e-02  1.9778533e-03 -1.2861094e-02  7.4332496e-03 -6.5815570e-03
  1.8225316e-02  1.9709127e-02 -1.1135415e-02  3.6778732e-03  2.6176480e-02
  1.1856814e-02 -3.5042537e-03 -7.4110608e-03 -1.7927713e-02  2.4906145e-03
  1.0342191e-02  8.7216725e-03  1.8145395e-02  5.9766755e-03  6.5734597e-03
  8.7387084e-03 -3.1771003e-02 -1.2464640e-02  2.6023998e-02  2.4547548e-02
 -2.8539430e-03  1.2654980e-03  1.7560704e-02 -2.4673740e-02 -6.2305322e-03
  1.1545540e-02  1.9701766e-02  2.7375306e-02  2.0304334e-02  2.8095654e-03
 -3.9977706e-02 -1.2930500e-03  3.1951879e-02  6.7227872e-03  1.3736027e-02
  2.3279316e-02 -7.3549052e-03 -3.6360195e-02  3.3590275e-02  1.8043389e-02
 -1.6488070e-02  1.4735049e-02 -2.5303650e-02 -9.5767301e-03  1.9820597e-02
  1.8922528e-02 -1.8440895e-03  1.4084107e-03 -2.7740212e-03 -1.9639721e-02
 -1.0350604e-03  4.7062349e-02  1.3141872e-02 -3.6528451e-02  3.0032705e-02
  2.9457478e-02 -7.0813835e-03  6.0410335e-03  1.0404446e-02  3.7331875e-02
  9.0294764e-03  2.9208249e-03  5.4736942e-02  4.5252542e-02 -2.5437204e-02
  1.2960996e-03 -1.7923506e-02 -3.6738772e-02 -8.6375443e-03  1.8235832e-02
  1.7609077e-02 -3.2120135e-02 -3.5817568e-02 -4.7393604e-02 -3.3082351e-02
  3.4770172e-02  8.1406623e-02 -6.7800995e-03 -2.2652561e-02 -2.2218250e-02
 -2.9079953e-02  5.6405834e-02  2.4666379e-02 -1.4135636e-02 -3.6459045e-03
  1.1028151e-02  1.0443566e-01  5.2799891e-02 -3.5054105e-02  9.0239029e-03
 -3.0745691e-02  2.8230259e-02  6.1042348e-02 -2.9140946e-02 -3.1177900e-02
 -3.7835593e-02 -5.4657020e-02  6.3735501e-02  9.8272218e-02 -5.9693143e-02
 -2.4820965e-02 -3.1443955e-02  7.4046460e-03  3.6378072e-02 -2.4274132e-02
 -9.9195524e-03 -7.8276003e-02 -8.7764609e-02 -4.3038920e-03  4.9182379e-02
  1.2598193e-01  1.3255445e-01 -5.5244866e-02 -8.5698211e-02 -5.6920068e-02
  2.2936494e-02  1.2174398e-01  1.1584449e-01  3.4649238e-02 -1.1960922e-01
 -1.4913821e-01 -7.5322053e-02  5.3896712e-02  6.0082235e-02  1.9193842e-02
 -2.9878119e-02 -5.3014417e-02 -2.7308004e-02  1.9715436e-02  6.3187616e-02
  1.9140210e-02  8.1223644e-03 -3.1824635e-02 -8.4388967e-02 -2.5293134e-02
  4.5964477e-02  6.2701776e-02  1.1585501e-02 -1.3198658e-02 -3.7484357e-02
 -3.1985530e-04  1.4227125e-02  9.3283417e-03 -6.6027994e-04 -2.4782055e-02
 -3.2028646e-02 -1.1200614e-01 -1.2983080e-01 -1.2045051e-01 -3.8004900e-02
 -5.2349805e-03 -2.7439454e-03 -2.0575647e-02 -9.1083466e-02 -1.5190393e-01
 -1.5478532e-01 -4.1767533e-02  9.8444680e-02  1.8248452e-01  2.0631382e-01
  1.7046470e-01  1.2997802e-01  8.7946537e-02  3.1153713e-02 -1.1853659e-01
 -2.8910645e-01 -3.3861588e-01 -3.3668093e-01 -3.0797220e-01 -2.7750728e-01
 -2.9940164e-01 -3.4251733e-01 -3.9362519e-01 -4.0112311e-01 -2.5506609e-01
  1.4536296e-01  5.3460297e-01  6.5468541e-01  7.2979084e-01  7.8508408e-01
  7.1599382e-01  6.7256265e-01  4.3837086e-01 -1.8145395e-01 -8.2304691e-01
 -9.0037122e-01 -1.8790027e-01  5.1488543e-01  8.5220784e-01  5.3886196e-01
 -6.8065999e-02 -5.0539998e-01 -7.8932203e-01 -7.4666905e-01 -6.8597058e-01
 -6.1758489e-01 -5.2838800e-01 -3.0171516e-01 -8.6887573e-02  4.4105244e-01
  1.0000000e+00  7.7839589e-01  3.8614830e-01  1.9762759e-01  2.4274132e-02
 -1.5104161e-01 -3.4333757e-01 -4.4343958e-01 -3.0719401e-01 -1.0857792e-01
  1.5816096e-01  3.2106464e-01  9.7738004e-02 -2.3725195e-01 -4.4098935e-01
 -3.9883062e-01 -1.6602694e-01  6.7887226e-03  1.3563564e-01  2.6135467e-01
  4.1118694e-01  3.3667042e-01  7.9275026e-02 -1.5416487e-01 -2.8080931e-01
 -2.0835393e-01  1.8575500e-02  2.9405950e-01  5.2960786e-01  6.3563038e-01
  5.0834446e-01  3.5795484e-01  1.7841481e-01  8.5832816e-02  2.0014091e-02
 -1.3433165e-01 -3.5243393e-01 -5.3034398e-01 -5.6321706e-01 -4.3094655e-01
 -2.5512919e-01 -1.8152756e-01 -2.1212918e-01 -3.1854080e-01 -1.3667673e-01
  2.0755471e-01  3.9439286e-01  3.9033367e-01  2.7607710e-01  1.2540355e-01
 -9.0938345e-02 -2.6274279e-01 -2.8018887e-01 -1.8917270e-01 -4.9141367e-02
  7.9565268e-02  2.2955423e-01  4.0783233e-01  4.7843690e-01  3.9342538e-01
  2.5601254e-01  1.3687653e-01  3.9432976e-02 -2.8854910e-03  1.0063832e-01
  2.8603578e-01  2.8656158e-01  2.9555277e-01  2.5220574e-01  1.8342044e-01
 -1.9028740e-02 -1.5955959e-01 -3.8094287e-01 -1.9445175e-01  1.7922455e-01
  6.7459224e-02 -2.9686728e-02 -1.8515558e-01 -2.9200888e-01 -3.1284111e-01
 -1.4597289e-01 -3.5444249e-02  5.1903926e-03 -4.7142271e-03 -9.4360258e-03
  7.0425794e-02  1.8040234e-01  2.5780026e-01  2.7909520e-01  2.0486261e-01
  8.5277570e-02  7.3394466e-03  4.9590401e-02  1.0009570e-01  3.2055987e-02
 -4.8333736e-02 -7.0218628e-02 -1.0243867e-01 -1.4021011e-01 -1.3439475e-01
 -1.7956106e-01 -2.6280588e-01 -3.5798639e-01 -4.0992502e-01 -3.5922728e-01
 -2.6633927e-01 -1.5293450e-01 -2.0033020e-03  8.8743651e-02  2.7187070e-02
 -1.2565594e-01 -1.9467258e-01 -7.5707991e-02  4.1537232e-02  9.3385423e-02
  1.4566793e-01  1.5017930e-01  1.3008318e-01  8.2383561e-02  6.4081478e-02
  9.5876668e-02  1.3639279e-01  1.7620645e-01  1.8449308e-01  2.0785967e-01
  2.4688463e-01  2.1943781e-01  6.7316206e-02 -9.6916703e-02 -1.7489195e-01
 -1.7536517e-01 -1.2824288e-01 -1.2748572e-01 -1.5662562e-01 -1.8387263e-01
 -1.8988779e-01 -1.4828641e-01 -1.1222698e-01 -1.6290368e-01 -1.7650090e-01
 -1.0979778e-01 -6.0878298e-02 -5.1657851e-03  5.0318110e-02  9.6453998e-02
  1.2171243e-01  1.3810691e-01  1.7131650e-01  1.5738277e-01  1.0283722e-01
  7.3174682e-02  4.7303166e-02 -3.7015343e-03 -2.0384255e-02 -2.3184672e-03
  4.4627891e-02  7.2604713e-02  5.2042737e-02  2.8001010e-02  2.7038794e-02
  7.4143207e-02  6.1815276e-02  7.7707087e-03 -7.6845825e-02 -1.4275499e-01
 -1.4955885e-01 -1.3322747e-01 -1.0114309e-01 -6.4584144e-02 -9.1580873e-03
  4.5938187e-02  4.3615198e-02  1.9312673e-02  3.6386485e-02  6.1623884e-02
  7.2737215e-02  3.0180981e-02 -1.1070215e-02 -4.2237599e-03  2.7171295e-02
  6.6179424e-02  7.7609288e-02  7.1457415e-02  8.1960817e-02  8.4363728e-02
  7.4125330e-02  5.3898815e-02  8.5188184e-02  9.6182684e-02  4.6208449e-02
 -4.6578613e-03 -6.2768027e-02 -1.2339499e-01 -1.8747963e-01 -2.3624242e-01
 -2.8379586e-01 -3.1051707e-01 -2.8072518e-01 -1.2205946e-01  1.3564616e-01
  2.8242878e-01  2.1699810e-01  1.1676990e-01  3.8860905e-02 -1.8939354e-02
 -5.6437382e-02 -5.6496272e-02 -2.9972764e-02 -6.0111680e-03  2.2647303e-02
  4.7357850e-02  4.2670859e-02  5.6609845e-03  4.5501772e-02  1.0379734e-01
  1.3679240e-01  1.5717245e-01  2.0339037e-01  2.5152219e-01  2.2795579e-01
  1.6063222e-01  7.3732031e-02 -1.3827516e-02 -9.4002713e-02 -1.3299612e-01
 -1.3894819e-01 -1.4199783e-01 -9.0049741e-02 -2.0044588e-02  2.4112185e-02
  2.9822384e-02  1.0295921e-02  1.9999369e-02  4.6893042e-02  7.1822321e-02
  7.4111659e-02  6.0629068e-02  2.4437130e-02 -8.3595007e-03 -6.1857340e-02
 -1.2332138e-01 -1.1246885e-01 -1.6176795e-02  7.3287203e-02  3.9635935e-02
 -5.0370690e-02 -1.0186765e-01 -1.0204747e-01 -1.0332201e-01 -1.2436247e-01
 -1.4751874e-01 -1.8330476e-01 -2.0560925e-01 -2.0753368e-01 -1.8176943e-01
 -1.2202791e-01 -6.7542301e-02 -3.5606196e-02 -2.8359606e-03  4.8761739e-02
  1.0073717e-01  1.1762170e-01  9.3645168e-02  8.0119462e-02  6.4131955e-02
  4.6598593e-02  4.6825739e-02  4.5500720e-02  6.1077051e-02  9.5563291e-02
  1.1835782e-01  1.0906166e-01  8.8300926e-02  6.3171842e-02  2.5661195e-02
 -3.0979147e-02 -6.6881895e-02 -6.8704321e-02 -5.6594071e-02 -5.7153523e-02
 -8.3432009e-02 -1.1808440e-01 -1.3391101e-01 -9.9119809e-02 -6.7896691e-02
 -2.5582325e-02  3.7169928e-02  7.2309213e-02  9.4010074e-02  1.1882052e-01
  1.3471023e-01  1.1234265e-01  6.4674582e-02  1.8609151e-02 -3.7051097e-02
 -5.8464871e-02 -2.8926419e-02  5.9406055e-03  1.6392374e-02  8.5253384e-03
  3.1958188e-02  5.2997592e-02  4.8338994e-02  2.5812626e-02  1.2403647e-02
 -8.4181801e-03 -1.1322600e-02  2.0039330e-02  1.0085390e-02 -2.1278117e-02
 -7.1979010e-02 -1.0265740e-01 -1.2585574e-01 -1.1102815e-01 -7.5977201e-02
 -5.2688421e-02 -2.9805559e-02 -3.6336008e-02 -3.7524318e-02 -3.7449655e-02
 -2.0239134e-02 -3.2372520e-02 -5.0841807e-02 -4.6153765e-02 -2.3625293e-02
 -2.0874302e-02 -5.6514149e-02 -7.4741569e-02 -6.2385244e-02 -2.4852513e-02
  3.0641582e-02  6.8929364e-02  7.0553038e-02  5.8880254e-02  3.7529576e-02
  2.1467406e-02  7.0842228e-03  4.4168340e-04  3.8667410e-02  7.4967663e-02
  5.1756701e-02  1.9657598e-02 -2.4693721e-02 -6.8479278e-02 -9.1656589e-02
 -9.6384592e-02 -8.5893809e-02 -5.7685634e-02 -1.1784253e-02  2.2618910e-02
  5.9499648e-02  5.4684362e-02  1.6546959e-02  5.8226158e-04  2.0926882e-02
  3.3933097e-02  1.5134658e-02  1.3801226e-02  3.0381837e-02  6.3708159e-02
  1.0018719e-01  1.1545540e-01  1.1022893e-01  9.3340204e-02  6.9883167e-02
  4.8454671e-02  3.5975308e-02  4.1396317e-02  4.0150169e-02  2.9697244e-02
  2.8685603e-02  1.8959335e-02  1.0982932e-03 -1.0904062e-02 -2.3478069e-03
  2.1109861e-02  5.1630509e-02  9.2347491e-02  1.0336723e-01  6.6210972e-02
  2.7178657e-02  3.2609130e-02  7.6122322e-02  9.8829567e-02  8.3971481e-02
  5.9185219e-02  2.1205557e-02 -1.8783717e-02 -4.6730043e-02 -5.1365505e-02
 -2.4091153e-02 -2.1374865e-02 -3.3206440e-02 -5.1791404e-02 -8.2605449e-02
 -1.0187501e-01 -1.0546518e-01 -8.8520711e-02 -5.8408085e-02 -2.8165059e-02
 -1.3778091e-02 -1.8836297e-02 -2.8718202e-02 -4.8894240e-02 -7.2993806e-02
 -6.1609162e-02 -2.7207050e-02 -2.0881663e-02 -2.5708517e-02 -5.2096369e-03
  4.2914831e-02  8.0634747e-02  8.1197354e-02  8.2341497e-02  5.8088398e-02
  3.8707371e-02  3.7081594e-02  5.1187785e-02  5.5793802e-02  6.0982407e-02
  6.1820534e-02  2.3967064e-02  1.5468016e-03  2.1087777e-02  3.2235811e-02
  1.1304723e-02  9.2265466e-03  6.3123469e-03  3.7186754e-03  1.4893841e-03
 -1.9626050e-02 -5.6273332e-02 -7.8041496e-02 -6.5107842e-02 -2.9424879e-02
 -2.8454250e-02 -5.4849463e-02 -6.2585048e-02 -5.9599550e-02 -5.6085096e-02
 -5.0291820e-02 -5.2853522e-02 -5.2529629e-02 -4.0461443e-02 -2.6260608e-02
 -3.5420062e-02 -2.9914925e-02 -9.5686328e-03 -7.7706035e-03 -9.9634042e-03
 -2.4662173e-02 -1.2412060e-02  1.2572955e-02  3.1836202e-02  4.4794044e-02
  6.5088913e-02  7.1313346e-02  4.4786683e-02  1.3247032e-02 -2.9125172e-02
 -7.3060057e-02 -8.9067544e-02 -5.9227283e-02 -2.0235980e-02 -1.2870558e-02
 -2.2712502e-02 -3.5014144e-02 -2.1221331e-02 -3.3769047e-03 -3.7506441e-03
 -7.3830881e-03 -1.2572955e-02  3.9909352e-03  9.9494179e-04 -1.9391543e-02
 -5.1307667e-03  3.4339015e-02  5.7198742e-02  5.4685413e-02  3.9058606e-02
  3.3955181e-02  4.1177584e-02  3.9446647e-02  2.9560535e-02  3.0256696e-02
  5.8181990e-02  8.9307310e-02  8.3649690e-02  4.7316837e-02 -7.8367493e-04
 -3.8614830e-02 -5.3411923e-02 -1.7323042e-02  4.4318720e-02  7.1837044e-02
  7.6573460e-02  6.2626061e-02  3.9471885e-02  4.0905219e-03 -3.2163251e-02
 -4.6568096e-02 -4.3145132e-02 -2.6204873e-02 -1.3038815e-02 -1.9861609e-03
  2.4532826e-02  1.9646031e-02 -1.4696140e-02 -4.4707812e-02 -5.6833836e-02
 -2.1571514e-02  3.7084749e-02  7.0149222e-02  8.0511710e-02  6.1139095e-02
  1.4533141e-02 -3.3371542e-02 -5.3197396e-02 -2.6821112e-02  2.3968115e-03
  2.1827054e-02  4.7139116e-02  7.3890823e-02  7.3449150e-02  3.7563228e-02
 -8.0553774e-03 -4.8289569e-02 -6.8985099e-02 -6.0798376e-02 -4.7032905e-02
 -5.4034472e-02 -6.8064947e-02 -6.7732641e-02 -3.8726300e-02 -1.5595259e-02
 -3.0982302e-02 -5.2654770e-02 -4.1782255e-02 -2.0335882e-02 -2.2450654e-02
 -2.5909373e-02 -1.9682837e-02 -2.2197217e-02 -3.5003628e-02 -3.8023829e-02
 -4.0511920e-02 -2.7900056e-02 -2.0620866e-02 -1.7162147e-02  1.9719643e-04
  2.9470098e-02  5.4462474e-02  5.9257779e-02  5.4668588e-02  2.1624094e-02
  3.7319256e-03 -2.7371100e-03 -1.0734754e-02 -1.8753221e-02 -2.0397926e-02
 -2.2562123e-02 -3.4935274e-02 -3.4224391e-02 -2.8228156e-02 -1.8444050e-02
 -1.0627491e-03  9.9991587e-03 -5.9532247e-03 -2.3961806e-02 -1.4424826e-02
 -6.2026648e-03 -1.2713870e-02 -1.5054736e-02  7.2899162e-03  2.4868287e-02
  1.0393194e-02 -2.0055104e-02 -5.4691723e-02 -6.4986908e-02 -4.1684456e-02
 -1.8596532e-03  3.4215978e-02  5.1133101e-02  3.8069048e-02  4.5069563e-04
 -1.8285258e-02 -7.2254530e-03  3.6426446e-03  8.3668619e-03  7.1660375e-03
  1.5913895e-02  2.4792571e-02  1.4064127e-02 -3.3912065e-03 -1.3743388e-02
 -7.0961059e-03  1.5434364e-02  2.5501351e-02  1.0762096e-02 -4.3389103e-03
  3.0428107e-03  1.6040087e-02  2.9222971e-02  4.2054620e-02  4.3156699e-02
  2.5401449e-02  1.1316290e-02  1.5491151e-02  1.2994647e-02 -7.3539588e-04
 -4.3572082e-04  1.6691029e-02  1.9186481e-03 -1.1338374e-02 -1.5066304e-02
 -1.2547716e-02  1.1540282e-03  2.5765303e-03 -1.0815728e-02 -2.5932508e-02
 -1.9721746e-02 -1.1020790e-02  7.5804739e-03  1.8276845e-02  3.7507493e-03
 -4.0869465e-02 -7.1502634e-02 -6.6833521e-02 -4.9865921e-02 -1.8085453e-02
  1.5276624e-02  5.3317279e-02  7.1386958e-02  5.2911360e-02  2.2316048e-02
  3.0430210e-03  1.8212697e-02  4.9257043e-02  2.6844247e-02 -5.6379544e-03
 -7.3910803e-03  7.6784832e-03  2.2869191e-02  7.0024082e-03 -3.5862787e-04
  1.6306142e-02  4.3166164e-02  4.7599718e-02  1.5937030e-02 -2.3893452e-02
 -2.2042632e-02  1.1341529e-02  2.6097610e-02  2.7082961e-02  2.9716173e-02
  4.7477732e-02  6.5062623e-02  6.6533814e-02  5.9835109e-02  6.0653255e-02
  6.7109041e-02  7.0551986e-02  6.0865679e-02  3.4764914e-02  1.1241627e-02
  9.2356956e-03  1.4236589e-02 -1.2514065e-03 -2.1156131e-02 -2.9503749e-02
 -2.4124804e-02 -2.3372909e-02 -2.9147256e-02 -2.9963299e-02 -2.3416024e-02
 -2.2547401e-02 -4.1094507e-02 -6.7804150e-02 -8.2413006e-02 -7.8117212e-02
 -6.9060814e-02 -5.3955601e-02 -3.5988979e-02 -2.8611990e-02 -2.0697633e-02
 -2.5931457e-03  9.8508828e-03  1.4503696e-02  1.2118663e-02  1.3377431e-02
  1.2900003e-02  7.7824866e-03 -8.5739224e-04 -1.4679314e-02 -2.9734050e-02
 -3.6110965e-02 -3.3580810e-02 -1.6270388e-03  5.0437992e-02  7.8177153e-02
  5.8835035e-02  1.5387042e-02 -3.9982964e-03 -1.5959114e-02 -3.2002356e-02
 -3.7468583e-02 -2.5067040e-02 -1.0147119e-02 -4.9605123e-03 -9.3983784e-03
 -1.8403037e-02 -2.0838548e-02 -1.2459382e-02 -5.4847360e-03  4.8519870e-03
  1.4304944e-02  8.4557223e-03  2.9032631e-03  3.9128012e-03 -4.8823783e-03
 -2.6375233e-03  1.1057596e-02  9.7668598e-03  8.4110292e-03  1.3278580e-02
  3.0397611e-03 -2.1045713e-02 -3.0168361e-02 -1.7978190e-02 -1.5746690e-02
 -2.9347060e-02 -3.8322484e-02 -3.9743199e-02 -3.0001157e-02 -7.7794370e-03
  1.4243951e-02  2.1017320e-02  1.3719201e-02  3.9960880e-03 -9.4508534e-04
 -3.2189541e-03 -5.7174555e-03 -7.1949565e-03 -7.2909678e-03 -1.2416266e-02
 -1.2211204e-02 -1.1377283e-02 -1.0424427e-02  5.4475093e-03  2.5008150e-02
  2.1806021e-02  9.5032232e-04 -1.4155616e-02 -3.4546181e-03  2.7943171e-02
  5.1833468e-02  5.3979788e-02  3.3030822e-02  1.1144879e-02 -2.0322211e-03
 -1.1763221e-02 -2.8080931e-02 -4.1465723e-02 -3.4289590e-02 -1.4271292e-02
 -2.9815023e-03 -1.6897143e-02 -4.2394288e-02 -6.0294659e-02 -5.7746627e-02
 -3.4679735e-02 -5.9450222e-03  1.1519250e-02  5.5991503e-03 -1.1892568e-02
 -1.2589781e-02  1.2555078e-02  3.3956232e-02  5.1602116e-02  5.3805222e-02
  3.9445595e-02  3.2118032e-02  2.5902012e-02  2.2387557e-02  1.2371047e-02
  7.4589086e-04 -6.8909383e-03 -1.3542532e-02 -7.3444943e-03  6.9379450e-03
  1.7978190e-02  2.7590885e-02  3.1979220e-02  3.3649165e-02  4.0526642e-02
  5.3317279e-02  5.2042737e-02  3.1150558e-02  1.0037542e-02 -1.7087483e-02
 -4.5151588e-02 -5.9475461e-02 -6.3828042e-02 -5.4971449e-02 -3.2426151e-02
 -9.7877867e-03  1.9631308e-03 -2.1533657e-03 -6.0869885e-03  6.8604419e-03
  2.1231847e-02  2.8476334e-02  3.1712113e-02  2.8526811e-02  2.5211109e-02
  1.5351288e-02  3.1759435e-03 -8.2804202e-03 -2.8137718e-02 -4.1305880e-02
 -4.8657630e-02 -3.9886217e-02 -2.9244003e-02 -1.8287361e-02 -2.2055251e-02
 -1.7259946e-02 -7.2745628e-03 -2.3355031e-02 -2.9597342e-02 -2.5885186e-02
 -9.2309634e-03  1.2298487e-03  6.8185881e-04 -7.8897500e-04  7.4902464e-03
  1.7612232e-02  2.6371026e-02  3.4463105e-02  4.0157530e-02  3.9816811e-02
  3.5114046e-02  3.0393404e-02  2.8796021e-02  2.9762443e-02  2.7770709e-02
  2.6605534e-02  3.1214706e-02  4.0053421e-02  4.7070762e-02  4.1994679e-02
  3.3912065e-02  3.0292451e-02  2.7617175e-02  1.2394183e-02 -9.2386401e-03
 -1.2758037e-02 -1.9091836e-03  6.6781992e-03  1.0188868e-04 -1.4379607e-02
 -2.4388756e-02 -3.0384992e-02 -2.6653907e-02 -1.4233435e-02 -3.6777681e-03
 -7.1726626e-03 -1.8582861e-02 -2.0779658e-02 -2.2697780e-02 -2.9924390e-02
 -3.4574574e-02 -2.3175207e-02 -3.0247232e-03  8.7594250e-04 -1.6559579e-02
 -2.8403773e-02 -2.2889172e-02 -4.0964109e-03  7.8740812e-03  5.6005174e-03
  9.1105549e-03  1.8010789e-02  2.2826076e-02  1.6354516e-02  1.3690808e-03
 -3.9875701e-03 -8.2383561e-04 -6.7511804e-03 -1.4416413e-02 -1.8982470e-02
 -1.8415656e-02 -1.9457794e-02 -2.7925294e-02 -3.6308666e-02 -3.4941584e-02
 -2.7573007e-02 -2.4970292e-02 -2.3620035e-02 -1.5297656e-02 -3.6508471e-03
  5.9837212e-03  1.0011673e-02  1.3606680e-02  2.0014091e-02  1.9263248e-02
  2.0323262e-02  2.1298098e-02  2.4124804e-02  2.3835614e-02  1.7056986e-02
  5.8898131e-03 -5.5342665e-03  3.2019181e-03  2.0362172e-02  2.3637912e-02
  1.7266255e-02  1.7721599e-02  2.5776871e-02  3.6464303e-02  3.8798860e-02
  2.7946326e-02  1.2112353e-02 -1.8500836e-03 -7.3928680e-03 -2.2464324e-03
  7.4285173e-03  3.4934222e-03 -7.9193001e-03 -1.4703501e-02 -1.9567161e-02
 -1.3631918e-02 -4.5522804e-03  4.2764452e-03  9.9157667e-03  1.2691786e-02
  9.0889971e-03  7.2858149e-05 -4.2351172e-03 -3.5023608e-03  4.0769562e-03
  5.1149927e-03 -1.0394035e-03 -4.7449339e-03 -3.3032926e-03  2.0557770e-03
  7.4676369e-03  1.4884376e-02  1.0940868e-02 -4.5468121e-03 -9.5641109e-03
 -8.3237462e-03 -1.3339573e-02 -2.0107684e-02 -2.8243930e-02 -2.5915683e-02
 -1.7861462e-02 -1.3775988e-02 -1.3341676e-02 -1.6926588e-02 -2.0497828e-02
 -2.2074180e-02 -2.2257159e-02 -2.1989000e-02 -2.1795505e-02 -1.8355715e-02
 -1.0887237e-02 -6.0461864e-03 -6.5532689e-03 -6.8373066e-03 -6.3280157e-03
 -1.1741138e-02 -1.4524728e-02 -6.3429485e-03  8.7342917e-03  1.4743462e-02
  6.6632665e-03 -7.1104077e-03 -1.5188289e-02 -2.1269704e-02 -2.2277139e-02
 -1.3610886e-02  3.1971859e-03  1.1718002e-02  5.5335303e-03 -1.3644537e-03
 -2.4860926e-03 -2.5839967e-04 -4.5368218e-03 -1.0479110e-02 -7.9889161e-03
 -3.0414436e-04  2.0218102e-03 -6.5272943e-03 -2.2165669e-02 -3.5689273e-02
 -3.1259924e-02 -2.2471686e-02 -2.1048868e-02 -2.0940553e-02 -1.9979389e-02
 -2.3126834e-02 -2.9702502e-02 -3.4264352e-02 -3.6631508e-02 -3.3030822e-02
 -2.5092278e-02 -1.3708685e-02 -1.4391175e-02 -2.8333316e-02 -4.8842712e-02
 -2.7516221e-02  1.7744734e-03  7.5535528e-03  1.6399735e-02  1.6318762e-02
  1.6725732e-02  1.0728445e-02  9.2888015e-03  1.2616071e-02  1.6436541e-02
  2.0835393e-02  2.2775599e-02  2.1289685e-02  1.3982102e-02  1.1268968e-02
  1.3388998e-02  2.1025733e-02  3.1104287e-02  3.5291767e-02  4.4187269e-02
  5.4456164e-02  6.0448193e-02  6.1806863e-02  5.7921193e-02  5.3293092e-02
  5.1523246e-02  5.1618941e-02  5.0516862e-02  4.3536328e-02  3.1776261e-02
  2.2093109e-02  2.0200225e-02  2.3942877e-02  3.2745838e-02  4.2547822e-02
  4.6624883e-02  4.3391207e-02  3.3507198e-02  2.4852513e-02  1.5388094e-02
  9.5610613e-03  1.1887310e-02  1.3904283e-02  1.2033483e-02  8.9343064e-03
  1.0638007e-02  1.1841040e-02  1.0688484e-02  1.0563343e-02  1.2305848e-02
  8.6163019e-03  1.0372372e-02  1.3110324e-02  1.1657009e-02  5.9557486e-03
 -8.9663803e-03 -1.9467258e-02 -2.9542658e-02 -3.2014975e-02 -3.1836202e-02
 -3.3271639e-02 -3.2337817e-02 -3.3086557e-02 -2.9227178e-02 -2.7026174e-02
 -2.9895997e-02 -3.3714364e-02 -3.7671543e-02 -3.2515537e-02 -2.7072445e-02
 -1.8302083e-02 -1.7696360e-02 -2.6262711e-02 -3.6174061e-02 -4.2010453e-02
 -3.5345399e-02 -2.9816075e-02 -2.5755839e-02 -1.4698243e-02  1.9868970e-04
  1.0742116e-02  1.7389293e-02  1.8092814e-02  1.7079070e-02  1.8501888e-02
  2.3106853e-02  2.5085968e-02  2.1256034e-02  1.0285089e-02  4.5211530e-04
 -3.4973132e-03 -8.8935043e-03 -1.3286993e-02 -1.4400639e-02 -9.8203864e-03
 -8.9934065e-03 -1.6302988e-02 -2.2554762e-02 -2.7573007e-02 -2.5813677e-02
 -2.1837570e-02 -1.9864764e-02 -1.3700272e-02 -9.5044851e-03 -5.3702165e-03
 -8.1207870e-03 -1.3446836e-02 -1.4009443e-02 -4.7271618e-03  6.8063895e-03
  1.1850504e-02  1.4874912e-02  1.8614409e-02  2.1838621e-02  1.6009591e-02
  8.3613936e-03  5.1578981e-03  6.0683752e-03  4.2254425e-03 -1.1221646e-03
 -4.8497786e-03  2.3097389e-03  4.8622927e-03 -7.4559642e-04 -1.8572345e-03
 -2.4762075e-03 -1.2456227e-03 -3.7427571e-03 -9.8830618e-03 -9.9011494e-03
 -8.3888404e-03 -1.1397264e-02 -1.5649943e-02 -1.9076062e-02 -1.9534561e-02
 -1.6096874e-02 -1.3466817e-02 -8.2786325e-03  5.1361299e-03  1.7267307e-02
  2.1415877e-02  1.6849821e-02  1.3040918e-02  1.2082908e-02  1.2324777e-03
 -7.2369154e-03 -7.2485882e-03 -3.4269610e-03  2.7775967e-03 -5.7697202e-05
 -1.6963394e-03 -9.2822816e-04 -1.2584523e-03 -2.6092352e-03 -1.1512940e-02
 -2.0396875e-02 -2.3504359e-02 -1.9803771e-02 -1.4762391e-02 -1.0164681e-02
 -6.1090722e-03 -2.9315512e-03  3.8347723e-03  1.2526684e-02  1.6941310e-02
  2.0818567e-02  2.2746154e-02  1.9083424e-02  2.1101448e-02  2.1923801e-02
  2.4737888e-02  2.7088219e-02  2.5327837e-02  1.7701618e-02  7.8307552e-03
  1.9489342e-03 -2.1132996e-03 -1.6939207e-03  1.2558232e-03  4.8562986e-03
  5.9764651e-03  5.6362719e-03 -1.7038057e-03 -9.8258547e-03 -1.7874081e-02
 -2.2733535e-02 -2.9354421e-02 -3.4669219e-02 -3.3835298e-02 -2.1947988e-02
 -1.6926588e-02 -6.2258000e-03  1.1806337e-02  1.2375254e-02  1.2954686e-02
  1.3011473e-02  1.0707413e-02  5.8428065e-03  4.9590401e-03  5.0670396e-03
  4.4563743e-03  5.9691039e-03  3.9958777e-03  3.5450559e-03  7.4250471e-03
  7.9281335e-03  7.0786493e-03  8.3564511e-03  1.2328983e-02  1.4877015e-02
  8.4650816e-03 -3.3760634e-04 -2.6263763e-03 -1.6512256e-03  6.7548610e-05
 -1.6249356e-03 -6.5326575e-03 -1.0072666e-02 -6.6432860e-03 -1.6062171e-03
 -1.3652950e-04  2.9289222e-04 -2.0701839e-04 -3.8470760e-03 -4.3569979e-03
 -8.3436215e-03 -1.1213233e-02 -1.5629962e-02 -1.4030475e-02 -6.1465092e-03
 -8.5796010e-04  5.6148192e-03  8.3089186e-03  8.4011441e-03  2.3668409e-03
 -7.0488890e-05 -1.7876184e-04  3.7752516e-03  9.5256223e-03  1.1469824e-02
  9.8044020e-03 -3.7758826e-04 -9.3084664e-03 -1.6139989e-02 -1.9309518e-02
 -1.0153429e-02  2.3810375e-03  5.7885438e-03  9.9289117e-03  1.1522404e-02
  8.1848296e-03  1.0648523e-03 -7.2575268e-03 -4.8058217e-03 -3.1453419e-04
  6.1525033e-03  1.2027173e-02  1.3840135e-02  1.8351509e-02  2.3049015e-02
  2.9443808e-02  2.7281714e-02  1.9963615e-02  1.2631845e-02  6.9412049e-03
  5.2735743e-03  7.0821196e-03  8.9767911e-03  8.2812615e-03  4.8809061e-03
  3.1268337e-03  2.0106632e-03 -6.0826770e-04  1.3497313e-03  4.7912044e-03
  1.1862072e-02  1.3744440e-02  1.4082004e-02  1.0971365e-02  6.1160127e-04
 -9.5973415e-03 -1.7450286e-02 -1.9242216e-02 -1.6346103e-02 -1.6205189e-02
 -1.5668872e-02 -1.5335514e-02 -1.4791835e-02 -1.1430915e-02 -1.4579412e-02
 -1.3874838e-02 -1.1085990e-02 -1.3441578e-02 -1.8079144e-02 -2.3706266e-02
 -2.2698832e-02 -2.2080490e-02 -2.3767259e-02 -2.3609519e-02 -2.3418128e-02
 -2.4116391e-02 -2.4028057e-02 -2.5343611e-02 -2.1146667e-02 -1.4314408e-02
 -1.3363760e-02 -2.0191812e-02 -2.3752537e-02 -1.8761633e-02 -1.0632749e-02
 -3.4818546e-03 -1.6166279e-04  5.4450906e-03  7.5679598e-03  1.2465691e-02
  1.6274594e-02  1.7341970e-02  2.1944833e-02  1.9010863e-02  1.6348206e-02
  1.7131650e-02  1.3919006e-02  1.1743241e-02  1.4299686e-02  1.9133900e-02
  2.2937545e-02  2.7959997e-02  2.8703480e-02  2.8959019e-02  2.5672762e-02
  2.1816537e-02  2.1222382e-02  2.3267748e-02  2.7045103e-02  2.6290053e-02
  2.4037521e-02  2.2852366e-02  1.9158087e-02  1.6546959e-02  1.7092741e-02
  1.6056913e-02  1.7345125e-02  1.3852755e-02  7.3062160e-03  1.2110250e-03
 -2.6896827e-03 -1.4760287e-03 -1.9118126e-03 -1.4172442e-03 -2.0598782e-03
 -5.5088177e-03 -9.9941110e-03 -1.7067502e-02 -1.8554468e-02 -1.6671048e-02
 -1.0464177e-02 -7.3764630e-03 -7.9133059e-03 -7.4329341e-03 -1.0615923e-02
 -9.9239692e-03 -8.7655243e-03 -8.4219659e-03 -9.6556003e-03 -1.6811963e-02
 -2.3668409e-02 -2.6866331e-02 -3.1040140e-02 -3.3124415e-02 -3.1847770e-02
 -2.6224854e-02 -1.8510300e-02 -1.2266939e-02 -8.0322421e-03 -8.4455218e-03
 -5.7336502e-03 -1.5794012e-03  2.4278338e-03  5.2748362e-03  6.2470424e-03
  2.1043610e-03 -1.1801079e-03 -2.1578875e-03 -9.2131913e-04  2.0024607e-03
  6.3928996e-03  1.3869580e-02  2.2114141e-02  3.3090764e-02  3.5396927e-02
  3.0244077e-02  2.5733755e-02  2.5056524e-02  2.4756817e-02  2.1942730e-02
  1.9201203e-02  1.5933875e-02  1.4026269e-02  1.4180855e-02  1.2622380e-02
  9.8827464e-03  1.5258747e-02  2.2461170e-02  1.9315828e-02  1.1820008e-02
  4.3682500e-03  1.8275793e-03  1.5642581e-03 -2.5200593e-03 -6.6035355e-03
 -6.5257169e-03 -2.2974351e-03  3.4306416e-03  3.0411282e-03 -2.6521405e-04
 -4.0464598e-03 -1.0461443e-02 -1.5151483e-02 -1.7815191e-02 -2.1974278e-02
 -2.2200372e-02 -2.1192937e-02 -2.1900666e-02 -2.4098514e-02 -2.6967285e-02
 -2.7129231e-02 -2.8133511e-02 -2.4834636e-02 -2.1155080e-02 -1.8410398e-02
 -1.6776209e-02 -1.7264152e-02 -1.8023409e-02 -2.0636640e-02 -2.1658797e-02
 -2.2287655e-02 -1.7694257e-02 -1.1513992e-02 -4.5175775e-03  4.6030728e-04
  4.5796221e-03  6.2076073e-03  4.9741832e-03  6.0329362e-03  2.7693942e-03
  1.2182811e-03  2.4285699e-04 -5.8606838e-03 -1.2157572e-02 -1.4848622e-02
 -1.4698243e-02 -1.2849526e-02 -5.7642518e-03  1.6935000e-03  4.1985214e-03
  6.5367588e-03  8.8202076e-03  1.0625388e-02  8.2080700e-03  4.4783528e-03
  2.9482717e-03  1.6939207e-04  3.7694678e-03  4.2157677e-03  3.1640604e-05
  5.3880938e-04 -6.2551397e-04  1.8700640e-03  3.9980861e-03  5.8759320e-03
  1.2133385e-02  1.4423775e-02  9.9883272e-03  4.3716152e-03  3.0636324e-03
  4.8474651e-03  7.8489479e-03  1.0290347e-02  1.3154491e-02  1.8880464e-02
  2.2464324e-02  1.9981492e-02  1.5320791e-02  8.4248052e-03  1.9913138e-03
 -1.3660311e-04  9.2383246e-04  2.3959703e-03  4.2733955e-03  2.2965939e-03
  1.0786283e-03  1.2872661e-03  1.0440832e-03  2.9929648e-04 -2.1028888e-03
 -1.3981050e-04  6.9726478e-03  9.1283270e-03  8.0636850e-03  4.3292356e-03
 -1.4043095e-03 -3.7777754e-03 -4.5942393e-03 -3.1142145e-03  1.7813088e-03
  5.9561692e-03  1.0305596e-02  1.0745270e-02  5.6293313e-03  2.2698832e-03
  5.6892726e-04  5.5873724e-03  5.3017572e-03  4.2459487e-03  2.4356157e-03
 -3.0715195e-04 -1.4943266e-05 -2.1080416e-04  3.5195020e-03  2.5568654e-03
  1.7336712e-03 -1.2378409e-03 -7.2453283e-03 -1.4276550e-02 -1.8106485e-02
 -1.7509175e-02 -1.2521426e-02 -7.7091900e-03 -6.7358270e-03 -1.0664297e-02
 -1.5934927e-02 -1.7767869e-02 -1.6234633e-02 -1.1414089e-02 -5.9942372e-03
  4.4958094e-04  5.1119430e-03  5.3490793e-03  2.3763053e-06 -5.2113194e-03
 -8.1639027e-03 -8.4182853e-03 -4.7478784e-03 -1.6968652e-03 -1.8329425e-03
  6.1122270e-04 -1.8389366e-03 -9.2042527e-03 -1.3195503e-02 -1.2131282e-02
 -5.5486734e-03  6.9449907e-04  5.7614125e-03  6.9753820e-03  4.3685655e-03
  8.0137339e-04  2.6094455e-03  6.1853133e-03  1.1599171e-02  1.4059920e-02
  1.1199563e-02  9.6688505e-03  6.9612905e-03  7.1032568e-03 -1.3012525e-04
 -5.6302777e-03 -3.3334735e-03 -8.2278401e-04 -3.7251953e-05 -1.7996067e-03
  1.1494011e-03  6.3225474e-03  1.3802278e-02  2.0102426e-02  2.0845909e-02
  2.1374865e-02  1.8750066e-02  1.2217513e-02  9.5325629e-03  7.7357955e-03
  7.1816012e-03  8.2282608e-03  9.5878771e-03  1.2666547e-02  1.2373150e-02
  1.1996677e-02  7.9464314e-03  6.0897227e-03  1.2067134e-02  1.1948303e-02
  8.6628879e-03  3.2636472e-03 -3.5416908e-03 -4.3932782e-03 -1.6208343e-03
  3.1677411e-03  6.4002608e-03  9.9703448e-03  1.4227125e-02  1.7204211e-02
  1.7083276e-02  1.5358649e-02  1.3344831e-02  1.3462610e-02  1.2463588e-02
  6.8538168e-03  1.4687727e-03 -1.7873030e-03 -4.7573428e-03 -9.8223844e-03
 -1.2823236e-02 -1.4120913e-02 -1.0465965e-02 -7.9086789e-03 -1.2448866e-02
 -1.8708002e-02 -2.2861830e-02 -2.2927029e-02 -2.0973153e-02 -2.1195041e-02
 -1.8282103e-02 -1.4352266e-02 -1.0434627e-02 -7.1609898e-03 -8.0697843e-03
 -7.0932666e-03 -2.5425636e-03  2.6604482e-03  4.2584628e-03  2.7161831e-03
  2.4086946e-03  1.7924558e-03 -9.4741989e-04 -2.7614020e-03 -3.5894335e-03
 -2.5361488e-03 -5.7910677e-03 -7.9092047e-03 -6.5047900e-03 -6.3364285e-03
 -6.9892631e-03 -9.9760235e-03 -1.1553952e-02 -1.0873566e-02 -1.2819030e-02
 -1.3299612e-02 -1.3924264e-02 -1.5751948e-02 -1.5475377e-02 -1.5605775e-02
 -1.5645736e-02 -1.2045051e-02 -5.3424542e-03 -1.1771634e-04  4.9891159e-03
  7.2623642e-03  9.7808461e-03  1.4200835e-02  1.7406118e-02  1.7563859e-02
  1.6752022e-02  1.5054736e-02  1.5583692e-02  1.2745418e-02  5.3100649e-03
 -2.9854984e-04 -3.9699031e-03 -5.8862377e-03 -8.2645410e-03 -1.2648670e-02
 -1.3614041e-02 -1.3170265e-02 -1.3305922e-02 -1.4277602e-02 -1.6368187e-02
 -1.4528935e-02 -1.1271071e-02 -5.5223834e-03 -1.0642213e-03  1.4926440e-03
  4.4948629e-03  7.8391680e-03  1.1049183e-02  1.5074716e-02  1.7864617e-02
  1.8249503e-02  1.5791909e-02  1.0619078e-02  6.3943718e-03  2.0738645e-03
  3.2755303e-03  4.5515443e-03  4.6600696e-03  5.0970103e-03  2.4932435e-03
  3.8189982e-03  3.5371689e-03  2.5426688e-03  2.8008371e-03  6.8402511e-05
 -8.3135457e-04 -7.8450569e-04 -3.6722997e-03 -4.3973794e-03 -2.5431946e-03
 -6.7340393e-04  2.3528546e-03  3.1855131e-03  3.3479857e-03  3.3578707e-03
  3.6057333e-03  3.9420357e-03  3.6316027e-03  4.9352739e-03  3.7075284e-04
 -2.7943171e-03 -4.6523929e-03 -8.3926262e-03 -9.1336902e-03 -9.0986718e-03
 -1.0560188e-02 -6.9878961e-03 -3.8707371e-03 -6.8975634e-04  2.7159728e-03
  3.8406612e-03  6.2040318e-03  6.0230511e-03  3.9906197e-03  1.0547569e-03
 -3.9263668e-03 -4.9118232e-03 -6.1348364e-04  3.8031191e-03  2.7458383e-03
  0.0000000e+00  0.0000000e+00  0.0000000e+00  0.0000000e+00  0.0000000e+00
