Scaled from
PEER NGA STRONG MOTION DATABASE RECORD
ACCELERATION TIME SERIES IN UNITS OF G
NPTS= 2999.000000, DT= 0.020000, Scalar= 1.000000
 -1.8815514e-03  2.1894034e-03  5.1852075e-03  3.1122073e-03 -1.4824267e-03
  2.2685095e-03  5.0466966e-03 -8.1294272e-03 -1.0860993e-02  3.5518024e-03
  8.5806025e-03 -6.5602394e-03 -1.3280947e-02  1.1495646e-03  2.3778443e-02
  2.5458319e-02 -8.2426722e-03 -2.1339088e-02 -1.7980840e-02 -1.1367964e-03
  7.0739777e-03  3.4432196e-03 -1.0343796e-02 -1.1641977e-02 -6.1869670e-05
  7.6562946e-03  2.7072023e-02  4.3469237e-02  9.5032560e-03 -4.6791392e-02
 -5.2619073e-02 -2.5256794e-02  1.5594123e-02  3.4722452e-02  4.4998722e-02
  6.8647828e-03 -3.6364730e-02 -2.2555758e-02 -3.2104131e-03  1.0669995e-02
  2.3256583e-02  1.6594228e-02 -2.1663935e-02 -1.5118885e-02  1.8042501e-02
  2.8684222e-02  3.4343465e-02  7.9758772e-04 -3.0732558e-02 -4.4618230e-02
 -3.8315311e-02 -9.9063059e-03  2.7288587e-02  3.3361406e-02  1.7759764e-02
  1.3487585e-02  6.1520762e-03 -2.2525679e-02 -3.5143549e-02 -1.3788369e-02
 -4.0183177e-03 -3.3379453e-02 -2.3597973e-02  3.7667123e-02  4.7862181e-02
  4.2878198e-03 -3.1191253e-02 -4.9555592e-02 -3.5964688e-02 -1.8314710e-02
 -8.3756185e-03  8.6702360e-03  9.4837051e-03 -1.7925195e-02 -5.1921255e-02
 -1.8310198e-02  5.3446227e-02  5.9722076e-02 -9.5154377e-03 -3.8223572e-02
 -5.6306679e-02 -1.3470440e-02  2.2830975e-02  3.7370851e-02  4.1566781e-02
 -1.2121877e-02 -6.7598093e-02 -6.7142406e-02 -1.4431745e-02 -1.0292061e-02
 -1.3304709e-02  2.0653302e-02  3.2293625e-02 -2.0364550e-02 -5.3377047e-02
 -3.4910442e-02  5.0478998e-02  3.9894425e-02 -5.5584798e-03 -1.5809183e-02
 -4.9889462e-02 -1.0409366e-01 -9.0597507e-02  5.0137608e-02  1.1948777e-01
  1.3015957e-01  5.6402930e-02 -4.4494909e-02 -8.6594078e-02 -1.0438392e-01
 -3.6850496e-02  3.8781526e-02  7.3198683e-02  6.3135969e-02 -2.6641902e-03
 -2.8763930e-02 -1.6042290e-02 -4.3127848e-02 -5.6300663e-02 -3.5328531e-02
 -1.3130104e-02 -1.9862241e-02 -3.5588709e-02 -4.1453988e-03  6.1078610e-02
  9.8252448e-02  9.3770773e-02  5.0501557e-02 -7.3773179e-03 -5.1936294e-02
 -8.0934835e-02 -4.7159851e-02 -3.7304679e-02 -3.6059435e-02 -4.7039538e-02
 -5.4604244e-02 -4.8480291e-02 -6.2749462e-02 -7.9715158e-02 -5.3927481e-02
 -1.8170334e-02  3.2418450e-02  1.1012588e-01  1.3572707e-01  1.0827155e-01
  9.8649482e-02  5.0689546e-02 -5.1573850e-02 -6.4916608e-02 -7.2732468e-02
 -8.9317673e-02 -1.1629044e-01 -1.1174710e-01 -1.0743387e-01 -7.5868136e-02
  8.2086836e-03  4.5412299e-02  4.9163070e-02  5.9898034e-02  1.8859128e-02
 -3.2647046e-02 -3.1896591e-02  2.8840630e-03  7.8680463e-02  8.1160423e-02
  3.0120464e-02 -2.6649422e-02 -4.7950912e-02 -2.0077301e-02  1.7028860e-02
 -2.7318665e-03 -7.1560916e-02 -9.9082610e-02 -3.3020017e-02  2.3625043e-02
  9.1242687e-03  2.5929045e-02  7.3434798e-02  1.0023912e-01  1.0275067e-01
  1.2419954e-01  1.5639240e-01  1.7135638e-01  1.8426000e-01  2.0399140e-01
  2.2754275e-01  2.5715489e-01  2.8994029e-01  3.0401696e-01  2.6222309e-01
  1.4494458e-01 -1.5589611e-02 -1.6024243e-01 -2.7198352e-01 -3.4188561e-01
 -3.8046110e-01 -3.9106372e-01 -3.5900020e-01 -2.4364971e-01  1.6164108e-02
  3.0285895e-01  5.7494774e-01  7.1684237e-01  7.2443716e-01  5.9060352e-01
  4.2812025e-01  3.0628788e-01  7.2312875e-02 -1.4558976e-01 -2.9321884e-01
 -3.8444648e-01 -3.1910126e-01 -1.5594123e-01  1.8896726e-02  2.4367979e-01
  2.4455206e-01  2.2491089e-01  1.4792384e-01 -1.1580317e-02 -2.5459823e-01
 -4.2729310e-01 -4.7943393e-01 -4.7095183e-01 -5.0904606e-01 -5.9361136e-01
 -6.5193329e-01 -6.2460710e-01 -3.4526943e-01 -9.4112162e-03  4.0195209e-01
  6.8980193e-01  7.1508279e-01  5.3231167e-01  3.0508475e-01 -2.7980389e-02
 -2.2829471e-01 -3.7402433e-01 -4.7874212e-01 -4.8660761e-01 -4.5110012e-01
 -3.5477419e-01 -2.3682192e-01 -9.3907629e-02 -1.0899944e-02  1.5473809e-02
  1.8216955e-02  3.7868648e-02  1.0706240e-01  1.8911765e-01  2.4777044e-01
  2.9923451e-01  3.1637917e-01  3.2266554e-01  2.9970072e-01  2.6261411e-01
  2.4300302e-01  2.4052156e-01  2.6350142e-01  3.0630292e-01  3.5397711e-01
  4.0625329e-01  4.4150512e-01  4.9875927e-01  5.6408945e-01  6.7032620e-01
  7.2655768e-01  8.5190922e-01  8.8958236e-01  3.9793662e-01 -3.0210699e-01
 -8.1428120e-01 -9.6109365e-01 -1.0000000e+00 -9.9830057e-01 -9.4942325e-01
 -8.5258599e-01 -6.8187629e-01 -5.5864527e-01 -5.2467177e-01 -4.4380611e-01
 -4.1960808e-01 -4.7260614e-01 -4.6961334e-01 -4.7000436e-01 -3.5087904e-01
 -1.3497661e-01  1.3643692e-03  2.2961816e-01  6.1141774e-01  9.2349571e-01
  9.2420255e-01  6.2614110e-01  1.9271201e-01 -1.7498083e-01 -4.5240852e-01
 -5.2874739e-01 -2.6443385e-01 -1.5003685e-01 -1.0080008e-01 -3.5964688e-02
  4.9916533e-02  1.0019551e-01  9.4283609e-02  8.6297806e-02  7.5460575e-02
 -1.0304844e-02 -1.0097303e-01 -1.4246312e-01 -2.0033688e-01 -2.0060758e-01
 -1.8320725e-01 -1.4476712e-01 -7.1792520e-02  4.5299505e-02  1.6979231e-01
  3.1546178e-01  4.7830599e-01  5.0629390e-01  4.3646700e-01  3.9670341e-01
  3.0765645e-01  8.1758982e-02 -1.0596303e-01 -1.7179252e-01 -1.5148963e-01
 -5.2379950e-02  3.0800235e-02  1.3694675e-01  2.5956116e-01  2.9070729e-01
  2.9494834e-01  2.3297189e-01  1.5147459e-01  9.0597507e-02 -6.5250477e-02
 -1.7937226e-01 -2.6279458e-01 -3.4170514e-01 -4.0482457e-01 -5.1276074e-01
 -5.8072278e-01 -6.7777059e-01 -6.4967741e-01 -3.9489871e-01 -1.2494398e-01
  9.1212609e-02  2.7315657e-01  3.6654986e-01  2.2982870e-01  3.9559051e-02
 -1.2118268e-01 -1.7619900e-01 -1.8677154e-01 -1.7078489e-01 -2.3867174e-01
 -3.5197690e-01 -3.8161912e-01 -3.5053314e-01 -2.8981998e-01 -2.3840103e-01
 -1.7881582e-01 -1.6125006e-01 -1.6764171e-01 -1.6300964e-01 -7.8785737e-02
  1.3503376e-02  1.0624577e-01  2.0417187e-01  3.1777781e-01  3.5781210e-01
  3.1009279e-01  2.4575519e-01  2.0838284e-01  2.0782639e-01  2.0558555e-01
  2.2605387e-01  2.7199856e-01  2.9231648e-01  2.6526100e-01  2.3428030e-01
  2.1009730e-01  1.9835171e-01  1.5691877e-01  7.1672206e-02  3.3469689e-02
  3.9568075e-02  7.8546614e-02  1.5445235e-01  2.7649527e-01  3.3358399e-01
  3.3756937e-01  3.4922473e-01  3.5409742e-01  2.6923135e-01  6.0738724e-02
 -7.0983412e-02 -1.6538583e-01 -2.0827756e-01 -2.2328666e-01 -1.9811108e-01
 -1.8410961e-01 -7.8922593e-02  1.4563939e-01  3.2185343e-01  4.2855639e-01
  4.4961124e-01  4.5860467e-01  4.2615012e-01  3.5832343e-01  1.7119095e-01
  5.0098507e-03 -2.3838600e-02 -4.7780969e-03  3.6967801e-02  7.1515799e-02
  8.5374400e-02  7.5609463e-02  3.4396102e-02 -7.0311161e-02 -1.7063450e-01
 -2.2770818e-01 -2.6568210e-01 -2.8733852e-01 -2.9882845e-01 -3.0072338e-01
 -3.1385259e-01 -3.2376340e-01 -3.4092310e-01 -3.3319297e-01 -2.4524386e-01
 -1.8068067e-01 -1.1757328e-01 -5.9902546e-02 -1.3955454e-02  1.8875671e-02
  2.5766622e-02  3.6901629e-02  7.9279022e-02  2.1766201e-01  3.4501376e-01
  3.5757147e-01  2.1008226e-01  9.5336351e-02 -2.2906171e-02 -1.3987036e-01
 -1.8498188e-01 -2.4258193e-01 -2.7553276e-01 -3.0034740e-01 -2.8786489e-01
 -2.7130675e-01 -2.6028304e-01 -2.4334892e-01 -1.9158408e-01 -1.7367242e-01
 -2.4202548e-01 -1.5494864e-01 -2.2659528e-02  7.9427910e-02  1.8588423e-01
  2.2581324e-01  2.7181809e-01  2.3333283e-01  3.0282887e-01  3.6879070e-01
  2.9875325e-01  1.5063240e-01  5.1569338e-02  4.5616832e-04 -5.0624878e-02
 -1.0343495e-01 -2.0390116e-01 -2.7090070e-01 -3.3368926e-01 -3.4824718e-01
 -3.2195870e-01 -2.4401065e-01 -1.6252839e-01 -5.4986239e-02  3.4996165e-02
  6.9058397e-02  2.3337795e-02 -4.7946400e-02 -4.9241274e-02 -1.2599522e-03
  6.4412795e-02  1.1561367e-01  1.3885221e-01  1.1294422e-01  9.0077151e-02
  1.0826403e-01  1.4902321e-01  1.8135744e-01  1.7962793e-01  1.4162092e-01
  1.1099965e-01  1.0377784e-01  1.1534146e-01  1.2801648e-01  1.3912141e-01
  1.5017671e-01  1.3435850e-01  1.0529981e-01  7.4585295e-02  2.7117140e-02
 -2.4304814e-02 -6.2788564e-02 -8.2898952e-02 -9.0278676e-02 -9.7679455e-02
 -1.1327508e-01 -1.3156723e-01 -1.4596123e-01 -1.5188065e-01 -1.4237138e-01
 -8.9457537e-02 -6.9175703e-04  5.4920067e-02  7.5403426e-02  7.5910246e-02
  7.2714421e-02  7.9215857e-02  8.4544238e-02  8.4135172e-02  8.0155806e-02
  7.4582287e-02  6.8644820e-02  5.9141564e-02  3.5492458e-02  4.6621449e-03
 -2.0331463e-02 -2.4540929e-02 -9.1838239e-03  1.3180184e-02  2.0569082e-02
  6.9548674e-03 -1.7222866e-02 -3.5495466e-02 -4.1163732e-02 -4.7764426e-02
 -5.8824237e-02 -7.5432000e-02 -9.4045990e-02 -1.0471779e-01 -1.0839487e-01
 -1.1757779e-01 -1.2628698e-01 -1.2669153e-01 -1.0745642e-01 -5.9934128e-02
 -1.7544704e-02 -9.3239890e-03 -2.1742138e-02 -3.2994451e-02 -3.4498368e-02
 -1.6183658e-02  1.1690253e-02  3.2150753e-02  2.9021100e-03 -4.4916006e-02
 -6.7052171e-02 -6.6822071e-02 -4.1974343e-02 -1.8439535e-02 -4.5568706e-03
 -6.4551156e-03 -8.4320154e-03 -5.1054998e-03 -3.1899598e-03  1.2276631e-02
  3.2726753e-02  5.0868512e-02  6.6476170e-02  6.8897478e-02  7.6402027e-02
  8.9844044e-02  1.0830915e-01  1.3221091e-01  1.5643752e-01  1.7761268e-01
  1.8081603e-01  1.6950656e-01  1.4349029e-01  1.0302588e-01  6.4292482e-02
  3.6757253e-02  2.0680372e-02  7.0210398e-03 -9.1475794e-03 -3.0496443e-02
 -5.2691261e-02 -6.6999534e-02 -7.1288707e-02 -5.5899117e-02 -3.0725039e-02
 -1.1956447e-02 -7.6406539e-04  8.3771224e-03  2.1478953e-02  2.4774036e-02
  1.2406419e-02 -9.6522942e-03 -3.2510189e-02 -3.7521243e-02 -2.5607207e-02
 -1.0724738e-02 -1.9152392e-03 -4.0196712e-03 -1.2417698e-02 -2.2858045e-02
 -3.4984134e-02 -4.4997218e-02 -5.2303250e-02 -5.6401426e-02 -5.2280691e-02
 -4.7648625e-02 -4.9068323e-02 -5.1796430e-02 -5.4183147e-02 -5.0501557e-02
 -3.9035688e-02 -2.4279247e-02 -1.5258749e-02 -1.2137969e-02 -1.1127637e-02
 -1.5368535e-02 -2.3181388e-02 -3.2645542e-02 -3.0460349e-02 -2.2172259e-02
 -1.3545636e-02 -3.3519318e-03 -3.5337554e-03 -8.1912382e-03 -1.6840870e-03
  9.0829110e-03  2.3328771e-02  3.3084686e-02  2.6568210e-02  1.8905749e-02
  2.0063766e-02  2.9033131e-02  4.5276946e-02  5.2644639e-02  3.4844269e-02
 -5.9839382e-03 -5.1585881e-02 -8.2544027e-02 -9.3441415e-02 -8.0757373e-02
 -5.4163596e-02 -1.9122314e-02  2.0823245e-02  4.9773660e-02  5.8037688e-02
  5.8069270e-02  5.6051013e-02  5.8690388e-02  6.6846134e-02  6.8020694e-02
  5.7512821e-02  4.0094446e-02  1.9617103e-02  1.9791557e-03 -8.5030003e-03
 -1.4701848e-02 -2.3035507e-02 -4.3535410e-02 -6.4993308e-02 -7.7988660e-02
 -7.4338652e-02 -5.5311085e-02 -2.9977592e-02 -1.0103169e-02 -3.2119170e-03
  2.2444468e-03  1.3906577e-02  2.9548975e-02  3.3454649e-02  1.1074248e-02
 -2.8145820e-02 -6.0111591e-02 -7.9760276e-02 -8.3646399e-02 -7.1117260e-02
 -4.8614140e-02 -2.7431459e-02 -1.3025882e-02 -8.0661122e-03 -1.9477238e-02
 -3.9689892e-02 -5.5237393e-02 -6.5257997e-02 -6.7894365e-02 -6.5164754e-02
 -6.1068082e-02 -5.1077557e-02 -3.2325207e-02 -3.8942445e-03  3.1243890e-02
  6.4439866e-02  8.9848555e-02  1.0450273e-01  1.0462605e-01  9.6685365e-02
  8.3587746e-02  7.1991037e-02  6.2108793e-02  4.7904291e-02  2.4601086e-02
 -6.7843232e-03 -3.4584092e-02 -5.0993338e-02 -5.4765163e-02 -5.0856481e-02
 -4.2691712e-02 -2.6357662e-02  8.0640067e-03  5.2719835e-02  8.9549276e-02
  1.1485720e-01  1.1196066e-01  9.9512731e-02  8.3721595e-02  5.6980434e-02
  2.8930865e-02  6.1755373e-03 -1.6296452e-03  5.2052096e-03  2.5984690e-02
  5.0226340e-02  5.4113967e-02  3.1246898e-02  9.2161581e-03 -4.0369663e-03
 -6.9228340e-04  1.3569398e-02  2.1068383e-02  1.6866437e-02  6.9590784e-03
  3.2668100e-03  1.0908366e-02  2.9099304e-02  4.2766908e-02  3.7157295e-02
  1.5718948e-02 -7.7821726e-03 -2.0534492e-02 -2.2582828e-02 -1.9063661e-02
 -1.7316108e-02 -1.7108568e-02 -8.6545952e-03  1.3696028e-03  1.5221151e-02
  2.8658656e-02  3.2938806e-02  3.1895087e-02  3.6468500e-02  3.9932023e-02
  3.0574647e-02  1.2099620e-02 -1.1420149e-02 -3.4859308e-02 -6.1307205e-02
 -8.6759509e-02 -1.0939949e-01 -1.1370219e-01 -1.0007219e-01 -5.1009881e-02
  1.2972945e-02  4.9104417e-02  7.1406013e-02  7.2809168e-02  5.8961094e-02
  3.7077587e-02  1.7161205e-02  2.1396237e-03 -1.0860842e-02 -2.2591852e-02
 -2.9398583e-02 -3.1931181e-02 -2.9755012e-02 -2.1507527e-02 -1.1179071e-02
 -8.8541651e-03 -1.4917811e-02 -1.8231994e-02 -2.2282045e-02 -3.1219828e-02
 -4.7695246e-02 -7.0005865e-02 -9.0564420e-02 -9.9282631e-02 -9.9300678e-02
 -9.2206698e-02 -8.5593972e-02 -7.2747507e-02 -4.7823079e-02  4.5451401e-03
  5.8060247e-02  8.3184696e-02  9.1262238e-02  8.0913780e-02  6.2259185e-02
  3.8640158e-02  1.9684779e-02  7.4386778e-03  4.0939648e-04  4.2121727e-03
  2.1232310e-02  4.4096371e-02  5.9786744e-02  6.0069481e-02  4.8890861e-02
  3.8849202e-02  3.5522536e-02  4.2153309e-02  5.2394989e-02  5.9797272e-02
  6.2376491e-02  5.3897403e-02  4.6534222e-02  4.4323463e-02  4.1679575e-02
  3.1511588e-02  9.3178229e-03 -1.2243394e-02 -2.7978885e-02 -3.9417683e-02
 -5.1017400e-02 -6.2784052e-02 -7.4831937e-02 -8.5530808e-02 -9.0305746e-02
 -8.3050847e-02 -7.3013701e-02 -6.7249184e-02 -6.0517648e-02 -5.2223542e-02
 -4.0619313e-02 -3.0034740e-02 -2.2912186e-02 -2.4981577e-02 -3.6728678e-02
 -4.7439580e-02 -5.6503692e-02 -6.3910487e-02 -7.1948927e-02 -6.9938189e-02
 -4.9478893e-02 -1.8287639e-02  1.9137353e-02  5.1233964e-02  6.7315357e-02
  5.8422691e-02  3.8966508e-02  1.7597341e-02  1.9281729e-03 -3.5381168e-03
 -1.5825726e-03 -2.4405577e-04 -5.6786429e-03 -1.6376160e-02 -2.8363888e-02
 -3.3257636e-02 -3.2265050e-02 -1.8615493e-02 -2.7202863e-03  6.6751387e-03
  1.7534177e-02  3.2231964e-02  4.4738544e-02  5.0814371e-02  4.8108823e-02
  3.4032154e-02  1.9281729e-02  1.8056036e-02  3.0180621e-02  4.4758095e-02
  5.7693291e-02  6.5364775e-02  7.0294617e-02  7.6426090e-02  7.6747928e-02
  6.2567488e-02  3.8399531e-02  8.6977577e-03 -1.8562856e-02 -2.3737837e-02
 -1.8075587e-02 -1.4116975e-02 -1.2720888e-02 -1.4048998e-02 -1.8929812e-02
 -2.3247560e-02 -2.2524175e-02 -2.2026379e-02 -1.7935723e-02 -8.6824177e-03
  6.8339524e-03  1.9866753e-02  2.2074504e-02  1.4761103e-02  5.6031462e-04
 -1.0898741e-02 -1.1523168e-02 -8.5323267e-03 -7.7620201e-03 -1.0557502e-02
 -1.7076986e-02 -1.9535891e-02 -1.7063450e-02 -1.5744514e-02 -2.2649001e-02
 -3.2568842e-02 -3.8790549e-02 -3.4123893e-02 -1.8441039e-02  1.3111606e-04
  1.9832163e-02  3.6861023e-02  5.1238476e-02  5.9565669e-02  6.0827456e-02
  5.4241800e-02  4.0222279e-02  2.1869971e-02  4.1754771e-03 -3.6794851e-03
 -5.9350608e-03 -6.2913389e-03 -8.2617719e-03 -8.5169868e-03 -3.3929887e-03
 -1.7964297e-04 -1.5096326e-03 -4.6087558e-03 -9.6787632e-03 -1.4062984e-02
 -1.6761163e-02 -1.9192998e-02 -2.3170860e-02 -2.7466049e-02 -3.4543486e-02
 -3.9512430e-02 -3.4466786e-02 -2.5819259e-02 -1.6337058e-02 -9.8366745e-03
 -7.9331659e-03 -8.3107996e-03 -5.6210428e-03 -1.8206428e-03  4.9235258e-04
  5.4738093e-03  1.7286030e-02  3.3478712e-02  4.6227422e-02  5.0886559e-02
  4.1050938e-02  2.4282255e-02  7.9832464e-03 -1.9947964e-03 -5.5294542e-03
 -4.3485780e-03 -3.9641767e-03 -5.2197976e-03 -4.2712767e-03  1.4664852e-03
  1.5747522e-02  3.2795933e-02  4.4138481e-02  4.4016663e-02  3.6327132e-02
  2.8157851e-02  1.9747943e-02  7.1042065e-03 -6.9668988e-03 -1.4704555e-02
 -1.3623239e-02 -1.0232957e-02 -6.1869670e-03 -4.4424225e-03 -3.7062548e-03
  1.7434918e-03  7.8662416e-03  1.2521769e-02  1.3588047e-02  1.1592198e-02
  1.4321658e-02  1.9529875e-02  1.8468109e-02  7.9236912e-03 -8.7601702e-03
 -2.0173552e-02 -2.3071602e-02 -2.1979757e-02 -2.2767810e-02 -2.4145399e-02
 -2.4561984e-02 -2.1866963e-02 -1.5072263e-02 -1.3604289e-02 -2.1302994e-02
 -3.0920548e-02 -3.3454649e-02 -3.2928278e-02 -2.7584859e-02 -1.7980840e-02
 -7.6651678e-03  3.4720948e-03  1.5383574e-02  2.5468846e-02  3.2168800e-02
  3.4221647e-02  2.8257110e-02  1.3994405e-02 -8.0464109e-03 -3.5318003e-02
 -5.9031778e-02 -7.0860091e-02 -7.2302348e-02 -6.5160242e-02 -5.1170800e-02
 -3.8458184e-02 -2.5658340e-02 -2.1889522e-02 -2.4407080e-02 -2.3243048e-02
 -1.8807995e-02 -1.7746229e-02 -1.9005008e-02 -1.5156483e-02 -1.2401757e-02
 -6.3551050e-03  1.1155610e-03  7.3973200e-03  1.0748049e-02  1.1717925e-02
  1.3380055e-02  1.5625705e-02  1.5136932e-02  1.2334381e-02  1.0183478e-02
  9.7894515e-03  1.1655513e-02  1.6135533e-02  2.2145188e-02  2.7044952e-02
  2.7541245e-02  2.5497421e-02  1.7940234e-02  7.9879085e-03  3.1732664e-03
  3.3529845e-03  1.4427534e-02  3.1818387e-02  5.0582768e-02  6.2966026e-02
  6.9467463e-02  7.0857083e-02  7.1712812e-02  6.9574241e-02  6.0979351e-02
  5.1603928e-02  3.7077587e-02  2.0242732e-02  6.3593160e-03 -1.7355210e-03
 -5.1958853e-03 -2.8108222e-03  6.9539651e-03  1.2392733e-02  9.0301235e-03
 -1.0586528e-03 -1.2173011e-02 -1.8269592e-02 -2.3661137e-02 -2.5289880e-02
 -2.2230912e-02 -2.0370565e-02 -2.0366054e-02 -1.9054637e-02 -1.7110072e-02
 -1.4590408e-02 -1.7723670e-02 -2.6747176e-02 -3.1090491e-02 -2.9255711e-02
 -1.9131337e-02 -8.1661227e-03  5.5721655e-04  9.0603522e-03  1.5129412e-02
  2.1933136e-02  2.2894139e-02  1.2775480e-02 -4.2026980e-03 -2.4474757e-02
 -4.1079512e-02 -4.9475885e-02 -5.2255125e-02 -5.2670206e-02 -5.5353195e-02
 -5.7566962e-02 -5.9319026e-02 -5.9771705e-02 -5.4116975e-02 -4.8498338e-02
 -4.0550133e-02 -3.0004662e-02 -1.9559954e-02 -7.6403531e-03  1.0204683e-03
  7.8379679e-03  8.6195539e-03  5.3034154e-03  3.6582798e-03  2.4825170e-03
  4.4078324e-03  1.0794520e-02  1.9338878e-02  2.8267637e-02  2.9825696e-02
  2.3083633e-02  1.1260734e-02  1.0351466e-03 -6.8855368e-04  2.5522987e-04
  3.6891101e-04  2.5473358e-03  4.3485780e-03  7.4298046e-03  6.8804235e-03
 -2.1433835e-03 -9.5480727e-03 -1.2753222e-02 -7.6329839e-03  2.0675861e-03
  1.0736017e-02  1.6081392e-02  1.9423097e-02  1.4421969e-02  7.4092010e-03
  1.1760486e-04 -3.6642955e-03 -1.3084385e-03 -9.3379754e-04  1.2061420e-03
 -8.2362053e-04 -4.9708992e-03 -6.8765133e-03 -6.3954100e-03 -1.0381694e-02
 -1.3866121e-02 -1.2576813e-02 -6.4675981e-03  2.6617839e-03  1.3337494e-02
  2.2345209e-02  2.7076534e-02  2.6335103e-02  1.8424496e-02  9.8981848e-03
  4.4925030e-03  3.5215737e-03  3.1863504e-03  5.4115471e-03  8.9129683e-03
  1.3731671e-02  1.4570556e-02  8.5145805e-03  1.0646835e-03 -1.8031973e-03
  3.6749733e-03  1.0276721e-02  1.6830343e-02  1.9038094e-02  2.1760185e-02
  3.0255816e-02  3.8157400e-02  4.3785060e-02  4.7653136e-02  4.6501135e-02
  4.3538418e-02  4.0703533e-02  3.6576783e-02  3.0852872e-02  2.5122945e-02
  2.3594965e-02  2.4799603e-02  2.4491300e-02  2.2659528e-02  1.7913164e-02
  1.7651482e-02  1.8132736e-02  1.3218384e-02  6.3157024e-03 -9.4688163e-04
 -3.8497285e-04  3.3478712e-03  1.0557953e-02  1.5454258e-02  1.8474125e-02
  1.5282812e-02  6.0413878e-03 -3.1541666e-04 -4.5892049e-03 -2.2931737e-03
 -4.8928459e-05  1.9767494e-04 -1.3715128e-03 -4.6446994e-03 -1.0896786e-02
 -2.0084821e-02 -2.8553382e-02 -3.5618787e-02 -4.1392327e-02 -4.5831892e-02
 -4.7756907e-02 -4.9009670e-02 -4.6806431e-02 -4.4503933e-02 -4.0542614e-02
 -3.4720948e-02 -3.2003369e-02 -2.8287188e-02 -2.8717309e-02 -3.1275473e-02
 -3.5233784e-02 -3.6534673e-02 -2.9636202e-02 -2.0954085e-02 -1.2729009e-02
 -8.4977366e-03 -7.9403847e-03 -8.3745657e-03 -6.4960221e-03 -3.9629735e-03
 -2.9439189e-03 -1.2325057e-03  1.3294482e-04  2.8819575e-03  6.1409472e-03
  8.4076519e-03  1.0201375e-02  1.1944866e-02  1.0434632e-02  7.1760937e-03
  7.3249816e-03  7.0914232e-03  1.0080309e-02  1.1709202e-02  1.0788654e-02
  5.8138451e-03  1.5604650e-03  3.5790234e-03  4.9072835e-03  7.0220926e-03
  7.6445641e-03  1.1950882e-02  1.8869655e-02  2.1781240e-02  1.5106853e-02
  3.3125291e-03 -8.5445084e-03 -1.7439430e-02 -2.2948280e-02 -2.4118328e-02
 -1.9584016e-02 -1.7507106e-02 -1.5317402e-02 -1.1976599e-02 -8.0002406e-03
 -1.6334050e-03  2.2321147e-03  1.5931000e-03 -4.5365678e-03 -1.1794324e-02
 -1.7168725e-02 -2.1614305e-02 -2.1594754e-02 -1.2501316e-02 -1.4568300e-04
  7.1899298e-03  9.7437324e-03  8.4727716e-03  4.0309506e-03 -1.4881717e-03
 -3.7928805e-03 -4.5789782e-03  6.8888454e-04  9.1935993e-03  1.1272615e-02
  7.9390312e-03 -1.7110072e-04 -7.1427068e-03 -1.0131743e-02 -1.1765449e-02
 -1.3349826e-02 -1.3528943e-02 -6.6024995e-03  2.1633856e-03  1.2094657e-02
  1.5479825e-02  1.5061736e-02  1.2135864e-02  8.5997022e-03  8.3705052e-03
  9.7295956e-03  1.2812928e-02  1.8368851e-02  2.4179989e-02  2.5807228e-02
  2.5186110e-02  2.0096852e-02  1.6464891e-02  1.4642895e-02  1.4724257e-02
  1.3256884e-02  8.2453792e-03  3.6918172e-03  1.1250508e-04 -1.4239394e-03
 -2.3491195e-04  7.7672838e-04  2.0199119e-03 -5.8502399e-05 -3.5125502e-03
 -5.7742920e-03 -8.1795076e-03 -5.1282090e-03 -3.7157295e-03 -4.1882604e-03
 -6.1606485e-03 -8.3560676e-03 -5.6799964e-03 -1.3892741e-03  5.4265863e-03
  9.7861429e-03  1.3517212e-02  1.6323523e-02  1.6654385e-02  1.5676838e-02
  7.6617088e-03 -9.8575790e-05 -6.3117922e-03 -1.0675109e-02 -1.1583475e-02
 -5.4118479e-03  4.5833396e-03  1.4420616e-02  1.8854616e-02  1.6544599e-02
  1.2080520e-02  7.3782203e-03  6.0797377e-03  1.0995894e-03 -8.0766396e-04
  1.3165596e-04  2.5130465e-03  3.4850285e-03  8.5330787e-04 -2.0481855e-03
 -7.2326410e-03 -7.2688854e-03 -5.3631209e-03 -5.3004076e-03 -6.4626352e-03
 -5.8968613e-03 -5.5034365e-03 -2.8974479e-03 -3.2334231e-03 -1.9934429e-03
  2.5990706e-04  1.4598830e-03  2.2652008e-04 -5.1969380e-03 -9.0911825e-03
 -1.5803167e-02 -1.9048622e-02 -2.0582618e-02 -1.9651693e-02 -1.7152181e-02
 -1.1967576e-02 -8.9317673e-03 -9.5077677e-03 -1.3566992e-02 -1.7568767e-02
 -1.9313311e-02 -1.8000391e-02 -1.4470395e-02 -1.1182681e-02 -3.2410930e-03
  2.2388823e-03  1.7192787e-03 -2.4954506e-03 -1.1822748e-02 -1.9707338e-02
 -1.9284737e-02 -1.4017265e-02 -7.7745026e-03 -3.4892395e-03  7.5313191e-04
  5.1701683e-03  8.8110027e-03  1.1670552e-02  1.4319703e-02  1.6036274e-02
  1.3024228e-02  4.4398659e-03 -4.8069722e-03 -1.0582919e-02 -1.3403667e-02
 -1.1686193e-02 -7.7111876e-03 -2.1143579e-03  1.9898335e-03  4.4989698e-03
  5.7881281e-03  6.6202457e-03  1.1926368e-02  1.2548088e-02  1.3589551e-02
  1.2973997e-02  1.2366114e-02  1.3589100e-02  1.5318906e-02  2.0758576e-02
  2.3573910e-02  2.4270224e-02  2.2709157e-02  2.1603778e-02  2.1500008e-02
  2.0445761e-02  1.8859128e-02  1.9262178e-02  1.8203420e-02  1.5688870e-02
  1.1003264e-02  6.1415487e-03  3.5617283e-03  5.7618095e-03  6.8255305e-03
  8.6649723e-03  1.0779180e-02  8.5415006e-03  8.2692915e-03  7.6665213e-03
  8.9878634e-03  1.0543516e-02  9.4518220e-03  8.2309416e-03  7.2622682e-03
  6.0837983e-03  2.5509452e-03 -6.6113726e-04 -4.7129773e-03 -7.7182561e-03
 -8.8004752e-03 -9.9389409e-03 -1.2416645e-02 -1.5974614e-02 -1.6598740e-02
 -1.8033477e-02 -1.8675650e-02 -1.6094927e-02 -1.1250207e-02 -6.1967425e-03
 -1.6982239e-03  1.4950747e-03  2.6905088e-03  5.5265968e-04 -1.3057916e-03
 -4.5275443e-03 -5.8228686e-03 -7.6277202e-03 -1.1181929e-02 -1.2162182e-02
 -1.1506625e-02 -7.4048396e-03 -4.1838991e-03  8.5082640e-05  2.2321147e-03
  6.3572105e-04 -9.8993879e-04 -1.8653091e-03 -1.4090355e-03  2.7984901e-03
  7.3237784e-03  1.0649993e-02  1.1083122e-02  6.3856346e-03 -2.9658761e-04
 -4.6167266e-03 -6.9992330e-03 -1.0513137e-02 -1.2844209e-02 -1.4894350e-02
 -1.4875250e-02 -1.2561473e-02 -1.0493736e-02 -9.4907735e-03 -9.8777315e-03
 -1.0701126e-02 -1.1407667e-02 -1.4427233e-02 -1.6564150e-02 -1.5679846e-02
 -1.5348984e-02 -1.3760546e-02 -1.4675530e-02 -1.5783616e-02 -1.5688870e-02
 -1.3431790e-02 -1.1194111e-02 -9.0654655e-03 -7.7251741e-03 -7.5920774e-03
 -9.3245906e-03 -1.1125231e-02 -1.1250959e-02 -8.2046230e-03 -2.8100702e-03
 -3.8315311e-04  2.4255185e-03  3.5459372e-03  2.5119937e-03 -7.4684553e-04
 -2.3253576e-03 -4.2138270e-03 -2.9684328e-03  6.4847428e-04  5.6029958e-03
  1.2256929e-02  1.7609372e-02  2.1157114e-02  2.0393124e-02  1.7613884e-02
  1.4421518e-02  1.2759990e-02  1.0218369e-02  7.8611282e-03  4.7689230e-03
  1.1291715e-03 -1.3867024e-03 -5.4383168e-03 -9.1808160e-03 -1.3777841e-02
 -1.6355105e-02 -1.8732799e-02 -1.8502700e-02 -1.5616681e-02 -1.3371332e-02
 -9.5671725e-03 -6.8829802e-03 -4.5018273e-03 -2.9576046e-03 -2.6718602e-03
 -2.5046245e-03 -1.9528371e-03 -3.0950626e-03 -1.1446769e-03  6.0583821e-04
  2.9117351e-03  4.8602108e-03  4.6262013e-03  3.3744905e-03  2.5341013e-03
  6.4309025e-03  1.2218128e-02  1.7562751e-02  1.9171943e-02  1.8940340e-02
  1.8817018e-02  1.5179041e-02  9.9956386e-03  6.6909299e-03  2.3292677e-03
  9.9739822e-05 -1.2703894e-03  1.8141759e-04  4.4427233e-03  4.7997534e-03
  5.1125682e-03  5.6724768e-03  2.9517393e-03  4.1596860e-03  3.1740183e-03
  3.5256343e-03  4.5585250e-03  5.0615854e-03  7.2255726e-03  8.7968658e-03
  9.6381574e-03  1.1729355e-02  1.2869926e-02  1.3313582e-02  1.3045283e-02
  9.2277383e-03  4.2121727e-03 -6.5070007e-04  1.9418585e-04  1.2782549e-03
  4.9999248e-03  7.2947528e-03  9.7882484e-03  1.2540117e-02  1.2849022e-02
  1.3757689e-02  1.3571805e-02  1.2764502e-02  1.2561623e-02  1.2273472e-02
  1.5115877e-02  1.7474020e-02  1.6762667e-02  1.5600138e-02  1.5012107e-02
  1.5179041e-02  1.3843111e-02  1.1530838e-02  1.3285910e-02  1.2425067e-02
  9.3447431e-03  8.4808927e-03  4.0720076e-03  4.1511137e-03  2.4055164e-03
  4.5812341e-04 -1.0631796e-03 -1.6786729e-03 -1.2565383e-03 -4.2105184e-03
 -7.6397516e-03 -1.0805949e-02 -9.9565368e-03 -5.3975606e-03  2.2182786e-03
  6.1577910e-03  6.5408389e-03  7.2720437e-03  4.8102808e-03  3.1640925e-03
  1.0816176e-03 -1.5327929e-03 -2.2074504e-03 -3.8554434e-03 -5.1769359e-03
 -8.5154828e-03 -1.0905509e-02 -1.3145745e-02 -1.3037613e-02 -1.2067887e-02
 -1.3621584e-02 -1.2910682e-02 -1.1423157e-02 -1.1512039e-02 -1.3730167e-02
 -1.9041102e-02 -2.1910577e-02 -1.9391515e-02 -1.2067436e-02 -5.6290136e-03
 -1.6306980e-03  1.4750876e-03  1.3756486e-03  2.4076219e-04 -3.2994451e-03
 -5.8515934e-03 -2.4853744e-03 -2.3002421e-04  3.5423278e-04 -7.7635240e-04
 -1.3585490e-03  9.6506399e-04  1.2666596e-03  1.6057329e-03 -7.7672838e-04
 -2.6308032e-03 -3.8389003e-03 -8.2166544e-03 -9.7515528e-03 -1.1118915e-02
 -9.4915254e-03 -5.4668913e-03 -4.4439264e-03 -6.0711654e-03 -7.8160107e-03
 -7.5544794e-03 -7.5544794e-03 -5.6535274e-03 -3.7424992e-03 -4.0593747e-03
 -1.9541907e-03 -7.8918082e-04 -2.0269803e-03 -1.9379484e-03 -7.1909825e-04
  1.0541711e-03 -3.2881657e-04 -4.2318740e-03 -7.0084069e-03 -6.8808747e-03
 -6.6408494e-03 -4.3037613e-03 -3.0867911e-03 -3.6202307e-03 -5.6935316e-03
 -9.1901403e-03 -9.1003564e-03 -9.8870558e-03 -9.5948446e-03 -1.0168589e-02
 -1.0811063e-02 -1.2894741e-02 -1.2661032e-02 -1.1596409e-02 -9.5688268e-03
 -7.5504188e-03 -5.6863128e-03 -4.4264810e-03 -4.8847247e-03 -5.2115260e-03
 -6.1520762e-03 -4.5368685e-03 -1.0351315e-03  5.6518731e-03  7.9764787e-03
  7.9730197e-03  7.8233799e-03  5.3171010e-03  3.5784218e-03  3.4955559e-05
 -1.3909584e-03  6.4167657e-04  3.0568631e-03  5.5947243e-03  6.7163461e-03
  9.5219046e-03  1.1025973e-02  9.8969816e-03  8.0467117e-03  4.7400478e-03
  2.8234551e-03  3.0706992e-03  5.1014392e-03  5.9998797e-03  7.4260448e-03
  8.2318440e-03  8.2918503e-03  5.8667830e-03  3.7775405e-03  2.5318455e-03
  2.4435655e-03  4.3785060e-03  5.1593401e-03  8.7997233e-03  1.0109335e-02
  1.3699487e-02  1.5126404e-02  1.4793287e-02  1.3283203e-02  1.0735566e-02
  9.8375769e-03  6.4187208e-03  5.8299370e-03  3.5125502e-03  2.6568210e-03
  1.6497977e-03  1.5824222e-03 -6.6059585e-04 -4.7710285e-03 -8.3751673e-03
 -1.1157565e-02 -1.0242883e-02 -1.0921601e-02 -1.2470034e-02 -1.1433986e-02
 -1.1051840e-02 -1.1705142e-02 -1.3656325e-02 -1.4238942e-02 -1.3897403e-02
 -1.5618185e-02 -1.3543531e-02 -1.0596905e-02 -9.0999053e-03 -6.5512159e-03
 -6.2929932e-03 -6.0576301e-03 -6.6046050e-03 -7.6765975e-03 -9.6980133e-03
 -7.0547276e-03 -1.3960116e-03  1.5227167e-03  4.9274360e-03  5.1910727e-03
  6.5879115e-03  7.9627931e-03  6.9047870e-03  5.4524536e-03  7.2592604e-03
  8.3052351e-03  9.2648850e-03  9.7888500e-03  9.9350308e-03  1.0504264e-02
  8.1533394e-03  4.9469869e-03  4.2130751e-03  8.0513738e-03  1.2213316e-02
  1.4397305e-02  1.3173417e-02  1.1178169e-02  1.2855489e-02  1.4656129e-02
  1.5255741e-02  9.4455055e-03  3.8549923e-03  1.3761900e-03  1.4640188e-03
  4.1279533e-03  5.8377574e-03  6.4678989e-03  6.9986314e-03  9.4020423e-03
  1.1224490e-02  1.3102883e-02  1.4120133e-02  1.3727310e-02  1.2874739e-02
  1.0704736e-02  9.1287805e-03  8.6006046e-03  7.3815289e-03  4.6925240e-03
  6.0871069e-04 -1.5168514e-03 -2.5515468e-03 -2.8708285e-03 -2.7300618e-03
 -2.4572511e-03 -1.1091694e-03 -4.1729205e-04  8.5893252e-04  2.5250778e-03
  4.3314334e-03  5.6596935e-03  3.0562616e-03 -2.5151520e-03 -6.1212458e-03
 -5.6921781e-03 -5.4041779e-03 -4.9569128e-03 -7.0989427e-03 -7.5042486e-03
 -7.9648986e-03 -7.2600123e-03 -6.6361873e-03 -6.6903283e-03 -6.6632578e-03
 -8.2726001e-03 -8.0960402e-03 -6.9726137e-03 -4.6841021e-03 -5.4103439e-03
 -7.0040455e-03 -1.0058051e-02 -1.1494142e-02 -1.1909073e-02 -1.3195675e-02
 -1.3442468e-02 -1.2488081e-02 -9.2969185e-03 -8.7640804e-03 -8.5190922e-03
 -9.2859399e-03 -1.0324245e-02 -7.0090085e-03 -4.1317131e-03 -1.4441370e-03
 -7.2069240e-04 -8.2739536e-05 -1.2866467e-03 -4.3425624e-03 -7.0425458e-03
 -1.0578708e-02 -8.8236356e-03 -5.3113862e-03 -4.0686990e-03 -4.3000015e-03
 -4.4845322e-03 -5.4038771e-03 -3.8113786e-03 -1.2464620e-03  4.0846405e-04
  2.7216399e-03  4.1401351e-03  5.5960778e-03  4.6830493e-03  1.5956567e-03
  1.4689065e-03  1.2171958e-03  2.3640082e-04  8.5467643e-04  2.9896380e-03
  6.9449416e-03  7.4655979e-03  9.0690749e-03  7.6054622e-03  7.9958793e-03
  6.3378100e-03  5.6172830e-03  8.4333689e-03  1.0803994e-02  1.3770021e-02
  1.3059269e-02  1.1244642e-02  9.5557427e-03  6.5163250e-03  2.5795196e-03
  3.5530056e-04 -3.1013791e-03 -2.0157009e-03 -5.8882890e-04 -1.7392808e-03
 -2.8876724e-03 -1.3216278e-03  2.5695938e-03  7.9366249e-03  8.4121637e-03
  1.1521664e-02  1.0502609e-02  7.3165596e-03  5.4808777e-03  4.0329057e-03
  7.0487119e-03  7.5486141e-03  6.0648489e-03  1.8247034e-03 -1.0755418e-03
 -3.7456574e-03 -4.4416706e-03 -6.1592950e-03 -7.0097604e-03 -5.8639255e-03
 -5.1533244e-03 -4.9232250e-03 -6.4110508e-03 -5.3270269e-03 -5.6010407e-03
 -2.8318770e-03 -1.6758155e-03 -1.4611613e-03  7.7782624e-04 -8.0491180e-05
  1.3153866e-03  1.5666311e-03  7.6214038e-04  6.5455010e-04 -8.6070714e-04
 -2.3788970e-03 -1.9943453e-03 -2.3331779e-03 -2.4477765e-04 -8.5547351e-04
 -3.8145369e-03 -6.3999218e-03 -8.7731039e-03 -7.7751041e-03 -5.0379739e-03
 -5.9340081e-03 -8.7734047e-03 -1.0137759e-02 -1.0978449e-02 -1.1435038e-02
 -9.7186170e-03 -7.1804551e-03 -6.8668882e-03 -7.0061510e-03 -9.6154482e-03
 -1.2338592e-02 -1.2428376e-02 -1.2060518e-02 -1.0473584e-02 -9.7282421e-03
 -7.1378942e-03 -4.9430767e-03 -2.4453702e-03 -1.4449341e-03  1.9722377e-04
  1.9925406e-03  3.2444017e-03  4.2472140e-03  1.5914457e-03 -1.1421202e-03
 -2.5201149e-03 -3.2998962e-03 -2.0116403e-03 -2.3746861e-03 -2.7264524e-03
 -2.6924639e-03 -1.6642353e-03 -1.8588423e-03 -2.3384416e-03 -1.9481750e-03
 -3.5955665e-04  2.8454123e-03  3.8031071e-03  6.7437174e-03  6.9089979e-03
  8.0470125e-03  1.0585626e-02  1.2475599e-02  1.4038621e-02  1.2861805e-02
  8.8037839e-03  5.0433880e-03  2.5874904e-03  4.1575805e-03  5.3826719e-03
  5.9018243e-03  6.2907374e-03  5.6043493e-03  5.5432903e-03  4.9776668e-03
  4.0387710e-03  4.6621449e-03  7.5958372e-03  8.4572812e-03  1.1742138e-02
  1.3767765e-02  1.6159596e-02  1.8019942e-02  1.8520747e-02  1.8483149e-02
  1.9108778e-02  1.6917570e-02  1.3294633e-02  1.0892274e-02  7.8468410e-03
  8.1095754e-03  7.7319417e-03  8.3583234e-03  1.0813770e-02  1.1529484e-02
  1.1643782e-02  9.9216459e-03  7.4773284e-03  6.2218579e-03  4.2008933e-03
  1.6206217e-03  7.0026920e-04 -9.5634127e-04 -6.2050141e-03 -7.2257230e-03
 -8.1485269e-03 -6.7694344e-03 -4.8149429e-03 -4.5174680e-03 -5.8324936e-03
 -4.9933076e-03 -1.0880393e-03  2.6634383e-03  3.4520927e-03  2.6954717e-03
  1.5350488e-03 -1.7812401e-03 -4.4902471e-03 -9.0783992e-03 -1.0969125e-02
 -1.2182335e-02 -1.3088897e-02 -1.5532462e-02 -1.5379062e-02 -1.5466290e-02
 -1.3992751e-02 -1.0735265e-02 -1.0394177e-02 -7.3934098e-03 -5.1015896e-03
 -3.1513092e-03 -1.7937226e-03 -1.9794565e-03 -3.1043869e-03 -3.6796355e-03
 -4.8519393e-03 -6.5894154e-03 -6.5321162e-03 -4.4431745e-03 -2.6345630e-03
  1.0024965e-03  3.9301881e-03  4.0880995e-03  4.5231829e-03  3.5137533e-03
  2.0445761e-03  1.6186666e-03 -1.7555231e-03 -3.0952130e-03 -4.3670762e-03
 -7.6901328e-03 -7.2921962e-03 -8.2079317e-03 -8.8636398e-03 -6.3326967e-03
 -3.7428000e-03 -2.6156137e-03 -4.2524777e-03 -5.5207315e-03 -6.5837005e-03
 -5.9615298e-03 -6.4675981e-03 -9.0292211e-03 -9.0865204e-03 -6.1792971e-03
 -5.2477704e-03 -2.1185689e-03 -3.5784218e-04  9.8980344e-04  1.7480035e-03
 -8.5670672e-04 -2.4610109e-03 -4.7714797e-03 -3.5134525e-03 -9.0051584e-04
 -3.6476020e-04  1.3940415e-03  2.2812928e-03  3.3075662e-03  6.1304197e-03
  4.7642609e-03  3.1334125e-03 -1.0920398e-04 -2.4763509e-03 -3.4866828e-03
 -5.0172199e-03 -4.5567203e-03 -3.0768652e-03  1.3209962e-03  4.7337314e-03
  7.8808296e-03  8.2656821e-03  6.4354143e-03  2.7608921e-03 -2.1184185e-04
 -1.0894831e-03 -3.4916457e-03 -4.7099695e-03 -3.8067165e-03 -2.0829260e-03
 -1.4062834e-03  1.3179132e-03  1.1825305e-03 -2.2220384e-03 -3.5128510e-03
 -8.0131743e-03 -2.9607628e-03  4.6914713e-03 -1.1196818e-03  3.0732558e-03
  4.0622321e-03  7.8889507e-03  1.0644730e-02  4.4552058e-03  5.9797272e-03
  1.7696600e-03  3.5101439e-03  4.5201751e-03  4.9656355e-03  1.1237423e-03
  9.8091528e-04  4.7576437e-03  4.4410690e-03  2.8082655e-03  4.6257501e-03
  5.8154994e-03  6.1310213e-03  6.5319658e-03  7.0845051e-04 -1.0680072e-03
 -2.0044215e-03  4.5334095e-04  2.3188907e-03  7.4131112e-04  4.9587175e-03
  9.3272976e-03  9.7395215e-03  1.0235213e-02  5.2859700e-03  3.1179222e-03
  1.6738604e-03  2.9234656e-03  1.8932820e-03 -4.4780654e-04  3.7279112e-03
  4.2042019e-03  6.0110087e-03  7.0064518e-03  4.5961229e-03  3.8360429e-03
  4.7236551e-04 -1.6291941e-03 -2.2991894e-04  4.3329373e-03  7.7066759e-03
  9.4560330e-03  1.2090746e-02  1.2374836e-02  1.0873927e-02  7.4783812e-03
  3.2176319e-03 -2.0708947e-03 -5.4323011e-03 -6.6385935e-03 -8.4882619e-03
 -8.4842013e-03 -4.7872708e-03 -2.2385815e-03  3.9634247e-04 -6.0210849e-04
 -1.8941844e-03 -5.1575354e-04 -6.2125337e-04  9.4071556e-04 -3.7474621e-04
 -7.4514611e-04  2.2477554e-03  2.7070519e-03  3.2254523e-04 -1.9215557e-03
 -4.3237634e-03 -3.3155370e-03 -3.5318003e-03 -2.1823350e-03 -4.5791286e-04
 -1.7962793e-03 -2.0190095e-03  1.5831742e-03  1.5407637e-03 -2.7414916e-04
 -3.8085212e-03 -7.0058502e-03 -9.9840585e-03 -1.3450739e-02 -1.2523123e-02
 -1.5230175e-02 -1.0979652e-02 -1.0097905e-02 -9.4770878e-03 -9.0993037e-03
 -9.5226565e-03 -8.9707187e-03 -7.4374746e-03 -3.0124976e-03  1.6249831e-03
  5.7621103e-03  7.5886184e-03  5.9732603e-03  2.8293204e-03  6.9941197e-04
 -4.1475042e-03 -1.1036199e-02 -2.2085032e-02 -3.6596333e-02 -3.7212940e-02
 -1.9794565e-02 -4.5517573e-04  1.2066684e-02  1.2148647e-02  1.9197510e-03
 -5.8925000e-03 -5.9126525e-03 -5.3915450e-04  1.3826719e-03  7.5607959e-04
 -6.5615929e-04 -4.1739732e-03 -8.8037839e-03 -1.1635360e-02 -5.9340081e-03
  2.8845142e-03  9.2155565e-03  1.0028424e-02  4.0702029e-03 -2.4378506e-03
 -5.9746139e-03 -6.2209556e-03 -7.2121877e-04  5.9594243e-03  1.0231303e-02
  1.0231002e-02  8.6995624e-03  7.9415878e-03  8.7136992e-03  1.1322094e-02
  1.2126991e-02  9.4271577e-03  6.3304408e-03  3.3135819e-03  1.3654370e-03
  2.0244236e-03  2.6887041e-03  4.5749177e-03  6.5250477e-03  7.9221873e-03
  8.8009264e-03  7.7271292e-03  3.9331960e-03  1.3743853e-03  2.8535335e-03
  5.7687275e-03  9.5334847e-03  1.5374551e-02  1.7710135e-02  1.3320049e-02
  6.2208052e-03 -1.2335735e-03 -5.3428180e-03 -3.8790549e-03 -2.6524597e-03
 -4.5762712e-06  4.0198216e-03  8.0333268e-03  8.4072008e-03  4.6498128e-03
  6.5656535e-04 -2.5595175e-03 -4.1123126e-03 -6.3283353e-03 -5.6630021e-03
 -3.1261937e-03 -1.8180861e-03 -1.2409126e-03 -1.9196006e-03 -2.2563277e-03
 -3.4551005e-03 -7.5609463e-03 -1.0455988e-02 -1.2956401e-02 -1.0081061e-02
 -6.5215887e-03 -4.8787090e-03 -5.4661393e-03 -3.8733401e-03 -2.6944190e-03
 -1.6114478e-03  5.5905133e-04 -6.0477043e-04  1.2095559e-03  2.8028514e-03
  2.8416525e-03 -1.8907253e-04 -2.6705067e-03 -3.3195976e-03 -8.5699247e-04
  2.0800686e-03  4.3951995e-03  6.0935738e-03  8.2757584e-03  1.0202728e-02
  1.1594303e-02  8.4875100e-03  3.9452273e-03  1.3525183e-03 -4.4377604e-04
  2.1454890e-03  3.7715248e-03  6.3117922e-03  5.2724347e-03  2.0617208e-03
  7.8312003e-04  3.6373754e-05 -1.9723881e-03 -2.3247560e-03 -1.7379273e-03
 -1.3265306e-03 -8.9182320e-04 -2.1275924e-03 -1.3284105e-03 -6.4429338e-04
  1.1018152e-03  4.5461928e-04 -4.2133758e-03 -6.1580918e-03 -7.3962673e-03
 -3.4439715e-03  8.4005835e-05  4.7098191e-04 -2.1672958e-04 -5.7849698e-03
 -8.5991007e-03 -1.2285955e-02 -1.2081121e-02 -9.9930820e-03 -8.3455401e-03
 -5.0673003e-03 -3.3808070e-03 -2.7231438e-03 -2.4031101e-03 -2.1397741e-03
 -2.6401275e-03 -2.9813665e-03 -5.1560315e-03 -8.0855128e-03 -8.9856075e-03
 -8.1542418e-03 -8.4661543e-03 -8.4927737e-03 -7.8669935e-03 -8.1143880e-03
 -5.7227077e-03 -3.8050622e-03 -2.2461011e-03 -6.2385514e-04  6.8168078e-04
  1.1959454e-03  2.3710767e-03  2.9511377e-03  4.7955424e-03  7.2463267e-03
  1.0146632e-02  1.1410374e-02  1.0501857e-02  1.1955544e-02  1.0230701e-02
  9.9087122e-03  9.5555923e-03  8.5790986e-03  8.1940956e-03  6.8667379e-03
  8.4938264e-03  9.2337539e-03  6.0976343e-03  3.4985638e-03  3.3063631e-03
  4.3272224e-03  3.9414675e-03  2.2134661e-03  2.9690343e-03  3.0081362e-03
  3.4069752e-03  2.9670792e-03  3.0646835e-03  2.6395260e-03  9.0929872e-05
 -7.0142722e-04 -3.1376235e-03 -2.8357872e-03 -2.7499135e-03 -7.5592920e-04
  1.1191554e-03  7.8672943e-04  2.9673800e-03  1.9487766e-03  6.0403351e-04
  8.9795918e-04 -3.4284812e-04  1.1719429e-04  2.3820553e-04 -1.6705518e-04
 -1.6619795e-03 -2.0257771e-03 -1.2804055e-03 -5.6801468e-04  1.3435850e-03
  1.3386973e-03  1.3708811e-03  8.7807739e-04  1.1173507e-03 -1.5055720e-03
 -2.9783586e-03 -3.1493541e-03 -6.2893838e-03 -6.2869776e-03 -4.1654009e-03
 -2.9258719e-03 -2.6738153e-03 -4.0565172e-03 -5.0698570e-03 -4.8403591e-03
 -2.0645782e-03 -1.7871054e-03 -2.4560480e-03 -1.7540192e-03 -2.3486683e-03
 -1.6758155e-03 -2.1176665e-03 -1.5986645e-03  1.6594228e-03  3.8952972e-03
  5.6962387e-03  6.7677801e-03  6.2498308e-03  5.8773104e-03  4.9304438e-03
  4.4598680e-03  4.1124630e-03  4.0544117e-03  4.1252463e-03  2.5747071e-03
  3.8163416e-03  4.0121517e-03  3.9339479e-03  4.0359136e-03  5.4855398e-03
  8.2762095e-03  8.4417909e-03  6.3160032e-03  4.0243334e-03  5.6192381e-03
  3.7978434e-03  1.4458364e-03  3.5465387e-04  1.4626352e-03  5.3724452e-03
  4.2997007e-03  3.2809469e-03  2.6306529e-03  3.7086611e-03  4.5466440e-03
  3.6238401e-03  1.3137624e-03 -1.9608079e-03 -2.4189012e-03 -4.0413277e-03
 -5.9325042e-03 -6.9102011e-03 -8.8968764e-03 -9.0286196e-03 -9.1242687e-03
 -7.1106733e-03 -2.9505361e-03 -1.3025130e-03 -2.2605387e-03 -4.7956928e-03
 -5.3491345e-03 -7.2776082e-03 -5.9886003e-03 -3.7739311e-03 -3.5693983e-03
 -5.5341164e-03 -7.4675530e-03 -6.8751598e-03 -7.8442844e-03 -8.5060082e-03
 -6.9422345e-03 -7.0708195e-03 -5.3813183e-03 -5.0191750e-03 -7.2433188e-03
 -4.6454514e-03 -3.5463883e-03 -3.4364520e-03 -4.3072203e-03 -7.3570150e-03
 -9.0511783e-03 -9.0973486e-03 -7.0038951e-03 -3.3952446e-03 -1.9636653e-03
  8.2359045e-04 -2.3910788e-04 -6.0613899e-04  3.9070278e-04  8.0172349e-04
  1.9844194e-03  1.6496473e-03 -1.9928414e-04 -2.1817334e-03 -2.3485179e-03
 -1.6380672e-03  1.9905855e-03  3.4593115e-03  5.6673635e-03  6.6161852e-03
  6.3272826e-03  4.9351060e-03  3.6494067e-03  3.0582167e-03  3.2365813e-03
  4.9412720e-03  5.5890094e-03  7.3000165e-03  7.5701202e-03  7.8296964e-03
  1.0221978e-02  1.0571940e-02  7.6516325e-03  4.7543350e-03  3.3993052e-03
  1.4536267e-03 -3.1732664e-04 -1.4087348e-03 -2.0805198e-03 -2.5617734e-03
 -4.1177267e-03 -5.0227844e-03 -6.5928744e-03 -7.5093619e-03 -5.4957665e-03
 -5.6210428e-03 -4.9268344e-03 -2.9985111e-03 -2.0453281e-03 -3.1916142e-03
 -5.9266389e-03 -5.9944656e-03 -6.6713789e-03 -6.4157129e-03 -5.8212143e-03
 -6.0480051e-03 -2.7076534e-03 -1.7878574e-03 -2.2211361e-03  2.6783270e-04
  1.1837487e-03  1.1418194e-03 -1.6055825e-03 -4.1356233e-03 -3.8259666e-03
 -4.0559157e-03 -4.3240642e-03 -4.6995924e-03 -7.9609884e-03 -7.6454664e-03
 -6.5244462e-03 -5.3172514e-03 -4.9557096e-03 -4.6453010e-03 -3.9148482e-03
 -5.3301851e-03 -4.7389951e-03 -5.7181959e-03 -5.4392192e-03 -1.2596364e-03
 -3.3433595e-04  1.7967305e-03  4.1267502e-03  4.3621133e-03  3.9309401e-03
  8.6509858e-04  2.6703563e-04 -1.7834960e-03 -3.2956853e-03 -4.7059089e-03
 -3.4211120e-03  9.0487721e-04  4.6090566e-03  8.3079422e-03  9.3187253e-03
  9.1764547e-03  7.7074278e-03  7.4323613e-03  5.7815108e-03  5.0892575e-03
  5.5566751e-03  6.0977847e-03  8.2428226e-03  7.4007790e-03  4.9114944e-03
  3.4086295e-03  1.7110072e-03  1.2702691e-03  1.3022724e-03  3.9574091e-03
  8.9101108e-03  1.2962116e-02  1.2536056e-02  7.8292452e-03  3.1860497e-03
  1.8629029e-03  1.3673469e-03  6.1380897e-04 -7.9937738e-04 -1.9941949e-03
  1.3782503e-04  2.8111230e-03  2.7547261e-03 -1.0805498e-03 -1.0775721e-03
 -2.0594649e-03 -4.2496203e-03 -4.8427654e-03 -5.7511317e-03 -4.7185418e-03
 -1.6541591e-03  1.6919074e-04  2.2406870e-04  1.0145128e-03 -1.6825831e-03
 -3.5042786e-03 -5.4375649e-03 -4.0753162e-03 -1.1417593e-03 -2.3587445e-03
 -4.8214098e-03 -4.4655828e-03 -4.7818567e-03 -5.6246522e-03 -3.3149354e-03
 -5.4816296e-03 -5.1461056e-03 -5.7421082e-03 -6.8261321e-03 -4.3192517e-03
 -2.1185689e-03  3.6584302e-05  3.4692374e-03  7.4840961e-03  1.1082370e-02
  1.1606034e-02  9.2528537e-03  7.4661994e-03  7.8573684e-03  7.9027868e-03
  7.4081482e-03  6.1979456e-03  4.9928564e-03  4.4658836e-03  4.0423804e-03
  2.3823560e-03 -2.6225317e-04 -1.1525574e-03 -1.4737040e-03 -5.0821891e-04
  2.4661243e-03  4.0529078e-03  3.7513723e-03  4.7347841e-03  4.2917300e-03
  3.7570872e-03  1.6242311e-03 -5.5777300e-04  1.3161987e-03  3.8897328e-03
  9.2426270e-03  1.0577956e-02  5.9484457e-03  4.1278029e-03 -8.5294693e-04
 -2.9658761e-03 -3.4209616e-03 -2.9391064e-03 -3.3641135e-03 -4.2123231e-03
 -3.1858993e-03 -3.4015611e-03 -1.3643391e-03 -2.1620321e-03 -1.2834584e-03
 -5.7196998e-04  1.3393440e-03  1.9633646e-03  2.6795302e-03  6.2356940e-03
  5.0504564e-03  4.3959515e-03  3.5645857e-03  2.8001444e-03  1.9322335e-03
 -5.5284015e-04 -1.9317823e-03 -2.4826673e-03  2.5097379e-04  1.2698480e-03
 -5.3904922e-04 -4.9895478e-04 -1.7556735e-04 -5.1208398e-04 -1.2261291e-04
 -1.2785105e-03 -2.8213496e-03 -2.1611297e-03 -2.1233814e-03 -3.1279984e-03
 -3.9404148e-03 -4.3181989e-03 -3.9820733e-03 -3.3358399e-03 -1.7519137e-03
 -3.6569263e-03 -6.1586934e-03 -7.3201690e-03 -4.3345916e-03 -8.3787767e-04
 -1.0476291e-03 -1.6248327e-03 -2.6634383e-03 -5.3701893e-03 -5.1649046e-03
 -7.2755027e-03 -1.1241484e-02 -1.1116960e-02 -1.0261531e-02 -7.1502263e-03
 -5.6100642e-03 -3.3904321e-03 -4.1435941e-03 -5.4151565e-03 -6.0437941e-03
 -3.9892921e-03 -5.5271984e-04 -2.7398373e-03 -4.6254493e-03 -6.7363482e-03
 -8.4001323e-03 -6.2892335e-03 -3.5721053e-03 -1.3220640e-03 -3.5238296e-03
 -6.9765238e-03 -4.7860677e-03 -2.7999940e-03  7.1497752e-04  2.3913795e-03
  1.4835847e-03  8.3808822e-04  8.0076098e-04  3.4547998e-03  4.5485991e-03
  6.4662446e-03  8.9293610e-03  1.0305446e-02  1.1616712e-02  1.3211917e-02
  1.2615764e-02  1.0244086e-02  8.3237333e-03  7.4985337e-03  7.4586799e-03
  7.8996285e-03  8.1925917e-03  8.5596980e-03  7.0670597e-03  6.7459733e-03
  8.1312319e-03  7.8033778e-03  8.3656926e-03  8.3658430e-03  9.5255140e-03
  1.0333870e-02  9.1035147e-03  8.6069210e-03  8.9901193e-03  8.6526401e-03
  6.5874603e-03  5.7118794e-03  4.9540553e-03  3.9667333e-03  2.6562195e-03
  1.6052818e-03  5.3533455e-04 -3.7740815e-04 -4.4067797e-03 -7.7469809e-03
 -1.0158363e-02 -1.0169943e-02 -8.2589145e-03 -7.9304588e-03 -7.0490127e-03
 -7.6590017e-03 -7.0321688e-03 -7.4663498e-03 -6.5524191e-03 -5.6732288e-03
 -3.7130224e-03 -4.4306920e-03 -3.8267186e-03 -4.6883131e-03 -7.7120900e-03
 -6.3982675e-03 -6.4548148e-03 -5.1429474e-03 -3.1815379e-03 -1.7349195e-03
 -2.5092867e-03 -4.0387710e-03 -6.9560706e-03 -7.8748139e-03 -6.5409893e-03
 -4.1762291e-03 -3.0711503e-04  4.3219587e-04  4.3341404e-04  1.2364459e-03
  2.4746966e-03  4.0150091e-03  2.4551457e-03  1.7349195e-03  1.9065165e-03
 -1.5072263e-04 -1.0921751e-03 -8.7627269e-04 -2.6270434e-03 -1.6006196e-03
 -1.3723099e-03  1.0018949e-03  3.0209195e-03  2.9463252e-03  5.0755719e-03
  6.8115441e-03  6.7375513e-03  3.9638759e-03  2.4349932e-03  3.5441325e-03
  4.8341931e-03  4.8541952e-03  4.2517257e-03  3.8534883e-03  3.6688072e-03
  2.2358745e-03  1.1017551e-03 -1.8062052e-03 -6.8993729e-04 -7.7844284e-05
 -1.9662220e-03 -2.2575309e-03 -2.4870287e-03 -3.2824508e-03 -4.6216895e-03
 -3.4841261e-03 -2.7192336e-03 -3.3802054e-03 -1.3710165e-03  7.0626983e-04
  2.4537921e-03  9.5372445e-04 -4.3004527e-05  1.1184185e-03 -1.3653918e-04
 -2.0991683e-03 -4.1939753e-03 -4.0826854e-03 -1.0809409e-03  4.3333885e-04
 -5.0176710e-04 -3.2495150e-03 -1.9171943e-03  2.5867385e-03  1.5336953e-03
 -9.4113666e-04 -1.7443941e-03 -4.0662927e-04 -2.8809048e-04 -2.7145715e-03
 -3.1771765e-03  5.7915871e-05  2.2618922e-03 -4.2854135e-05 -1.0822342e-03
  1.1230505e-03  3.0938595e-03  3.7894214e-03 -1.4786820e-03 -3.4878859e-03
 -2.6372701e-03 -2.9076745e-03 -2.7669078e-03 -4.8817169e-03 -1.6800265e-03
  1.4889838e-05 -1.0912427e-03 -1.1188245e-03 -3.3087693e-03 -2.4151414e-03
  9.0908817e-04  1.7492067e-03 -1.9800581e-03 -3.1063420e-03 -3.8229588e-03
 -1.2723896e-03 -1.1506174e-04 -3.8360429e-03 -3.3274179e-03 -4.2891733e-03
 -5.1632503e-03 -5.3901914e-03 -5.3354488e-03 -5.5795347e-03 -4.7935873e-03
 -1.6297956e-03 -2.7772848e-03 -2.3837096e-03 -1.6540087e-03 -2.1630848e-04
  5.4951649e-03  8.8407802e-03  1.4228415e-02  2.2782849e-02  2.7960838e-02
  2.8467658e-02  1.7639451e-02 -1.2653663e-03 -1.5315898e-02 -2.1235318e-02
