Scaled from
PEER NGA STRONG MOTION DATABASE RECORD
ACCELERATION TIME SERIES IN UNITS OF G
NPTS= 2999.000000, DT= 0.020000, Scalar= 1.000000
  2.8472125e-03  3.3246443e-03  4.7055812e-03  5.1091561e-03  3.9837701e-03
  9.8352185e-04 -4.5310245e-05  2.1274186e-03  1.0974879e-03  4.3843970e-03
  1.0799081e-02  1.2111437e-02  1.2486928e-02  1.2690344e-02  1.2781734e-02
  4.1362938e-03 -7.6396841e-03 -2.3806421e-02 -3.4487734e-02 -2.4880138e-02
  1.3029838e-03  2.5395274e-02  2.4475166e-02  8.7619668e-03 -1.2942482e-04
 -5.2770408e-03 -1.2701516e-02 -1.9562755e-02 -1.1076665e-02 -1.2638210e-02
 -2.0287359e-02 -8.6369067e-03  2.2386693e-02  2.9513259e-02  4.0360595e-02
  2.6984127e-02 -4.1164331e-02 -6.1564958e-02 -2.1154711e-02  1.4825366e-02
  2.2968549e-02  2.7274279e-02  2.4212944e-02 -4.5676426e-03 -3.1583112e-02
 -2.4957719e-02 -2.2437897e-02 -3.5730578e-02 -2.9409300e-02 -1.1268910e-02
  7.1665968e-03  2.3558162e-02  4.7777312e-02  3.1111421e-02 -2.0321495e-02
 -2.8619529e-02 -2.2023616e-02 -4.8290897e-03 -2.1691570e-03 -4.3502614e-04
 -9.3380813e-03 -2.0672159e-02 -1.4163913e-02  2.2766839e-03  2.4046921e-02
  1.3330075e-02 -1.0275101e-02 -2.8400751e-02 -4.8927059e-02 -5.3249856e-02
 -3.6951698e-02 -5.4483390e-03  4.2481652e-03  2.0774566e-02  2.6293659e-02
  1.2248445e-02 -2.5815761e-03 -2.6880169e-03  1.6977765e-03  4.1691880e-03
 -7.8007417e-03 -3.0956260e-02 -1.2069233e-02  9.7712920e-03  1.8957625e-02
 -3.2856988e-02 -7.8322394e-02 -8.7804310e-02 -5.3096247e-02 -1.0129405e-02
  2.0541824e-02  5.1673416e-02  7.2946050e-02  2.1523996e-02 -3.2492358e-02
 -3.5642136e-02 -5.1079148e-02 -2.6313830e-02 -2.2585300e-02 -1.2810594e-02
 -3.6633617e-03 -3.6540520e-04  5.8993933e-03  2.1275737e-02  4.7187699e-02
  4.5445236e-03 -6.1440829e-02 -8.6463715e-02 -5.5156791e-02 -2.9845304e-02
 -9.6408013e-03  6.3454825e-02  1.1926174e-01  7.4882465e-02  1.0874645e-02
 -3.4844606e-02 -5.3091592e-02 -8.7965678e-02 -9.9610545e-02 -8.3943894e-02
 -6.9772999e-02 -5.7454732e-02 -4.8204006e-02 -5.6359292e-03  1.4049093e-02
  5.0581080e-02  6.4675945e-02  4.1569303e-02  2.3027510e-02  2.3575230e-02
  2.6517091e-02 -3.3760027e-03 -6.9439402e-02 -1.1041288e-01 -1.0534221e-01
 -9.1036323e-02 -8.2688638e-02 -9.8516657e-02 -1.2027960e-01 -1.3838539e-01
 -1.0881007e-01 -8.3987339e-03  2.2216016e-02  5.2647830e-02  7.1526323e-02
  7.4542662e-02  3.2358919e-02 -5.6705302e-02 -1.0222967e-01 -1.5624758e-01
 -1.2342317e-01 -9.9222641e-02 -8.3196015e-02 -5.6661857e-02 -5.7459386e-02
 -8.1425623e-02 -8.8634424e-02 -7.0168660e-02 -5.5007836e-02 -1.4472994e-02
  1.9541032e-02  4.2683362e-02  6.5378827e-02  1.1953483e-01  8.8398579e-02
 -3.1438812e-02 -1.1127093e-01 -1.3326351e-01 -1.2047200e-01 -1.0289531e-01
 -6.3526199e-02 -1.5495198e-02 -1.0092787e-02 -2.2999581e-02 -1.1311580e-02
  1.1572096e-02  1.1278065e-02 -3.2431845e-03 -1.1664882e-02  1.2110506e-02
  9.3137209e-02  1.9184161e-01  2.6411581e-01  3.2402365e-01  3.7185992e-01
  4.1209328e-01  4.6833931e-01  5.4816987e-01  6.5340036e-01  7.2606247e-01
  7.8488417e-01  7.5001940e-01  6.2601437e-01  4.8463126e-01  3.5941597e-01
  2.3645053e-01  1.4765473e-01  1.2616177e-01  1.4390448e-01  1.6437804e-01
  1.5821813e-01  1.1597232e-02 -1.8350944e-01 -3.3977253e-01 -4.1837732e-01
 -3.1102112e-01 -1.0659591e-01  1.3391519e-01  2.6776211e-01  3.3457462e-01
  3.9420317e-01  3.1114525e-01  3.6116930e-05 -2.8669180e-01 -6.0235225e-01
 -8.5641360e-01 -1.0000000e+00 -9.1000636e-01 -7.6103586e-01 -6.8432404e-01
 -2.7067914e-01  1.8031312e-01  5.1304132e-01  7.2106627e-01  8.2403140e-01
  6.9043740e-01  3.4039318e-01 -2.4279663e-02 -2.9060187e-01 -4.7750935e-01
 -5.7571103e-01 -5.1484119e-01 -5.1546184e-01 -4.1352077e-01 -2.3323868e-01
 -1.5408773e-01 -9.1293891e-02 -9.5486354e-02 -9.5594967e-02 -1.0231035e-01
 -1.3454514e-01 -2.1300563e-01 -3.1337957e-01 -3.8265916e-01 -4.1594129e-01
 -3.7794225e-01 -3.8791913e-01 -3.1890332e-01 -1.9838942e-01 -1.1999721e-01
  9.0882713e-02  3.3068007e-01  5.5194029e-01  6.9997983e-01  7.8426353e-01
  8.2735186e-01  8.0913591e-01  7.7236264e-01  7.4907291e-01  7.1707862e-01
  6.4444755e-01  5.8287949e-01  5.4601313e-01  4.8640010e-01  3.9223262e-01
  2.9126907e-01  1.4842434e-01 -7.4781610e-02 -3.6889634e-01 -6.8345514e-01
 -7.4455771e-01 -6.0660367e-01 -5.4303403e-01 -5.3654828e-01 -5.4335987e-01
 -5.9600614e-01 -6.4590607e-01 -6.8497572e-01 -7.2578318e-01 -7.3574454e-01
 -7.8694782e-01 -7.4333194e-01 -5.5259197e-01 -3.9336530e-01 -2.0270291e-01
 -7.8055517e-02  3.7499418e-02  2.4051576e-01  4.9409611e-01  6.0877593e-01
  5.6695992e-01  4.0779531e-01  1.0625611e-01 -1.4076867e-01 -2.4766870e-01
 -2.6802588e-01 -2.2247048e-01 -6.2215085e-02  1.0891558e-01  3.1392264e-01
  3.9207746e-01  3.7741470e-01  3.5299229e-01  3.3971047e-01  4.0345079e-01
  5.1279306e-01  4.7493367e-01  2.3966237e-01  4.0967276e-02 -9.7473972e-02
 -2.0842837e-01 -2.8923645e-01 -3.2731307e-01 -2.5682322e-01 -1.2416795e-01
  1.5349346e-02  1.4673463e-01  1.1261307e-01 -5.2245962e-02 -2.4507750e-01
 -3.7528899e-01 -2.9175007e-01 -1.2527114e-01 -3.2408571e-02  5.5217304e-02
  1.4457168e-01  1.9935143e-01  2.1539512e-01  2.1721051e-01  2.3187326e-01
  2.0262533e-01  1.1057425e-01 -1.7700818e-02 -1.5984732e-01 -2.2302906e-01
 -2.5663703e-01 -2.6374343e-01 -2.3232323e-01 -1.9140716e-01 -1.2671104e-01
 -4.7276141e-02  3.9705814e-02  1.6516936e-01  2.7249453e-01  2.2794768e-01
  1.2357058e-01  1.6819501e-02 -6.3777561e-02 -1.7095688e-01 -2.4877035e-01
 -2.5718010e-01 -2.9586184e-01 -3.0729724e-01 -3.0338717e-01 -2.6988782e-01
 -1.8256296e-01 -2.2799423e-02  1.0736707e-01  1.7548759e-01  2.1964654e-01
  2.3300594e-01  1.9902559e-01  1.4071436e-01  1.1883350e-01  1.3849711e-01
  2.0856802e-01  2.5187357e-01  2.4441031e-01  1.8727986e-01  7.7009729e-02
 -4.2821456e-02 -1.0359199e-01 -7.4173377e-02  4.4067402e-02  1.2952722e-01
  1.4150569e-01  1.1718723e-01  3.5350432e-02 -6.6509954e-02 -1.2150693e-01
 -1.0203106e-01 -3.9316359e-02  4.4702012e-02  1.3352729e-01  2.0098062e-01
  2.3047681e-01  2.2315319e-01  1.8374218e-01  1.3025028e-01  9.7022452e-02
  5.8753433e-02  1.5097053e-02  2.5455787e-03  6.9890922e-03  1.5340502e-02
  2.4467408e-02  5.3336747e-02  8.9338857e-02  1.4905584e-01  2.1255566e-01
  2.5159428e-01  2.5643532e-01  1.9455694e-01  7.8589272e-02 -3.9409456e-02
 -1.5015594e-01 -2.6579156e-01 -3.6749988e-01 -3.7189095e-01 -3.0158730e-01
 -1.6063864e-01  3.2299958e-02  1.5034213e-01  1.9739639e-01  1.9406042e-01
  1.1882884e-01  2.1032134e-03 -1.2878245e-01 -1.8250089e-01 -1.5242440e-01
 -1.4332728e-01 -1.4209530e-01 -1.6470387e-01 -2.3339385e-01 -2.9358097e-01
 -3.4396189e-01 -3.8484693e-01 -3.9580133e-01 -3.6739127e-01 -2.0918866e-01
 -4.1010722e-02  5.6031901e-02  1.3671430e-01  2.3252494e-01  3.1629661e-01
  3.5687132e-01  3.4700306e-01  3.5873326e-01  4.6428959e-01  4.2238049e-01
  3.3254201e-01  1.6433149e-01  1.2652485e-02 -2.6174184e-02 -6.6511505e-02
 -8.1774737e-02 -1.3666310e-01 -2.0116681e-01 -2.7564431e-01 -3.2906639e-01
 -3.9428075e-01 -4.4439790e-01 -4.9015501e-01 -5.2984530e-01 -5.5926391e-01
 -4.6067433e-01 -1.6256265e-01  5.4872845e-02  1.7824947e-01  3.0981086e-01
  4.3383140e-01  5.0823131e-01  5.0478673e-01  5.5133516e-01  4.3373830e-01
  2.7528744e-01  2.1950690e-01  1.4045059e-01  8.5241043e-02  4.6033298e-02
  2.9685488e-02  9.7942559e-03 -3.3857779e-02 -8.5501715e-02 -9.9359183e-02
 -8.4240252e-02 -4.4455306e-02 -1.3790284e-02  1.1885522e-02  3.3863985e-02
  3.2358919e-02  1.8841254e-02  9.0383094e-03  8.5774799e-03  1.3263511e-02
  3.0669211e-02  5.0712967e-02  5.1428261e-02  5.1811510e-02  5.9910937e-02
  7.1039116e-02  8.2182811e-02  7.8910456e-02  3.3651414e-02 -3.3471427e-02
 -1.0835544e-01 -1.6282642e-01 -1.8228367e-01 -1.7981660e-01 -1.6475042e-01
 -1.5206753e-01 -1.2803457e-01 -1.0652919e-01 -1.0679917e-01 -1.1330975e-01
 -1.0242517e-01 -7.1189623e-02 -2.0650437e-02  1.8690748e-02  3.6630514e-02
  3.2285994e-02  1.4513181e-02 -7.8015175e-04 -2.7967851e-03  9.4651585e-03
  1.1797701e-02 -1.2923242e-02 -5.0635386e-02 -8.4086642e-02 -1.0328632e-01
 -1.0695899e-01 -9.6595758e-02 -6.9423886e-02 -4.3968099e-02 -2.7583050e-02
 -2.4738941e-02 -3.6992040e-02 -5.8824807e-02 -7.5538798e-02 -7.7403839e-02
 -6.8567394e-02 -6.0858974e-02 -5.7181648e-02 -5.4595106e-02 -5.3149002e-02
 -5.0174557e-02 -3.9409456e-02 -1.9443281e-02  7.8884079e-04  2.5285109e-02
  4.1350525e-02  4.8311068e-02  4.4733045e-02  2.6026781e-02  1.6960698e-03
 -8.8409440e-03 -1.3254356e-03  1.1591336e-02  2.2378935e-02  1.6827259e-02
  4.9342891e-03  1.3542181e-03  7.1470465e-03  1.7021211e-02  2.8506261e-02
  4.5241974e-02  5.8056758e-02  5.9018759e-02  3.3950876e-02 -2.1953793e-03
 -1.9142268e-02 -1.6760539e-02  7.2115937e-03  4.0283014e-02  7.1555804e-02
  8.7206939e-02  8.0912039e-02  5.0647799e-02  1.6563484e-02  1.8001831e-03
  2.0274946e-03  2.4642741e-02  6.5594501e-02  1.1017704e-01  1.5357414e-01
  1.8499899e-01  2.0094959e-01  2.0748188e-01  2.0220640e-01  1.8963832e-01
  1.5534764e-01  9.9056618e-02  4.2262875e-02  6.8452575e-03 -3.8016106e-03
 -4.7912303e-03  3.9446694e-03  1.7060001e-02  3.2028426e-02  3.6632066e-02
  3.3190585e-02  2.2929758e-02  1.7239988e-02  1.1668296e-02  4.6837034e-03
  8.1090475e-04  3.6435011e-04 -1.8881596e-04 -2.2973204e-03 -1.5502646e-03
  7.1139971e-04  2.6780865e-03 -6.0157644e-03 -1.9055377e-02 -3.7347360e-02
 -5.1167590e-02 -5.8804636e-02 -6.5518472e-02 -7.0103493e-02 -6.7271796e-02
 -4.8045742e-02 -2.3136123e-02 -5.7743332e-03 -4.1373799e-03 -2.1136092e-02
 -5.4681997e-02 -8.9826064e-02 -1.1305218e-01 -1.2291735e-01 -1.2208878e-01
 -1.2347127e-01 -1.2686776e-01 -1.3405173e-01 -1.4468805e-01 -1.5831122e-01
 -1.7036727e-01 -1.7264814e-01 -1.4871138e-01 -7.4370432e-02 -4.2334249e-03
  2.5910410e-02  3.4608760e-02  3.0133904e-02  1.9444832e-02  4.2922311e-03
 -8.1877143e-03 -1.3873450e-02 -7.0272619e-03  6.2935034e-03  1.8037518e-02
  3.0341821e-02  4.1412590e-02  5.4655619e-02  6.6463405e-02  7.7856910e-02
  8.7045571e-02  9.5110863e-02  1.0260361e-01  1.1003429e-01  1.2210430e-01
  1.3071266e-01  1.3728219e-01  1.3957703e-01  1.2914087e-01  1.1026393e-01
  8.8766311e-02  7.2998805e-02  6.5108846e-02  6.2350075e-02  5.8533104e-02
  4.7859548e-02  3.3749166e-02  1.6954491e-02 -1.2028581e-03 -1.7615479e-02
 -2.7370479e-02 -2.7634253e-02 -1.9255535e-02 -5.2641624e-03  9.5748576e-03
  1.6329191e-02  1.3690360e-02  5.6382566e-03 -1.1180623e-04 -2.4006579e-03
  1.8482831e-03  1.0320874e-02  1.7087930e-02  2.1680709e-02  2.6731214e-02
  3.0416298e-02  2.6450372e-02  2.7815792e-02  2.5257180e-02  1.1681329e-02
 -1.2852178e-02 -4.2208568e-02 -6.5248491e-02 -7.8584617e-02 -7.9548170e-02
 -6.6778383e-02 -4.6297072e-02 -2.8144735e-02 -1.9233813e-02 -2.4282766e-02
 -3.8517277e-02 -5.6838741e-02 -7.3610141e-02 -8.6392341e-02 -8.8488572e-02
 -8.5897376e-02 -7.8977176e-02 -6.4168567e-02 -4.5277661e-02 -2.4842899e-02
 -8.9307825e-03  3.2970256e-03  1.0932055e-02  1.0906919e-02  1.3999907e-03
 -1.4849416e-02 -3.3069559e-02 -5.0883644e-02 -6.4705426e-02 -7.3285854e-02
 -7.1549597e-02 -5.9389595e-02 -3.2613384e-02 -6.0837251e-03  1.2630452e-02
  2.9525671e-02  4.5265248e-02  5.1903055e-02  3.8062654e-02  2.0602337e-02
  9.9348322e-03  5.4871294e-03  3.5404739e-03 -3.1328647e-03 -1.4529163e-02
 -2.6299865e-02 -3.1966361e-02 -2.5154774e-02 -1.6527797e-02 -1.6760539e-02
 -2.7995780e-02 -4.4022405e-02 -5.7839532e-02 -6.4179429e-02 -6.2371798e-02
 -4.8678800e-02 -2.6423994e-02 -1.7730298e-03  2.0850595e-02  3.9645301e-02
  4.8863442e-02  4.2570094e-02  2.3063197e-02  8.9965709e-04 -1.5210477e-02
 -2.3699359e-02 -2.3893311e-02 -2.1271083e-02 -1.8794706e-02 -1.6442458e-02
 -1.1748980e-02 -1.3099815e-03  2.3136123e-02  5.1304132e-02  6.7082499e-02
  7.1751307e-02  6.3650328e-02  4.2579404e-02  2.2338593e-02  1.0291238e-02
  7.0776893e-03  1.0694968e-02  1.3198808e-02  1.7118962e-02  2.5196667e-02
  3.2864746e-02  4.8481745e-02  6.3201912e-02  6.5416065e-02  5.2849540e-02
  3.7189095e-02  2.9162594e-02  3.3210756e-02  4.5868827e-02  5.6947354e-02
  6.3780664e-02  6.0199538e-02  4.5555400e-02  2.0897143e-02 -5.1740136e-03
 -2.4683083e-02 -4.2469239e-02 -6.3214325e-02 -8.3555990e-02 -9.7639994e-02
 -1.0040652e-01 -8.8153424e-02 -6.4171671e-02 -3.3609521e-02  2.7187388e-03
  2.6897237e-02  3.3629692e-02  2.6580707e-02  2.6945337e-03 -3.3373675e-02
 -6.2180949e-02 -6.6146876e-02 -5.0728483e-02 -1.4478114e-02  2.4096572e-02
  5.7308880e-02  7.2848299e-02  6.1990101e-02  3.9128613e-02  2.0004965e-02
  7.1032910e-03  3.9719778e-04  3.7314776e-03  2.7362721e-03 -3.1016773e-03
 -1.3782526e-02 -2.1789322e-02 -2.5154774e-02 -2.0870766e-02 -1.2776304e-02
 -6.6925786e-03 -3.3156449e-03 -3.2860091e-03 -1.1238188e-02 -2.2991823e-02
 -3.2414778e-02 -3.4889603e-02 -3.2692517e-02 -2.5530264e-02 -1.1720896e-02
  6.8679111e-04  1.0957346e-02  1.7098791e-02  2.2762184e-02  2.4465857e-02
  2.0039101e-02  7.3903396e-03 -6.7980884e-03 -1.4706357e-02 -2.3564369e-02
 -3.0922124e-02 -3.3041630e-02 -3.4102934e-02 -3.4627380e-02 -3.3570730e-02
 -2.7837515e-02 -2.0942140e-02 -1.0640196e-02 -2.4707909e-03  4.5685736e-03
  1.9783084e-02  3.4588589e-02  4.9282378e-02  6.1777530e-02  6.3850486e-02
  5.0401092e-02  2.8292138e-02  9.0122422e-03 -6.9389750e-04  2.3860727e-03
  6.7087154e-03  6.4897826e-03 -3.5772471e-03 -1.9646542e-02 -3.3756924e-02
 -4.0633679e-02 -3.1660693e-02 -5.3490357e-03  3.3015252e-02  6.0748809e-02
  7.3920464e-02  7.5153998e-02  6.7082499e-02  5.6807708e-02  4.5566262e-02
  3.4780990e-02  1.9184161e-02  3.8321774e-03 -9.1810579e-03 -1.3848314e-02
 -6.9186489e-03  3.0303030e-03  8.7137116e-03  5.0239724e-03 -1.0218933e-02
 -3.4355847e-02 -5.7505935e-02 -6.9990225e-02 -6.8980124e-02 -6.2537821e-02
 -5.1960465e-02 -3.8579342e-02 -2.6676907e-02 -1.7542553e-02 -1.1194743e-02
 -2.6171081e-03  3.6112275e-03  6.7088706e-03  1.0532359e-02  1.3538302e-02
  1.6850533e-02  1.9806359e-02  2.0417695e-02  1.7058449e-02  1.3189033e-02
  1.3301215e-02  1.5956803e-02  2.2110506e-02  2.6523297e-02  2.3677637e-02
  1.3850021e-02  9.9072135e-04 -1.0361836e-02 -1.5779919e-02 -9.3591832e-03
  4.1955655e-03  1.6506075e-02  2.4523266e-02  2.3010442e-02  9.2949464e-03
 -1.2932241e-02 -3.5345777e-02 -5.6615308e-02 -6.8800137e-02 -6.9327685e-02
 -5.8492762e-02 -3.9376872e-02 -1.1457121e-02  1.7789260e-02  3.9254294e-02
  5.1622213e-02  5.2449223e-02  4.5535229e-02  3.1713448e-02  1.4914273e-02
  1.5648032e-03 -2.2400658e-03  3.3801921e-03  1.1654642e-02  2.0937485e-02
  3.0160282e-02  3.3004391e-02  3.2298406e-02  2.9334823e-02  2.6998092e-02
  2.8884855e-02  3.1458983e-02  3.2323232e-02  3.1202967e-02  2.7859238e-02
  2.3494546e-02  2.0004965e-02  2.1246257e-02  2.6354172e-02  2.3401449e-02
  6.3845832e-03 -2.0866111e-02 -5.0447641e-02 -7.3046905e-02 -8.1748359e-02
 -7.5555866e-02 -6.0354699e-02 -3.7936973e-02 -1.7336188e-02 -4.0847802e-03
  3.4163447e-03  1.1174572e-03 -8.8068085e-03 -2.2254806e-02 -3.3462117e-02
 -3.8888113e-02 -3.8433490e-02 -3.3505563e-02 -2.3095781e-02 -1.4338780e-02
 -1.0078822e-02 -1.1665658e-02 -1.3127124e-02 -1.0128629e-02 -7.7355739e-03
 -3.5030800e-03 -2.2139987e-03 -2.6133842e-03 -1.6161616e-03  4.0400937e-03
  1.3696877e-02  2.5362690e-02  3.1649832e-02  2.6507781e-02  1.0016137e-02
 -1.3862124e-02 -3.4022250e-02 -4.0444382e-02 -3.1890332e-02 -1.8862977e-02
 -8.0359664e-03  3.2796475e-03  1.6411426e-02  2.7598566e-02  3.4807367e-02
  3.9187575e-02  3.3896569e-02  2.2225325e-02  1.0529566e-02  4.9842511e-04
 -3.0391472e-03 -3.7994383e-03 -3.0588527e-03  1.8827290e-03  1.5316141e-02
  3.0157179e-02  4.2304768e-02  4.4660119e-02  3.2690965e-02  1.2687707e-02
 -6.4634052e-03 -2.0912660e-02 -2.3725737e-02 -1.4514888e-02 -1.8541793e-03
  1.1007774e-02  1.5195581e-02  9.9424351e-03 -1.6687613e-03 -1.4157706e-02
 -2.7884063e-02 -3.9798911e-02 -4.2669398e-02 -3.4524973e-02 -2.1210570e-02
 -1.0174867e-02 -3.4974941e-03 -7.9223882e-03 -2.3354901e-02 -4.1729119e-02
 -5.4273922e-02 -6.1729429e-02 -6.5341588e-02 -6.5713975e-02 -6.1825630e-02
 -5.3763441e-02 -4.1311735e-02 -2.5783177e-02 -1.3768561e-02 -5.5369362e-03
 -1.9724123e-03  4.0957967e-04 -1.6363326e-03 -5.0376267e-03 -9.3234961e-03
 -9.1255101e-03 -4.6494127e-03  2.9334823e-03  1.5477199e-02  2.6815001e-02
  3.6476904e-02  3.9114649e-02  3.4616518e-02  2.2634952e-02  8.7762417e-03
 -2.0670608e-03 -7.9894180e-03 -4.2723704e-03  8.5447408e-03  2.5590777e-02
  4.0154230e-02  4.8669491e-02  5.1231206e-02  4.7687319e-02  3.9978898e-02
  2.9659110e-02  2.0386662e-02  1.2384056e-02  7.2258685e-03  7.7340223e-03
  1.3147605e-02  1.6889323e-02  1.8245434e-02  1.7826498e-02  1.9080203e-02
  1.9815668e-02  2.2180329e-02  2.1153160e-02  1.4590141e-02  7.3278096e-03
 -1.7117411e-03 -6.5282627e-03 -1.9902559e-03  1.2426260e-02  2.9100529e-02
  4.2746978e-02  4.8598116e-02  4.5501094e-02  3.6532762e-02  2.4036060e-02
  1.3446136e-02  9.0898230e-03  1.1051219e-02  1.4371674e-02  1.9561203e-02
  2.6743627e-02  3.0666108e-02  3.0191314e-02  2.6015920e-02  1.7840463e-02
  8.9736070e-03  2.5662151e-03 -2.0209778e-03 -3.9727537e-03 -3.0149420e-03
 -1.5086192e-03 -3.1323993e-03 -4.3806731e-03 -9.0853233e-03 -1.6678304e-02
 -2.2704774e-02 -2.7229282e-02 -2.8635045e-02 -2.8458161e-02 -2.4020543e-02
 -1.7421527e-02 -1.0003414e-02 -2.0785427e-03  6.1934243e-03  8.3580816e-03
  9.7419665e-03  9.4924669e-03  4.1049512e-03 -2.8482987e-03 -1.0304427e-02
 -1.1391488e-02 -9.4200065e-03 -4.4036370e-03 -5.4874397e-03 -9.7638443e-03
 -1.6318329e-02 -2.4169498e-02 -2.8532638e-02 -2.4018992e-02 -1.0932831e-02
  1.1638660e-03  9.3152725e-03  1.0756257e-02  8.7160390e-03  3.2926810e-03
 -1.4492700e-03 -4.1916864e-03 -4.6151220e-03 -3.7640615e-03 -5.3575696e-03
 -5.3841022e-03 -3.9234123e-03 -4.2591817e-03 -1.8976245e-03 -1.4175860e-04
 -3.0006672e-03 -9.8034104e-03 -1.8901767e-02 -2.8523329e-02 -3.8318671e-02
 -4.5879688e-02 -4.7269934e-02 -4.2594920e-02 -3.6621204e-02 -3.0172695e-02
 -2.0333907e-02 -9.4387811e-03  2.2715636e-03  1.5713200e-02  2.5147015e-02
  2.4375863e-02  1.7469627e-02  7.9414731e-03 -9.1610421e-04 -5.6452389e-03
 -1.0717156e-02 -1.5255163e-02 -1.9807910e-02 -2.1423141e-02 -2.0780772e-02
 -1.8523173e-02 -1.3060560e-02 -1.0588683e-02 -1.3509286e-02 -2.0507688e-02
 -2.9822030e-02 -3.5677823e-02 -3.8309361e-02 -3.5899704e-02 -2.6099707e-02
 -1.4348555e-02 -3.0884886e-03  6.1166193e-03  1.0018619e-02  1.1764961e-02
  1.2077457e-02  1.3188257e-02  1.7689956e-02  2.0726466e-02  2.0119785e-02
  1.6990178e-02  1.6653478e-02  1.9384319e-02  2.5162532e-02  2.4794799e-02
  2.0293565e-02  1.7151546e-02  1.6636410e-02  1.9253984e-02  2.1392108e-02
  2.2419277e-02  1.9606200e-02  1.6520039e-02  1.5992490e-02  1.8780741e-02
  2.0720259e-02  2.1826561e-02  2.0971621e-02  1.6634859e-02  1.0743378e-02
  3.8740710e-03 -1.4943599e-03 -4.1516548e-03 -5.2630762e-03 -2.0462691e-03
  2.5322348e-03  8.9264380e-03  1.3432171e-02  1.3643501e-02  1.1397849e-02
  4.7989883e-03  2.0768359e-03  4.9383233e-03  1.0791634e-02  1.9191919e-02
  2.4759112e-02  2.4374311e-02  1.8692299e-02  7.2542631e-03 -5.6280160e-03
 -1.8929696e-02 -2.8515570e-02 -3.2424087e-02 -2.8613322e-02 -1.7253953e-02
 -4.2357523e-03  9.0293100e-03  1.2421605e-02  8.8971124e-03  2.1482102e-04
 -1.1246257e-02 -1.8636441e-02 -2.2787010e-02 -2.3519372e-02 -1.9925833e-02
 -1.5575106e-02 -1.2476687e-02 -8.1872488e-03 -4.2979720e-03 -4.0838492e-03
 -5.9346150e-03 -1.0157489e-02 -1.1125076e-02 -7.2582973e-03 -5.5640894e-03
 -3.4858570e-03 -3.4498596e-03 -2.1461931e-04  2.3635743e-03  6.4072367e-04
 -3.9760120e-03 -1.2419277e-02 -2.2040683e-02 -2.9587736e-02 -3.3995873e-02
 -3.3288337e-02 -3.2588558e-02 -3.0737482e-02 -2.5915065e-02 -1.8172508e-02
 -9.4740027e-03 -2.6082639e-03  3.0389921e-04 -6.5540195e-03 -1.5080451e-02
 -2.1162470e-02 -2.0887834e-02 -1.3267545e-02 -1.5626309e-03  7.5155549e-03
  1.6155410e-02  2.0023585e-02  1.9677575e-02  1.5613896e-02  7.7909665e-03
 -3.5733681e-04 -4.7777312e-03 -1.1063787e-03  6.6838896e-03  1.8535586e-02
  2.5660600e-02  2.7233937e-02  2.3221462e-02  1.6535555e-02  1.3048147e-02
  1.1201415e-02  1.4660429e-02  1.5925771e-02  1.4569349e-02  1.3629692e-02
  9.8190818e-03  8.2400037e-03  8.1045478e-03  9.0608078e-03  9.6265264e-03
  1.2108179e-02  1.5425220e-02  1.8290431e-02  2.2026719e-02  2.5057022e-02
  2.6023678e-02  2.4050024e-02  1.5795435e-02  9.7210197e-03  6.5144533e-03
  5.7689025e-03  1.2511288e-02  2.1961551e-02  2.8239383e-02  2.7320827e-02
  2.0982482e-02  1.4774783e-02  1.1634626e-02  9.8760260e-03  8.3780974e-03
  7.3160173e-03  4.9958882e-03  4.0186814e-03  5.1359990e-03  1.0354699e-02
  1.6184890e-02  1.6890875e-02  1.6130584e-02  1.0781083e-02  4.0669366e-03
 -5.0042669e-03 -1.0136542e-02 -1.5197288e-02 -1.3499046e-02 -6.9797825e-03
 -1.3034182e-03  1.5487440e-03  3.9833046e-05 -3.1336406e-03 -9.1509566e-03
 -1.5689925e-02 -1.9795497e-02 -2.0158575e-02 -1.8873838e-02 -1.1647504e-02
 -6.1217397e-03 -1.9710158e-03 -4.0616612e-03 -1.0322425e-02 -1.7888563e-02
 -2.3133020e-02 -2.4349486e-02 -1.9260190e-02 -1.1058977e-02 -3.0458192e-03
  3.3246443e-03  4.2152710e-03  4.6590327e-03  7.6055486e-04 -5.8779810e-03
 -1.5261680e-02 -2.2290493e-02 -2.8402303e-02 -3.1662245e-02 -3.5606449e-02
 -3.8203851e-02 -3.9676333e-02 -3.9482381e-02 -3.7443560e-02 -3.4152586e-02
 -2.9322410e-02 -2.5389067e-02 -1.8448696e-02 -1.0041583e-02 -4.9954227e-04
  5.0522118e-03  9.8761812e-03  1.4726838e-02  1.8523173e-02  1.8535586e-02
  1.5326848e-02  1.0394265e-02  5.3647070e-04 -7.4755233e-03 -1.2628280e-02
 -1.6343155e-02 -1.4735838e-02 -1.1413521e-02 -8.5441202e-03 -8.0404661e-03
 -7.2024391e-03 -5.1656348e-03 -1.2878400e-03  7.0240035e-04  2.9212245e-03
  5.7789880e-03  1.0336700e-02  1.4476873e-02  1.9208987e-02  2.0974724e-02
  2.0929727e-02  1.7969247e-02  1.2460705e-02  7.4387500e-03  2.5761455e-03
  3.6016075e-03  6.0211951e-03  1.0266102e-02  1.4513646e-02  1.8731090e-02
  1.8111996e-02  1.8369564e-02  1.6639513e-02  1.4984251e-02  1.2052631e-02
  8.3784077e-03  7.6286676e-03  8.4327142e-03  1.1865972e-02  1.5345622e-02
  1.7835808e-02  1.8124408e-02  1.7395150e-02  1.5584416e-02  1.4424118e-02
  1.3594936e-02  1.2344800e-02  1.0056479e-02  8.4530404e-03  8.0260361e-03
  8.3954755e-03  9.1559217e-03  9.4026284e-03  8.5939270e-03  8.3481513e-03
  4.8999984e-03 -6.1681329e-04 -5.0664867e-03 -1.1191019e-02 -1.1980791e-02
 -1.2143400e-02 -9.6241990e-03 -4.7499573e-03 -3.7848531e-03 -3.9653059e-03
 -7.4868501e-03 -1.2704929e-02 -1.7457214e-02 -1.9970830e-02 -2.2492203e-02
 -2.4456547e-02 -2.4273457e-02 -2.1407625e-02 -1.1854645e-02 -3.0202175e-03
  6.8384304e-03  1.3732564e-02  1.5750438e-02  1.5189840e-02  1.3073438e-02
  1.1585905e-02  7.5167962e-03  4.0171298e-03 -4.0014585e-04 -5.5122655e-03
 -1.0560909e-02 -1.3552576e-02 -1.6493662e-02 -1.7264814e-02 -1.7440146e-02
 -1.7542553e-02 -1.8115099e-02 -1.7672889e-02 -1.8341634e-02 -2.0310633e-02
 -2.1108163e-02 -1.9846700e-02 -1.7491350e-02 -1.6408323e-02 -1.2928362e-02
 -1.3267700e-02 -1.3496408e-02 -1.2825800e-02 -1.0517308e-02 -7.5945321e-03
 -4.6008472e-03 -4.4124812e-03 -7.1859920e-03 -6.5872240e-03 -5.0034911e-03
 -1.3041940e-03  4.0939347e-03  9.2549147e-03  1.3613400e-02  1.6577449e-02
  1.8802464e-02  2.1623299e-02  2.5589226e-02  2.6602430e-02  2.3725737e-02
  1.8934351e-02  1.6250058e-02  1.5941287e-02  1.9112787e-02  2.1070924e-02
  2.1991032e-02  2.0374249e-02  1.6178684e-02  1.3660414e-02  1.0609784e-02
  1.0035532e-02  9.8297879e-03  8.6086673e-03  8.8390821e-03  8.3206877e-03
  8.5323279e-03  1.1481481e-02  1.4460736e-02  1.8015795e-02  1.8184921e-02
  1.5682167e-02  1.1759686e-02  5.9633198e-03  1.4763456e-03  8.6500954e-04
  1.9385871e-03  6.6111189e-03  1.2769942e-02  1.2807957e-02  7.1759065e-03
 -4.7778864e-04 -1.1254480e-02 -1.7739608e-02 -2.1696225e-02 -2.0873869e-02
 -1.6696923e-02 -1.1400177e-02 -7.4638862e-03 -7.5178824e-03 -6.1889246e-03
 -5.1268445e-03 -1.9862217e-03 -2.5815761e-04  1.0100234e-03  3.7947835e-03
  3.5628171e-03  5.9636302e-03  8.4933824e-03  8.0067961e-03  6.2022685e-03
  3.3026114e-03  9.9326599e-04 -8.1112197e-04  2.1421589e-03  3.5206132e-03
  5.6332914e-03  4.6140359e-03  2.7939921e-03  7.6812674e-04 -5.7152167e-05
  3.4417912e-03  8.4504026e-03  1.4092538e-02  1.6094897e-02  1.6852085e-02
  1.7928905e-02  1.5028627e-02  1.2695154e-02  7.4134587e-03  3.6940837e-03
  1.3852659e-03 -1.1510186e-03 -3.0756102e-03 -6.7327654e-03 -8.7731385e-03
 -1.3578488e-02 -1.4229080e-02 -1.4277491e-02 -1.4440410e-02 -1.4394482e-02
 -1.4573228e-02 -1.4239321e-02 -1.4192462e-02 -1.2018806e-02 -1.0667505e-02
 -1.0326149e-02 -1.2222688e-02 -1.5654238e-02 -1.9077100e-02 -1.9879284e-02
 -1.7731850e-02 -1.3376779e-02 -5.7490419e-03 -6.2092507e-05  5.0622973e-03
  5.9049791e-03  2.4296731e-03 -3.3767785e-03 -8.1318562e-03 -1.2165899e-02
 -1.4304644e-02 -1.1744790e-02 -8.2583128e-03 -4.5068193e-03 -2.7289795e-03
  3.0490776e-04  2.6160220e-03  3.2168071e-03  4.6624463e-03  5.1612903e-03
  6.1609955e-03  7.7382116e-03  1.1796459e-02  1.3500597e-02  1.2326336e-02
  8.6359757e-03  1.3953979e-03 -5.1041909e-03 -1.5247560e-02 -2.1680709e-02
 -2.2324629e-02 -2.0616301e-02 -1.4846002e-02 -9.4353675e-03 -4.8626045e-03
 -2.2335490e-03 -3.7971109e-03 -9.6757126e-03 -1.2427501e-02 -1.4729321e-02
 -1.4129312e-02 -1.1301339e-02 -8.6735248e-03 -5.3594315e-03 -5.5932598e-03
 -3.4805815e-03 -4.6011575e-03 -3.8051793e-03 -3.4014492e-03 -4.3263666e-03
 -5.0503499e-04  7.2148521e-04  5.8894630e-04  6.7804000e-04 -1.2178467e-03
 -3.4653757e-03 -4.9510466e-03 -5.8997036e-03 -3.9158094e-03  1.9477416e-03
  4.2031684e-03  7.7894149e-03  8.7953265e-03  9.8417353e-03  1.0509085e-02
  8.5866344e-03  9.4912256e-03  6.6001024e-03  6.0432280e-03  1.4861674e-03
 -2.3773837e-03 -4.5881239e-03 -5.5144378e-03 -4.9777343e-03 -5.0357647e-03
 -4.4396344e-03 -4.5058884e-03 -3.9038620e-03 -4.6362240e-03 -3.8697265e-03
 -4.1764806e-03 -5.0460054e-03 -2.4434824e-03  9.6538348e-04  5.2376298e-03
  1.1542150e-02  1.5193564e-02  1.7838911e-02  2.0135301e-02  2.1134540e-02
  2.3250943e-02  2.2068612e-02  1.8270260e-02  1.3308042e-02  1.0595044e-02
  9.7301742e-03  1.1059598e-02  1.3458393e-02  1.2490186e-02  1.1418951e-02
  8.1720430e-03  6.8035191e-03  1.0571460e-02  1.2985151e-02  1.3942497e-02
  1.6729507e-02  1.6661236e-02  1.4331797e-02  1.1766048e-02  1.0515136e-02
  8.2552095e-03  6.4185635e-03  3.6753092e-03  2.1680709e-03  9.9567100e-04
  1.6816397e-03  3.2366678e-03  5.8236745e-04 -2.5179599e-03 -6.6454095e-03
 -9.6553864e-03 -1.1295288e-02 -1.1700259e-02 -1.1272789e-02 -8.3312387e-03
 -7.2457292e-03 -7.4008906e-03 -7.5473630e-03 -5.3192447e-03 -8.1479930e-04
  3.3356608e-03  7.1183416e-03  9.6063554e-03  7.1759065e-03  1.8793154e-03
 -3.2512529e-03 -5.4354606e-03 -3.3998976e-03  1.7803224e-03  5.5512110e-03
  9.7545346e-03  1.0262068e-02  9.8654750e-03  1.0343527e-02  8.1090475e-03
  7.1113594e-03  5.2528356e-03  5.7327499e-03  5.7223541e-03  5.8346910e-03
  6.8406026e-03  5.4920945e-03  1.3442412e-03 -2.7095843e-03 -5.8469488e-03
 -8.1338733e-03 -7.5678443e-03 -6.2471101e-03 -7.2230756e-03 -8.5374482e-03
 -8.2659157e-03 -8.0972552e-03 -7.0671384e-03 -7.1822682e-03 -6.0917935e-03
 -5.7468696e-03 -8.3439619e-03 -1.0599234e-02 -1.4489752e-02 -1.4697978e-02
 -1.5649583e-02 -1.3710065e-02 -1.1677916e-02 -1.0124284e-02 -5.7721609e-03
 -3.0520256e-03  5.5290229e-05  2.6687769e-03  4.7324241e-03  4.0134059e-03
  5.9454763e-03  5.4025664e-03  3.4267405e-03  1.7798569e-03  4.4540645e-05
 -1.5214356e-03 -2.4605502e-03 -1.0583252e-03 -6.5752766e-04 -7.0261757e-04
 -3.3404708e-03 -3.4309299e-03 -4.5677978e-03 -3.2073422e-03 -2.2417726e-03
 -2.8133873e-03 -4.8925507e-03 -6.6880789e-03 -2.3410759e-03  1.2560319e-03
  4.4784248e-03  8.6187528e-03  9.7773433e-03  9.1909882e-03  5.3594315e-03
  2.5603190e-03  4.7561638e-03  9.5795125e-03  1.4645844e-02  1.7694611e-02
  1.9306739e-02  1.6813294e-02  1.1323217e-02  3.2090490e-03 -9.5517386e-04
 -2.8465919e-03 -3.0838337e-03  2.9294481e-04  5.8539310e-03  9.7455352e-03
  1.1152850e-02  1.0782479e-02  8.7886546e-03  7.1293581e-03  6.6494437e-03
  6.1817871e-03  9.0018464e-03  1.1489550e-02  1.1671089e-02  1.0321184e-02
  8.5026921e-03  9.1518875e-03  7.2015082e-03  2.6949991e-03 -8.7970333e-04
 -4.2840075e-03 -5.7865909e-03 -5.6228956e-03 -4.3656224e-03 -1.9030551e-03
 -8.1945414e-04 -2.6721904e-03 -6.3031234e-03 -1.0956570e-02 -1.5942839e-02
 -1.9249329e-02 -2.0554237e-02 -1.8161647e-02 -1.3141399e-02 -9.7227265e-03
 -1.2275908e-02 -1.2344024e-02 -1.5403342e-02 -1.8312154e-02 -2.1407625e-02
 -2.3890208e-02 -2.1776909e-02 -1.9309842e-02 -1.5240267e-02 -1.1238809e-02
 -8.5723595e-03 -8.5504818e-03 -8.7948611e-03 -9.3070490e-03 -9.2761719e-03
 -8.9340409e-03 -8.1346491e-03 -7.8545827e-03 -8.0041583e-03 -1.0999395e-02
 -1.1672951e-02 -1.1455259e-02 -8.1960930e-03 -2.6369688e-03  2.5700942e-03
  4.1279151e-03  3.8618132e-03  3.5806607e-03  2.0710950e-03  4.4739251e-03
  6.5566572e-03  8.1577682e-03  9.7165200e-03  8.1827492e-03  5.7612996e-03
  5.2411985e-03  5.5524523e-03  7.2337817e-03  8.0381387e-03  9.3736132e-03
  7.6314605e-03  4.7319586e-03  3.6279849e-03  2.7403063e-03  3.5232509e-03
  2.9705659e-03  5.7360083e-03  5.9057549e-03  7.9053205e-03  1.1685208e-02
  1.0994119e-02  9.9073686e-03  9.7774985e-03  8.7321758e-03  7.5022111e-03
  5.7585067e-03  4.1428106e-03  4.9999224e-03  2.4849105e-03 -1.3176465e-04
  1.2439603e-03  3.1192105e-03  4.8762587e-03  7.9711089e-03  6.9271827e-03
  3.7732160e-03 -2.5274248e-03 -1.0774411e-02 -1.6659684e-02 -1.6262471e-02
 -8.1394591e-03  8.5161911e-04  6.0511412e-03  3.1581561e-03 -2.1592267e-03
 -7.1762169e-03 -8.5847725e-03 -4.0717467e-03  2.2208258e-03  5.3383295e-03
  3.1418641e-03 -7.9428696e-05 -3.9201539e-04 -2.1536409e-04  1.2198172e-03
  2.3947617e-03 -3.0852302e-04 -3.1067976e-03 -3.5330261e-03 -2.4828935e-03
 -1.7786156e-03  1.6343155e-03  2.7984918e-03  3.9702711e-03  2.3837453e-03
 -6.0354699e-04 -4.0028550e-03 -5.5097829e-03 -4.3210911e-03 -1.3520303e-03
  3.2092042e-03  4.7339757e-03  5.7633167e-03  2.5019783e-03  1.0593182e-03
  9.5702028e-04 -2.6588465e-04  1.1812286e-03  1.4076246e-03  1.3282440e-03
  5.3501218e-04 -1.4030474e-03  1.0642368e-04  1.1359990e-03  2.0529411e-03
  5.4523732e-03  7.7439526e-03  1.1636643e-02  1.2438672e-02  1.2945895e-02
  1.2156434e-02  1.0266878e-02  5.6548589e-03  1.3152725e-03 -4.8061258e-05
 -2.4864622e-03 -4.1933932e-03 -5.1251377e-03 -4.6669460e-03 -4.4725287e-03
 -3.3777095e-03 -3.8241090e-03  3.9530481e-04  3.1567596e-03  6.1794597e-03
  7.1566665e-03  6.5485888e-03  4.4131018e-03  2.4135363e-03  1.6740368e-03
 -2.2416174e-03 -2.9961675e-03 -2.7331689e-03  2.4110537e-04  3.6542072e-03
  8.9601080e-03  1.0939503e-02  1.0806219e-02  9.5058108e-03  6.8326894e-03
  5.7257677e-03  5.0196279e-03  4.6489472e-03  6.9203556e-03  1.0820649e-02
  1.3878105e-02  1.4349330e-02  1.1385592e-02  7.9968657e-03  4.9701314e-03
  4.0940899e-03  3.2017564e-03  3.3274372e-03  4.5268352e-03  3.5072693e-03
  7.7998107e-04  6.5073159e-04  4.0177505e-04  2.6036091e-03  4.7159770e-03
  3.9777188e-03  4.5983646e-03  2.0001862e-03  2.0627163e-04 -2.6740524e-03
 -4.2684914e-03 -3.5989697e-03 -3.0316995e-03 -6.8198110e-04  5.9796118e-04
  2.5328554e-03  1.3812162e-03 -2.1375041e-03 -1.8063895e-03 -4.0166643e-03
 -6.3070024e-03 -8.0749119e-03 -9.8200127e-03 -1.0812891e-02 -1.1486291e-02
 -1.1996462e-02 -1.3215876e-02 -1.3475616e-02 -1.5201322e-02 -1.5885429e-02
 -1.7536347e-02 -1.7184130e-02 -1.4023336e-02 -1.1260842e-02 -7.6340983e-03
 -4.5938649e-03 -3.2667691e-03 -4.5920030e-03 -4.1555338e-03 -4.2680259e-03
 -4.4889758e-03 -5.4300299e-03 -9.6003041e-03 -1.0190383e-02 -1.0350510e-02
 -5.6080001e-03 -9.1107698e-05  2.6349517e-03  4.3465376e-03  7.9593167e-04
 -2.5767661e-03 -2.6917408e-03 -8.7158839e-04 -3.5997455e-04 -7.4925910e-04
 -2.0831976e-03 -3.2579249e-03 -1.7755124e-03 -2.6903443e-04  7.4221477e-04
  2.5489922e-03  4.6962715e-03  2.8776242e-03  2.2425484e-03  1.2153175e-03
 -1.0191469e-03 -1.2776614e-03 -2.1857593e-03 -2.5021335e-03 -3.4791851e-03
 -5.1121041e-03 -4.8442955e-03 -4.9989915e-03 -4.6517401e-03 -2.9227761e-03
 -1.0192866e-03 -4.2360626e-04 -3.9617372e-04  3.5134758e-06  1.3901224e-04
  2.8234728e-04 -4.8241245e-05  6.4724045e-04 -1.0894506e-03 -2.2777700e-04
 -1.8859874e-04 -1.0800478e-03 -3.3445050e-03 -4.2270633e-03 -3.7035485e-03
 -3.6532762e-03 -1.8240780e-03 -2.1326941e-03 -9.4029388e-05  1.8219057e-03
  4.3128675e-03  7.3867709e-03  6.7620910e-03  5.2187001e-03  2.2319974e-03
  1.1311425e-04  4.4850967e-04  7.9605580e-04  2.5697839e-03  5.4354606e-03
  8.5368276e-03  1.1461776e-02  1.2775683e-02  1.1272479e-02  8.4311626e-03
  8.3053267e-03  7.4759888e-03  5.7617651e-03  5.1642384e-03  2.2189638e-03
  1.0957346e-03  6.5841208e-04 -7.1943707e-04  3.8417974e-04 -3.2509426e-04
 -1.0574408e-03 -2.4818073e-03 -3.3181275e-03 -3.9271362e-03 -3.4070350e-03
 -2.5080296e-03 -3.7752331e-03 -1.6596068e-03  3.8686403e-04  2.7795621e-03
  4.4278422e-03  5.2767304e-03  4.8281587e-03  2.1457276e-03 -1.7506866e-03
 -3.9508759e-03 -4.7218731e-03 -6.7184906e-03 -5.5538488e-03 -1.6369532e-03
  1.8849012e-03  4.4135673e-03  6.7613151e-03  5.8483452e-03  2.6819656e-03
 -2.9887198e-03 -8.3019131e-03 -8.0665332e-03 -5.5419013e-03 -7.0899471e-03
 -7.5126069e-03 -3.2154106e-03 -5.7169235e-03 -5.7830222e-03 -2.4211392e-03
 -2.2686155e-03 -3.2853884e-03 -1.8127512e-03 -3.7182889e-04 -3.6228646e-04
  5.1105525e-04  2.3578333e-03  5.0970535e-03  8.0905833e-03  8.5784108e-03
  8.0252603e-03  1.0513274e-02  1.0781083e-02  1.0019550e-02  8.0393800e-03
  4.3848624e-03  3.4566867e-03  3.5306987e-03  5.5018697e-03  9.1146488e-03
  7.4758336e-03  7.5206753e-03  7.3352573e-03  4.7982125e-03  3.2647520e-03
  2.0842837e-03  1.3537836e-03  1.3384226e-03  2.7572189e-03  2.3421620e-03
  2.2481342e-03  5.7681267e-03  8.0621887e-03  1.0277584e-02  1.0372698e-02
  8.3805800e-03  7.7883288e-03  5.2537665e-03  1.8413009e-03  1.9657404e-03
  3.5162687e-03  4.5969681e-03  5.2644727e-03  4.6697389e-03  4.2101507e-03
  4.0874180e-03 -8.5259663e-04 -5.0447641e-03 -6.9749725e-03 -8.5382240e-03
 -8.4322488e-03 -9.8996105e-03 -8.8187559e-03 -6.6323760e-03 -4.3493305e-03
 -4.3176775e-03 -6.4601468e-03 -7.2671415e-03 -6.8863753e-03 -7.7538829e-03
 -5.9788360e-03 -2.3492994e-03 -7.9236295e-04 -1.6164719e-03 -4.1997548e-03
 -6.8627907e-03 -8.5715837e-03 -1.0434452e-02 -1.2179863e-02 -1.2744340e-02
 -1.2145262e-02 -8.7663113e-03 -3.5004422e-03  2.9742897e-04  2.9584633e-03
  4.1240361e-03  2.7642012e-03  3.6129343e-03  5.3138140e-03  6.0846561e-03
  4.9254449e-03  4.4202393e-03  3.9806669e-03  5.1512048e-03  6.4708529e-03
  8.5014508e-03  1.2467688e-02  1.6785365e-02  1.8228367e-02  6.0862077e-03
 -1.8546448e-02 -4.5881239e-02 -6.4509923e-02 -6.3166224e-02 -2.5317693e-02
  2.4459650e-02  5.3620692e-02  6.3222083e-02  4.4383931e-02 -4.7297863e-03
 -4.1735326e-02 -4.6124843e-02 -2.3295939e-02  1.4109296e-02  4.0607302e-02
  4.2964204e-02  2.6787072e-02  6.6568915e-03 -6.8638769e-03 -8.5160359e-03
 -6.1403590e-03 -8.5048643e-03 -1.1908175e-02 -1.3646449e-02 -1.3853745e-02
 -8.6877997e-03  6.7749694e-04  8.5940821e-03  1.1658676e-02  1.2339679e-02
  8.7936198e-03  2.8332480e-03 -1.7592205e-03 -3.6374498e-03 -3.9608062e-03
 -1.7241540e-03  2.3873140e-03  8.2091266e-03  9.7698956e-03  9.0383094e-03
  3.4326367e-03 -4.2674052e-03 -9.6159754e-03 -1.1315148e-02 -7.5306056e-03
 -2.0180298e-03  8.8815963e-04  8.4656085e-04 -2.9066394e-04 -4.2849385e-03
 -3.3147140e-03 -3.5272851e-04  3.4151034e-03  1.9230710e-03 -2.7223076e-03
 -8.9071979e-03 -1.1473568e-02 -8.4184394e-03 -1.0211330e-03  6.7037503e-03
  7.5361914e-03  5.2542320e-03 -4.1823768e-04 -4.5781936e-03 -6.3540164e-03
 -4.0070443e-03 -5.3834815e-04  3.1601732e-03  5.1918571e-03  4.7775761e-03
  2.1595370e-03  1.6152306e-03  3.6911356e-03  2.9592391e-03  1.4671446e-03
 -3.8979658e-03 -7.2101972e-03 -8.4265078e-03 -7.4541110e-03 -1.2423156e-03
  4.8031777e-03  7.2987944e-03  7.5341743e-03  4.3380037e-03 -1.1538115e-03
 -6.0472622e-03 -9.6935561e-03 -1.1325699e-02 -1.3418672e-02 -1.2844420e-02
 -9.8736986e-03 -7.4260268e-03 -4.2442862e-03 -2.6763798e-03 -1.0860370e-03
 -1.1082872e-03 -3.6691027e-03 -5.0691244e-03 -8.5075021e-03 -9.3815265e-03
 -8.7102981e-03 -5.3339850e-03 -7.0162454e-04  2.5848345e-03  5.8255365e-03
  6.9113563e-03  4.8480194e-03  1.8490589e-03 -4.2923862e-03 -7.6058589e-03
 -7.9813496e-03 -7.6579931e-03 -4.8148148e-03 -1.6453320e-03  1.7961489e-03
  6.9411473e-04  1.0908936e-03 -1.0546634e-03 -2.4928238e-03 -2.4546541e-03
 -3.7128582e-03 -5.0699002e-03 -1.2337507e-03  3.1704138e-03  6.6945957e-03
  9.6498006e-03  9.6335087e-03  1.1027634e-02  9.5459976e-03  6.9358718e-03
  6.2224394e-03  6.0078512e-03  5.1918571e-03  3.7195302e-03  3.0653695e-04
 -1.1386368e-03 -2.8341790e-03 -3.6650685e-03 -1.4016044e-03  2.6774659e-03
  6.4803178e-03  9.3082903e-03  1.0864404e-02  1.1582802e-02  1.2712067e-02
  1.3846297e-02  1.2819904e-02  1.2068457e-02  1.0597682e-02  7.1664417e-03
  4.6419650e-03  2.1797080e-03  2.3441791e-03 -4.9273069e-05  1.7222920e-04
  6.5416065e-04  1.8796258e-03  3.8878803e-03  4.4062747e-03  3.6402427e-03
  3.1614145e-03  8.3033096e-04 -1.3414948e-03 -1.4431876e-03 -4.2799733e-04
  2.8825893e-03  4.5456097e-03  7.2188863e-03  6.8762898e-03  7.2589179e-03
  4.3620537e-03  1.9708607e-03  9.9076789e-05 -3.3234030e-03 -5.5316607e-03
 -8.2760012e-03 -8.1129265e-03 -7.1755962e-03 -8.7822930e-03 -1.1806234e-02
 -1.4518612e-02 -1.6366429e-02 -1.6912598e-02 -1.5961458e-02 -1.3471893e-02
 -1.0054307e-02 -4.9729243e-03 -2.4521715e-03 -2.2070164e-03 -2.2607023e-03
 -3.7729057e-03 -7.3101212e-03 -7.7617961e-03 -9.1649211e-03 -9.4636069e-03
 -8.7919130e-03 -1.0459588e-02 -9.2013840e-03 -8.1909727e-03 -6.4356313e-03
 -4.7490264e-03 -1.8031312e-03  3.1924467e-04 -1.6156961e-03 -2.1224534e-03
 -3.5088209e-03 -3.5680926e-03 -5.0100079e-03 -4.6393272e-03 -2.5320796e-03
 -2.3047681e-03 -1.6220578e-03  2.0746637e-04  2.7916647e-03  8.4316281e-04
  7.3191205e-04 -1.5787677e-04 -1.7280330e-04  1.9452590e-03  3.7865599e-03
  4.9038775e-03  3.6450527e-03  2.6557433e-03  2.6496920e-03  1.1847973e-03
  7.0171764e-04  2.5184254e-03  3.1676209e-03  3.9608062e-03  5.8722401e-03
  8.3549784e-03  8.5341898e-03  8.7289174e-03  8.6877997e-03  9.6994523e-03
  1.0772394e-02  9.9863458e-03  8.9857096e-03  1.0649506e-02  1.0642058e-02
  9.7391736e-03  9.2570870e-03  8.9858648e-03  9.3729926e-03  8.3798042e-03
  7.2389021e-03  8.3419448e-03  7.9306118e-03  7.6927493e-03  6.4000993e-03
  4.7927819e-03  6.0557961e-03  6.2663501e-03  6.8703936e-03  4.8366926e-03
  9.5144998e-04 -3.6284504e-03 -6.0443141e-03 -8.3160328e-03 -9.2158141e-03
 -7.8564446e-03 -7.2767615e-03 -7.7642787e-03 -7.6358051e-03 -5.9886111e-03
 -5.1245171e-03 -4.3994476e-03 -5.2801440e-03 -4.7336654e-03 -4.2399417e-03
 -2.5494577e-03 -1.6156961e-03 -2.2081025e-04  4.3591056e-04 -1.7761331e-03
 -4.4894413e-03 -5.9170817e-03 -7.0610871e-03 -5.8973762e-03 -2.9353442e-03
 -2.0878524e-03 -6.5566572e-04  4.8394855e-04  3.9170507e-03  4.6441372e-03
  3.8419526e-03  2.2962342e-04 -5.4576487e-03 -9.0232587e-03 -9.7193129e-03
 -1.0468432e-02 -1.0154075e-02 -8.6555261e-03 -8.5161911e-03 -6.1865972e-03
 -4.4989061e-03 -4.1454483e-03 -4.2756288e-04  2.1067821e-03  3.6667753e-03
  2.2759081e-03 -2.6310726e-04 -9.2542941e-04 -3.6670856e-03 -4.9040326e-03
 -5.6458595e-03 -4.6984437e-03 -2.9309997e-03 -1.0806995e-03 -8.4865553e-04
 -1.3143881e-03 -1.5168893e-03 -2.5818865e-03 -3.3108349e-03 -3.2495462e-03
 -3.0748344e-03  3.7161166e-04  2.0918866e-03  4.1735326e-03  8.7177458e-03
  1.0087356e-02  1.0191314e-02  8.4801936e-03  6.9946780e-03  5.5265404e-03
  2.4822728e-03 -2.4686186e-04 -1.7258608e-04 -6.7628668e-04 -4.9251346e-04
  1.8681438e-03  4.1099164e-03  5.8190197e-03  7.6390634e-03  6.7841239e-03
  4.9932505e-03  3.7097550e-03  2.1592267e-03  3.5879533e-03  3.2771649e-03
  4.1186054e-03  4.6193114e-03  1.5047712e-03 -2.7192043e-04 -2.9386026e-03
 -4.0067340e-03 -4.6030194e-03 -1.6727955e-03  9.1951776e-04  9.6023212e-04
  8.7925336e-04 -3.0290617e-03 -3.9783395e-03 -3.1268134e-03 -1.0663160e-03
  1.2674983e-03  2.2385142e-03  3.7063414e-04 -5.0557805e-04 -2.4259492e-03
 -3.2088939e-03 -3.0081149e-03 -3.0174246e-03 -2.1474344e-03 -3.1077286e-03
 -4.4477028e-03 -4.5179910e-03 -4.2022374e-03 -4.6328104e-03 -4.6515850e-03
 -4.1885832e-03 -3.6050210e-03 -5.6334466e-03 -4.5617465e-03 -3.7159615e-03
 -3.8071964e-03 -3.9859424e-03 -4.6846344e-03 -5.2671104e-03 -4.7193905e-03
 -3.9055687e-03 -3.5386119e-03 -1.4376018e-03  2.9195178e-03  5.1119490e-03
  3.8497106e-03  4.0788841e-03  1.3181275e-03 -7.8991140e-05  1.3013390e-03
  2.2025167e-03  2.8211454e-03  1.9094167e-05 -1.8534035e-03 -9.0285342e-04
 -1.2439603e-03 -1.3571506e-04  1.2968394e-03  2.4566712e-03  3.6849292e-03
  4.4837003e-03  6.6207389e-03  5.4298748e-03  5.1046564e-03  4.8852581e-03
  4.4852519e-03  5.5145929e-03  7.4406120e-03  1.1266117e-02  1.3627519e-02
  1.4364226e-02  1.3953669e-02  1.0329253e-02  5.4425980e-03 -2.2088783e-03
 -9.8107030e-03 -1.2535959e-02 -1.2429208e-02 -9.1855576e-03 -4.0124750e-03
  1.0177039e-03  3.5441977e-03  3.7590963e-03  2.2743565e-04 -3.1516393e-03
 -5.2778166e-03 -8.0128474e-03 -6.9776102e-03 -5.9571134e-03 -4.1665503e-03
  6.7146116e-04  3.6929976e-03  3.6992040e-03  1.3739701e-04 -5.1225000e-03
 -1.1442846e-02 -1.5000388e-02 -1.5958355e-02 -1.3943583e-02 -9.2080560e-03
 -4.2124781e-03 -1.2108179e-03 -2.8833651e-04  4.5772626e-04 -9.4662446e-04
 -3.6974972e-03 -5.7668854e-03 -6.1293426e-03 -7.8418595e-03 -6.9895576e-03
 -2.9991156e-03 -1.8442489e-04  1.6988627e-03  9.3269096e-04  4.8428990e-04
 -1.1450915e-03 -2.3668327e-03 -1.0307840e-03  2.4510854e-03  5.2118730e-03
  6.2571956e-03  7.8545827e-03  9.4853295e-03  9.5365328e-03  9.4660895e-03
  9.5061211e-03  7.4446462e-03  6.3090195e-03  4.8379339e-03  5.4351503e-03
  5.6304985e-03  6.2489721e-03  7.4893327e-03  6.3572747e-03  4.7102360e-03
  4.1378454e-03  1.8307499e-03  1.3564214e-03  1.4493475e-03  2.1249360e-03
  4.3969650e-03  5.8964453e-03  7.2480566e-03  8.7615013e-03  7.6482180e-03
  4.3845521e-03  2.9455849e-03  1.3315490e-03  7.7532623e-04 -8.7365203e-04
 -1.6763643e-03 -1.7986315e-03 -1.3983770e-03 -1.8540241e-03 -8.8814411e-04
 -4.4127915e-04 -1.7446353e-03 -2.1177986e-03 -1.6388152e-03 -9.9287809e-04
 -5.7482661e-04 -1.2267374e-04 -6.6578225e-04 -2.8287483e-03 -5.2812301e-03
 -3.9876491e-03 -3.3486943e-03 -1.9039861e-03 -8.5810486e-04 -1.5828019e-03
 -2.5837484e-03 -2.9120700e-03 -3.9710469e-03 -5.0062840e-03 -2.8725038e-03
 -1.1199863e-03  8.7596394e-04 -5.6053624e-04 -4.7201663e-03 -9.9796739e-03
 -1.3037751e-02 -8.9385406e-03 -1.1096681e-03  4.8615184e-03  5.4092383e-03
  6.7014228e-04 -6.8727211e-03 -1.1993514e-02 -1.0169281e-02 -5.0553151e-03
 -1.4090832e-03 -7.9138544e-04 -3.4976493e-03 -3.7091344e-03 -2.7837515e-03
  2.5586122e-04  3.0683176e-03  2.4904964e-03 -1.5302022e-03 -4.8733107e-03
 -4.6252075e-03 -4.6113982e-04  3.5052522e-03  3.6549830e-03 -8.4305420e-04
 -5.2123384e-03 -8.9318686e-03 -7.4077177e-03 -8.3712703e-04  3.6178994e-03
  5.9541653e-03  3.2635107e-03  1.2886779e-03  2.2445655e-03  3.4912877e-03
  4.4019302e-03  4.8556223e-03  3.5668513e-03  3.7580102e-03  3.1252618e-03
  2.2144641e-03  2.1631057e-03  1.1277755e-03  7.1754410e-04  1.1163711e-03
 -6.6278763e-04 -1.7705473e-03 -3.0137008e-03 -5.2273891e-03 -4.5555400e-03
 -3.3261959e-03 -1.1657279e-03 -6.4171671e-04 -1.3593694e-03 -1.3813248e-03
 -3.7510279e-03 -4.2064268e-03 -2.8005089e-03 -6.0508309e-04  1.1472948e-03
  2.7528744e-04  7.1940604e-04  1.2424242e-03  2.0773014e-03  2.8725038e-03
  2.4001924e-03  2.9311549e-03  6.5906376e-04 -6.5423823e-04 -2.1424692e-03
 -3.6959456e-03 -4.3423482e-03 -4.7038744e-03 -3.3029217e-03 -2.1578302e-03
 -3.1817406e-04  1.3879036e-03  3.7756986e-03  6.7479713e-03  9.7978246e-03
  8.9462986e-03  7.6722680e-03  7.6716473e-03  5.3021769e-03  4.1592577e-03
  3.5697994e-03  3.7995935e-03  3.0375956e-03  7.6174960e-04 -1.0955174e-03
 -3.5280609e-03 -3.1587767e-03 -3.1350370e-03 -9.7844808e-04  6.5648808e-04
  2.1056960e-03  2.2922000e-03  6.4084780e-04  3.5623516e-04  1.0894351e-04
  8.8660802e-04  1.6509178e-03  2.2774597e-03  1.9433971e-03  1.4964235e-03
  1.1255566e-03  2.2819594e-03  2.8588496e-03  1.6997936e-03  1.4665394e-03
  1.2406554e-03  2.9482226e-03  2.0172540e-03  1.5773713e-03  2.1649676e-03
  4.2106161e-04  5.7842635e-05 -5.3156760e-04  2.8307654e-05  5.5045074e-04
  1.1775823e-03  1.2822542e-03  1.0602957e-03 -7.1642694e-05  2.0385111e-04
  8.9056463e-04  3.9344288e-04  8.8463747e-04  5.9630095e-04 -1.3718754e-03
 -2.1451070e-03 -1.7516176e-03 -8.2801905e-04  1.6273332e-03  9.0271377e-04
  1.7399804e-03  1.7257056e-03 -6.4623190e-05 -1.0467036e-04 -1.4460736e-04
  7.5605518e-04 -3.6096759e-04  1.2948378e-03  2.2341697e-03  2.7991125e-03
  1.3818989e-03 -1.4155068e-03 -2.1319183e-03 -7.1073252e-03 -9.6055796e-03
 -6.2758150e-03 -3.5376810e-03 -2.1643470e-03  1.2890968e-03  4.3378485e-03
  1.9160887e-03 -2.8186628e-04 -2.1222983e-03 -3.6081243e-03 -2.1236947e-03
 -4.3578644e-03 -2.9367407e-03  1.8122857e-03  2.7289795e-03  1.0433831e-03
 -5.3463979e-04 -1.6232990e-03 -2.8770035e-03 -2.7739763e-03 -1.8769880e-04
 -1.6349362e-04 -8.4580056e-04  4.1758600e-04  1.9545687e-03  2.8559016e-03
  5.7384909e-04  1.4497044e-03  8.5247250e-05 -7.5352604e-04 -2.3193533e-03
 -3.5412497e-03 -2.5522506e-03 -2.8981055e-03 -3.0807305e-03 -3.5206132e-03
 -1.5618551e-03  3.8348151e-04  3.6872566e-04 -2.5969371e-04 -2.3480582e-03
 -4.8373132e-03 -3.0880231e-03 -1.8467315e-03 -1.3580661e-03 -2.0481311e-03
 -3.8815187e-03 -5.7464041e-03 -6.6353241e-03 -6.6469612e-03 -6.3319834e-03
 -4.1373799e-03  1.4197117e-04  5.9834908e-03  9.2398641e-03  1.0974569e-02
  1.3280889e-02  1.8678335e-02  2.6112120e-02  3.3083523e-02  4.0881938e-02
  3.6320191e-02  2.1042995e-02 -1.0384956e-02 -4.9898369e-02 -6.6286521e-02
