Scaled from
PEER NGA STRONG MOTION DATABASE RECORD
ACCELERATION TIME SERIES IN UNITS OF G
NPTS= 2989.000000, DT= 0.005000, Scalar= 1.000000
  1.5025225e-01  1.6776610e-01  1.7553793e-01  1.7701319e-01  1.6819224e-01
  1.4692719e-01  1.1385439e-01  7.2682973e-02  2.9489776e-02 -8.9182114e-03
 -3.6896618e-02 -5.1559335e-02 -5.3422511e-02 -4.5899102e-02 -3.3898337e-02
 -2.2220524e-02 -1.4348748e-02 -1.2071278e-02 -1.5832601e-02 -2.5375502e-02
 -4.0160520e-02 -5.9277661e-02 -8.1028091e-02 -1.0255303e-01 -1.2006688e-01
 -1.2981655e-01 -1.2949360e-01 -1.1950506e-01 -1.0327155e-01 -8.6422702e-02
 -7.4953182e-02 -7.3061341e-02 -8.1584177e-02 -9.7563539e-02 -1.1519014e-01
 -1.2768775e-01 -1.2948022e-01 -1.1789413e-01 -9.3984330e-02 -6.2279763e-02
 -2.9617810e-02 -3.4186891e-03  1.0230269e-02  8.2237722e-03 -8.6004204e-03
 -3.5524556e-02 -6.5172941e-02 -8.9602522e-02 -1.0262756e-01 -1.0160329e-01
 -8.7896044e-02 -6.5891458e-02 -4.0961208e-02 -1.7282438e-02  3.4551882e-03
  2.1916683e-02  3.9747755e-02  5.7773744e-02  7.4869100e-02  8.8150201e-02
  9.4452513e-02  9.2247277e-02  8.2895089e-02  7.0462450e-02  6.0013377e-02
  5.5404166e-02  5.7414485e-02  6.3374737e-02  6.8306899e-02  6.7030384e-02
  5.6158991e-02  3.5213071e-02  6.4318746e-03 -2.6346264e-02 -5.9008217e-02
 -8.8087139e-02 -1.1109497e-01 -1.2624689e-01 -1.3234474e-01 -1.2879992e-01
 -1.1597936e-01 -9.5566597e-02 -7.0472005e-02 -4.4171603e-02 -1.9694248e-02
  1.2484999e-03  1.8695777e-02  3.4106631e-02  4.9499331e-02  6.6495318e-02
  8.5650678e-02  1.0626600e-01  1.2660615e-01  1.4428817e-01  1.5660998e-01
  1.6082171e-01  1.5454806e-01  1.3648576e-01  1.0719473e-01  6.9822282e-02
  3.0149054e-02 -4.4118097e-03 -2.6768584e-02 -3.2535830e-02 -2.1954902e-02
 -3.2149818e-04  2.3365182e-02  3.9396140e-02  4.0867571e-02  2.6441812e-02
  1.1824002e-03 -2.5111791e-02 -4.1566979e-02 -4.0676476e-02 -2.1849799e-02
  7.4683738e-03  3.3772215e-02  4.2111599e-02  2.1830690e-02 -2.8706287e-02
 -1.0029429e-01 -1.7503917e-01 -2.3179820e-01 -2.5337283e-01 -2.3242882e-01
 -1.7425760e-01 -9.5234091e-02 -1.7193388e-02  3.9677049e-02  6.3174088e-02
  5.2293140e-02  1.6489203e-02 -2.8431110e-02 -6.5977451e-02 -8.4156316e-02
 -7.8413912e-02 -5.1933881e-02 -1.3546914e-02  2.5635391e-02  5.5782534e-02
  7.1066310e-02  7.0955475e-02  5.9852857e-02  4.5192050e-02  3.4450602e-02
  3.1935792e-02  3.6384483e-02  4.0729983e-02  3.4291993e-02  7.1725588e-03
 -4.4827059e-02 -1.1685840e-01 -1.9510797e-01 -2.6063444e-01 -2.9606344e-01
 -2.9212689e-01 -2.5142366e-01 -1.8758074e-01 -1.2004968e-01 -6.7026562e-02
 -3.9180203e-02 -3.7074336e-02 -5.2818651e-02 -7.4731512e-02 -9.2476591e-02
 -1.0036308e-01 -9.7775655e-02 -8.7261609e-02 -7.2000764e-02 -5.4326390e-02
 -3.5631569e-02 -1.7344544e-02 -1.5147716e-03  9.7303650e-03  1.5696923e-02
  1.8426333e-02  2.2522454e-02  3.3032677e-02  5.2272119e-02  7.7534875e-02
  1.0134340e-01  1.1465316e-01  1.1164533e-01  9.3504682e-02  6.8851519e-02
  5.0145232e-02  4.7567361e-02  6.3563921e-02  9.0942098e-02  1.1587044e-01
  1.2430346e-01  1.0881903e-01  7.2090579e-02  2.5415632e-02 -1.6967705e-02
 -4.4785018e-02 -5.6227785e-02 -5.7951462e-02 -6.0758647e-02 -7.3632715e-02
 -9.9231798e-02 -1.3315116e-01 -1.6695968e-01 -1.9291038e-01 -2.0758647e-01
 -2.1245939e-01 -2.1152303e-01 -2.0764380e-01 -2.0000000e-01 -1.8451749e-01
 -1.5678578e-01 -1.1581502e-01 -6.6080642e-02 -1.6643417e-02  2.2742213e-02
  4.6294668e-02  5.5318173e-02  5.7930441e-02  6.5350659e-02  8.6491496e-02
  1.2336709e-01  1.6947258e-01  2.1188611e-01  2.3617428e-01  2.3189375e-01
  1.9686604e-01  1.3798968e-01  6.9184024e-02  6.7154596e-03 -3.6038601e-02
 -5.2812918e-02 -4.6122683e-02 -2.6055800e-02 -6.4183069e-03  4.7299828e-04
 -1.1472005e-02 -3.9638830e-02 -7.3590675e-02 -9.9214600e-02 -1.0460730e-01
 -8.5306707e-02 -4.6588955e-02 -1.6876170e-03  3.3453086e-02  4.6504873e-02
  3.3464552e-02 -6.5121345e-04 -4.4937894e-02 -8.8224728e-02 -1.2404357e-01
 -1.5265049e-01 -1.7913434e-01 -2.0896235e-01 -2.4347411e-01 -2.7811963e-01
 -3.0378368e-01 -3.1154214e-01 -2.9721001e-01 -2.6378750e-01 -2.2054271e-01
 -1.7879610e-01 -1.4717944e-01 -1.2812918e-01 -1.1763998e-01 -1.0799350e-01
 -9.1855532e-02 -6.5698452e-02 -3.0896235e-02  7.2682973e-03  4.2325626e-02
  6.8903115e-02  8.3963310e-02  8.6567934e-02  7.6971145e-02  5.5889547e-02
  2.4546149e-02 -1.4727307e-02 -5.7922798e-02 -9.9625454e-02 -1.3411045e-01
 -1.5695968e-01 -1.6625836e-01 -1.6290655e-01 -1.4972482e-01 -1.2991974e-01
 -1.0589337e-01 -7.8593541e-02 -4.8037455e-02 -1.4039366e-02  2.2921842e-02
  6.1402637e-02  9.9262373e-02  1.3417543e-01  1.6407797e-01  1.8727499e-01
  2.0240780e-01  2.0838907e-01  2.0458628e-01  1.9119052e-01  1.6957004e-01
  1.4244219e-01  1.1337665e-01  8.6134149e-02  6.3776037e-02  4.8069941e-02
  3.9178292e-02  3.5654500e-02  3.4788840e-02  3.3135869e-02  2.7370533e-02
  1.5233900e-02 -3.4012994e-03 -2.5883814e-02 -4.7015097e-02 -6.0223581e-02
 -5.9713358e-02 -4.2612268e-02 -1.0384292e-02  3.1236384e-02  7.3867762e-02
  1.0897000e-01  1.3023887e-01  1.3485572e-01  1.2337474e-01  9.8530480e-02
  6.3858208e-02  2.2776610e-02 -2.1465698e-02 -6.5438563e-02 -1.0535066e-01
 -1.3772215e-01 -1.6041659e-01 -1.7376075e-01 -1.8046627e-01 -1.8442958e-01
 -1.8844831e-01 -1.9237531e-01 -1.9231798e-01 -1.8236193e-01 -1.5718517e-01
 -1.1517103e-01 -5.9824193e-02  1.0824957e-03  5.8379515e-02  1.0494554e-01
  1.3810243e-01  1.5974393e-01  1.7442958e-01  1.8645519e-01  1.9764953e-01
  2.0695586e-01  2.1171412e-01  2.1001338e-01  2.0217848e-01  1.9077011e-01
  1.7910376e-01  1.6884770e-01  1.5875406e-01  1.4497802e-01  1.2335945e-01
  9.2260654e-02  5.4790751e-02  1.8583604e-02 -6.3617428e-03 -1.1526084e-02
  6.6319511e-03  4.4909230e-02  9.4196446e-02  1.4252819e-01  1.7908274e-01
  1.9753487e-01  1.9757309e-01  1.8423658e-01  1.6543474e-01  1.4894898e-01
  1.4003631e-01  1.4025033e-01  1.4792280e-01  1.5960443e-01  1.7196255e-01
  1.8313396e-01  1.9340722e-01  2.0481559e-01  2.2010319e-01  2.4163959e-01
  2.7041850e-01  3.0552264e-01  3.4442958e-01  3.8354672e-01  4.1899484e-01
  4.4731512e-01  4.6630996e-01  4.7525320e-01  4.7504300e-01  4.6791515e-01
  4.5656411e-01  4.4322568e-01  4.2860692e-01  4.1137015e-01  3.8889738e-01
  3.5849417e-01  3.1975922e-01  2.7611313e-01  2.3508504e-01  2.0638257e-01
  1.9850946e-01  2.1482897e-01  2.5104147e-01  2.9550927e-01  3.3275368e-01
  3.4874833e-01  3.3607873e-01  2.9667495e-01  2.4072234e-01  1.8228358e-01
  1.3378559e-01  1.0159946e-01  8.4844258e-02  7.7466081e-02  7.2589337e-02
  6.6426524e-02  6.0007644e-02  5.7995414e-02  6.5520734e-02  8.4844258e-02
  1.1392318e-01  1.4738009e-01  1.7914772e-01  2.0556086e-01  2.2660042e-01
  2.4521307e-01  2.6485763e-01  2.8723486e-01  3.1131282e-01  3.3397669e-01
  3.5234091e-01  3.6545003e-01  3.7510032e-01  3.8446398e-01  3.9617810e-01
  4.1047200e-01  4.2512899e-01  4.3661380e-01  4.4255685e-01  4.4343589e-01
  4.4270973e-01  4.4513663e-01  4.5440474e-01  4.7106822e-01  4.9231798e-01
  5.1343398e-01  5.3017390e-01  5.4091343e-01  5.4702847e-01  5.5193961e-01
  5.5887636e-01  5.6940569e-01  5.8270590e-01  5.9680871e-01  6.1020447e-01
  6.2319893e-01  6.3804701e-01  6.5792089e-01  6.8509459e-01  7.1956813e-01
  7.5879992e-01  7.9841391e-01  8.3363272e-01  8.6027135e-01  8.7508122e-01
  8.7555895e-01  8.5929677e-01  8.2413530e-01  7.6879419e-01  6.9378941e-01
  6.0231225e-01  4.9996178e-01  3.9354099e-01  2.8924135e-01  1.9134340e-01
  1.0134340e-01  1.8850182e-02 -5.7441238e-02 -1.2828779e-01 -1.9380852e-01
 -2.5371680e-01 -3.0848462e-01 -3.5988916e-01 -4.1117906e-01 -4.6588955e-01
 -5.2635200e-01 -5.9248997e-01 -6.6134149e-01 -7.2801452e-01 -7.8757883e-01
 -8.3661380e-01 -8.7446971e-01 -9.0296197e-01 -9.2526276e-01 -9.4429582e-01
 -9.6168546e-01 -9.7725970e-01 -9.8973820e-01 -9.9764953e-01 -1.0000000e+00
 -9.9671317e-01 -9.8819033e-01 -9.7492834e-01 -9.5708007e-01 -9.3453086e-01
 -9.0739538e-01 -8.7626600e-01 -8.4253774e-01 -8.0804510e-01 -7.7448882e-01
 -7.4309192e-01 -7.1446589e-01 -6.8893560e-01 -6.6707434e-01 -6.4995223e-01
 -6.3871584e-01 -6.3393847e-01 -6.3493216e-01 -6.3965221e-01 -6.4521307e-01
 -6.4953182e-01 -6.5230269e-01 -6.5595261e-01 -6.6459010e-01 -6.8264858e-01
 -7.1238295e-01 -7.5268488e-01 -7.9881521e-01 -8.4353144e-01 -8.7941907e-01
 -9.0064972e-01 -9.0418498e-01 -8.8966176e-01 -8.5845595e-01 -8.1270782e-01
 -7.5459583e-01 -6.8656602e-01 -6.1175234e-01 -5.3424422e-01 -4.5881903e-01
 -3.8996751e-01 -3.3097650e-01 -2.8295433e-01 -2.4486910e-01 -2.1421747e-01
 -1.8772788e-01 -1.6220333e-01 -1.3496274e-01 -1.0419453e-01 -6.9373208e-02
 -3.1834512e-02  4.8647048e-03  3.5106058e-02  5.2423084e-02  5.1700745e-02
  3.1102618e-02 -6.6508695e-03 -5.5151921e-02 -1.0659469e-01 -1.5464361e-01
 -1.9623543e-01 -2.3145423e-01 -2.6128416e-01 -2.8511370e-01 -2.9942672e-01
 -2.9946493e-01 -2.8262947e-01 -2.5232180e-01 -2.1882285e-01 -1.9583413e-01
 -1.9361743e-01 -2.1146570e-01 -2.3395758e-01 -2.3411045e-01 -1.8313396e-01
 -6.3414867e-02  1.2134149e-01  3.4374164e-01  5.6036690e-01  7.2639022e-01
  8.1163768e-01  8.1075865e-01  7.4349322e-01  6.4544238e-01  5.5339194e-01
  4.9250908e-01  4.7017007e-01  4.7821517e-01  5.0141410e-01  5.2667686e-01
  5.4861456e-01  5.6950124e-01  5.9430537e-01  6.2484235e-01  6.5671699e-01
  6.8029811e-01  6.8553411e-01  6.6684502e-01  6.2585515e-01  5.7015097e-01
  5.0949742e-01  4.5113702e-01  3.9742022e-01  3.4639786e-01  2.9476400e-01
  2.4118097e-01  1.8798013e-01  1.4052169e-01  1.0458628e-01  8.3804701e-02
  7.8102427e-02  8.4399006e-02  9.8329830e-02  1.1611313e-01  1.3528951e-01
  1.5436461e-01  1.7169501e-01  1.8484235e-01  1.9074145e-01  1.8703803e-01
  1.7311485e-01  1.5060959e-01  1.2245175e-01  9.1161857e-02  5.7557806e-02
  2.0336327e-02 -2.2646665e-02 -7.2115421e-02 -1.2540990e-01 -1.7614944e-01
 -2.1534493e-01 -2.3435888e-01 -2.2797630e-01 -1.9635009e-01 -1.4521880e-01
 -8.3953755e-02 -2.2646665e-02  3.1091152e-02  7.3804701e-02  1.0672081e-01
  1.3421938e-01  1.6178483e-01  1.9342633e-01  2.3025033e-01  2.6994076e-01
  3.0783489e-01  3.3867762e-01  3.5878081e-01  3.6755207e-01  3.6772406e-01
  3.6428435e-01  3.6252628e-01  3.6590866e-01  3.7464170e-01  3.8601185e-01
  3.9570036e-01  4.0005733e-01  3.9764953e-01  3.8983375e-01  3.7934263e-01
  3.6831645e-01  3.5614370e-01  3.3886872e-01  3.1018536e-01  2.6411236e-01
  1.9797439e-01  1.1450793e-01  2.1861265e-02 -6.8389069e-02 -1.4482515e-01
 -1.9973247e-01 -2.3141601e-01 -2.4433403e-01 -2.4720046e-01 -2.4964647e-01
 -2.5899102e-01 -2.7800497e-01 -3.0477737e-01 -3.3409134e-01 -3.5985095e-01
 -3.7764189e-01 -3.8599274e-01 -3.8645137e-01 -3.8197974e-01 -3.7538697e-01
 -3.6808714e-01 -3.6019492e-01 -3.5142366e-01 -3.4238487e-01 -3.3533346e-01
 -3.3346073e-01 -3.3942289e-01 -3.5327728e-01 -3.7164151e-01 -3.8828588e-01
 -3.9636920e-01 -3.9130518e-01 -3.7274986e-01 -3.4469711e-01 -3.1381617e-01
 -2.8633671e-01 -2.6573667e-01 -2.5207338e-01 -2.4349322e-01 -2.3888783e-01
 -2.4003440e-01 -2.5171030e-01 -2.7939996e-01 -3.2547296e-01 -3.8589719e-01
 -4.4960826e-01 -5.0101280e-01 -5.2516721e-01 -5.1331932e-01 -4.6630996e-01
 -3.9428626e-01 -3.1289891e-01 -2.3755016e-01 -1.7862412e-01 -1.3890503e-01
 -1.1484808e-01 -9.9707625e-02 -8.7341869e-02 -7.4572903e-02 -6.1480986e-02
 -5.0185362e-02 -4.2780432e-02 -4.0321040e-02 -4.2767055e-02 -4.9617810e-02
 -6.0684120e-02 -7.5954519e-02 -9.5127078e-02 -1.1688324e-01 -1.3892222e-01
 -1.5878464e-01 -1.7516148e-01 -1.8868909e-01 -2.0147143e-01 -2.1549780e-01
 -2.3051787e-01 -2.4288171e-01 -2.4620676e-01 -2.3390025e-01 -2.0215937e-01
 -1.5233900e-01 -9.0668832e-02 -2.5836041e-02  3.4930250e-02  8.8654691e-02
  1.3741640e-01  1.8608829e-01  2.3841009e-01  2.9340722e-01  3.4395184e-01
  3.7869291e-01  3.8635582e-01  3.6036690e-01  3.0194917e-01  2.1996942e-01
  1.2793044e-01  3.9512708e-02 -3.5392700e-02 -9.2482324e-02 -1.3244984e-01
 -1.5884770e-01 -1.7566214e-01 -1.8591821e-01 -1.9153449e-01 -1.9417160e-01
 -1.9594879e-01 -1.9959870e-01 -2.0773935e-01 -2.2163195e-01 -2.4053124e-01
 -2.6193388e-01 -2.8238104e-01 -2.9910185e-01 -3.1098796e-01 -3.1909039e-01
 -3.2600803e-01 -3.3500860e-01 -3.4876744e-01 -3.6854577e-01 -3.9342633e-01
 -4.2040894e-01 -4.4454424e-01 -4.5971718e-01 -4.5992738e-01 -4.4098987e-01
 -4.0171985e-01 -3.4467800e-01 -2.7569272e-01 -2.0183451e-01 -1.2912479e-01
 -6.0319129e-02  5.6480031e-03  7.2832028e-02  1.4558188e-01  2.2616090e-01
  3.1261227e-01  3.9910185e-01  4.7750812e-01  5.4001529e-01  5.8159755e-01
  6.0103191e-01  6.0038219e-01  5.8390980e-01  5.5623925e-01  5.2167017e-01
  4.8369960e-01  4.4525129e-01  4.0859927e-01  3.7469903e-01  3.4270973e-01
  3.0959297e-01  2.7122110e-01  2.2394420e-01  1.6687942e-01  1.0323524e-01
  3.9766864e-02 -1.5458055e-02 -5.6252628e-02 -8.1007071e-02 -9.3317409e-02
 -1.0053315e-01 -1.1024842e-01 -1.2753105e-01 -1.5300210e-01 -1.8395758e-01
 -2.1675903e-01 -2.4945538e-01 -2.8287789e-01 -3.1951080e-01 -3.6057711e-01
 -4.0334416e-01 -4.4047392e-01 -4.6216320e-01 -4.6053889e-01 -4.3388114e-01
 -3.8872540e-01 -3.3814256e-01 -2.9675139e-01 -2.7475635e-01 -2.7349513e-01
 -2.8524747e-01 -2.9694248e-01 -2.9615899e-01 -2.7662908e-01 -2.4070323e-01
 -1.9732467e-01 -1.5725588e-01 -1.2761131e-01 -1.0878273e-01 -9.4937894e-02
 -7.7697306e-02 -5.0848462e-02 -1.3863940e-02  2.8010701e-02  6.6504873e-02
  9.4584368e-02  1.0986623e-01  1.1582649e-01  1.1976686e-01  1.2950315e-01
  1.4959679e-01  1.7959297e-01  2.1433212e-01  2.4601567e-01  2.6697879e-01
  2.7185171e-01  2.5887636e-01  2.3000191e-01  1.9032104e-01  1.4751768e-01
  1.1052169e-01  8.7982037e-02  8.6294668e-02  1.0765335e-01  1.4901395e-01
  2.0263711e-01  2.5836041e-01  3.0657367e-01  3.4095165e-01  3.5950697e-01
  3.6319511e-01  3.5360214e-01  3.3025033e-01  2.9013950e-01  2.2923753e-01
  1.4600612e-01  4.4393273e-02 -6.4880566e-02 -1.6638257e-01 -2.4441047e-01
 -2.8822855e-01 -2.9535639e-01 -2.7162240e-01 -2.2816740e-01 -1.7648576e-01
 -1.2434741e-01 -7.4311103e-02 -2.4995223e-02  2.5641124e-02  7.7242500e-02
  1.2569654e-01  1.6432066e-01  1.8655265e-01  1.8875597e-01  1.7160902e-01
  1.3942289e-01  9.8226639e-02  5.3510415e-02  9.0080260e-03 -3.3103382e-02
 -7.1138926e-02 -1.0280719e-01 -1.2497038e-01 -1.3434550e-01 -1.2871202e-01
 -1.0785974e-01 -7.3760749e-02 -2.9990445e-02  1.9122874e-02  6.9088477e-02
  1.1531817e-01  1.5308045e-01  1.7782534e-01  1.8626218e-01  1.7792089e-01
  1.5624498e-01  1.2869864e-01  1.0480604e-01  9.3059431e-02  9.7804319e-02
  1.1755398e-01  1.4570801e-01  1.7341869e-01  1.9338811e-01  2.0267533e-01
  2.0351615e-01  2.0149054e-01  2.0248423e-01  2.0974584e-01  2.2258743e-01
  2.3716797e-01  2.4849990e-01  2.5291420e-01  2.4920696e-01  2.3848653e-01
  2.2295051e-01  2.0460539e-01  1.8497802e-01  1.6537741e-01  1.4801452e-01
  1.3607300e-01  1.3299828e-01  1.4087713e-01  1.5894898e-01  1.8327919e-01
  2.0821708e-01  2.2891267e-01  2.4376075e-01  2.5520734e-01  2.6824002e-01
  2.8694821e-01  3.1075865e-01  3.3254347e-01  3.3963310e-01  3.1798204e-01
  2.5772979e-01  1.5825721e-01  2.9650296e-02 -1.0912096e-01 -2.3563921e-01
 -3.3055609e-01 -3.8310720e-01 -3.9336900e-01 -3.7099178e-01 -3.3128225e-01
 -2.8977642e-01 -2.5794000e-01 -2.4077967e-01 -2.3686222e-01 -2.4043570e-01
 -2.4393273e-01 -2.4064590e-01 -2.2612268e-01 -1.9860501e-01 -1.5862029e-01
 -1.0823046e-01 -5.0510224e-02  1.1053507e-02  7.2535830e-02  1.2982801e-01
  1.7888592e-01  2.1630040e-01  2.3988152e-01  2.4911141e-01  2.4548060e-01
  2.3210396e-01  2.1314733e-01  1.9281483e-01  1.7439710e-01  1.5956813e-01
  1.4822855e-01  1.3876744e-01  1.2887063e-01  1.1654309e-01  1.0090770e-01
  8.2564495e-02  6.3474107e-02  4.6105484e-02  3.2375311e-02  2.2673419e-02
  1.5404357e-02  7.3644181e-03 -5.0670743e-03 -2.4227021e-02 -4.9847124e-02
 -7.8304988e-02 -1.0335563e-01 -1.1793617e-01 -1.1636920e-01 -9.6437990e-02
 -6.0143321e-02 -1.3066310e-02  3.7618957e-02  8.5499713e-02  1.2661762e-01
  1.6015288e-01  1.8737627e-01  2.1026180e-01  2.2967705e-01  2.4496465e-01
  2.5429008e-01  2.5574240e-01  2.4871011e-01  2.3422511e-01  2.1454233e-01
  1.9208867e-01  1.6865087e-01  1.4511752e-01  1.2219377e-01  1.0148481e-01
  8.6115039e-02  8.0300019e-02  8.7817695e-02  1.1009364e-01  1.4491496e-01
  1.8673801e-01  2.2854959e-01  2.6457099e-01  2.9227976e-01  3.1274603e-01
  3.2897000e-01  3.4261418e-01  3.5186318e-01  3.5062106e-01  3.3084273e-01
  2.8662335e-01  2.1809669e-01  1.3351806e-01  4.7821517e-02 -2.1943436e-02
 -6.2403975e-02 -6.8496083e-02 -4.4958915e-02 -4.0550354e-03  3.9233709e-02
  7.2493789e-02  8.9291038e-02  8.9665584e-02  7.7854003e-02  5.9004395e-02
  3.6504873e-02  1.1200650e-02 -1.7541754e-02 -4.9862412e-02 -8.4049303e-02
 -1.1656029e-01 -1.4345882e-01 -1.6227976e-01 -1.7318173e-01 -1.7881903e-01
 -1.8264858e-01 -1.8706287e-01 -1.9222243e-01 -1.9621632e-01 -1.9673228e-01
 -1.9275750e-01 -1.8584751e-01 -1.7966367e-01 -1.7846169e-01 -1.8520543e-01
 -2.0021020e-01 -2.2147908e-01 -2.4584368e-01 -2.7060959e-01 -2.9443914e-01
 -3.1679725e-01 -3.3640359e-01 -3.4983757e-01 -3.5115612e-01 -3.3351806e-01
 -2.9216511e-01 -2.2744124e-01 -1.4640741e-01 -6.1832601e-02  1.1431684e-02
  6.1117906e-02  8.1872731e-02  7.6674947e-02  5.5677432e-02  3.2186127e-02
  1.7995987e-02  1.9657940e-02  3.7039939e-02  6.4421938e-02  9.3336518e-02
  1.1578444e-01  1.2646474e-01  1.2368431e-01  1.0878273e-01  8.4960826e-02
  5.5944965e-02  2.5274221e-02 -4.0888592e-03 -2.9814638e-02 -5.0374546e-02
 -6.5239824e-02 -7.5041085e-02 -8.1435123e-02 -8.6594688e-02 -9.2491878e-02
 -1.0025225e-01 -1.0990254e-01 -1.2076820e-01 -1.3201605e-01 -1.4338811e-01
 -1.5524556e-01 -1.6836423e-01 -1.8324861e-01 -1.9946493e-01 -2.1551691e-01
 -2.2919931e-01 -2.3825721e-01 -2.4123830e-01 -2.3772215e-01 -2.2811007e-01
 -2.1322377e-01 -1.9386585e-01 -1.7077011e-01 -1.4516530e-01 -1.1926046e-01
 -9.6451366e-02 -8.0940187e-02 -7.6332887e-02 -8.4385630e-02 -1.0364036e-01
 -1.2957768e-01 -1.5555513e-01 -1.7486146e-01 -1.8281101e-01 -1.7805274e-01
 -1.6256641e-01 -1.4044716e-01 -1.1603860e-01 -9.2168928e-02 -6.9522263e-02
 -4.6862221e-02 -2.2390598e-02  5.0128034e-03  3.4874833e-02  6.5318173e-02
  9.4141028e-02  1.2004395e-01  1.4344735e-01  1.6655456e-01  1.9235620e-01
  2.2323715e-01  2.5990827e-01  3.0074527e-01  3.4267151e-01  3.8215173e-01
  4.1666348e-01  4.4553793e-01  4.6986432e-01  4.9174470e-01  5.1297535e-01
  5.3426333e-01  5.5499713e-01  5.7387732e-01  5.8956621e-01  6.0160520e-01
  6.1026180e-01  6.1603287e-01  6.1868909e-01  6.1660615e-01  6.0680298e-01
  5.8562966e-01  5.5029620e-01  4.9984712e-01  4.3583031e-01  3.6204854e-01
  2.8337474e-01  2.0473916e-01  1.3012612e-01  6.2176572e-02  2.4699025e-03
 -4.8190331e-02 -8.9308236e-02 -1.2091917e-01 -1.4374164e-01 -1.5935028e-01
 -1.6997325e-01 -1.7788840e-01 -1.8469903e-01 -1.9079496e-01 -1.9552838e-01
 -1.9780241e-01 -1.9719090e-01 -1.9453468e-01 -1.9218422e-01 -1.9289127e-01
 -1.9875788e-01 -2.0997516e-01 -2.2440283e-01 -2.3816167e-01 -2.4721957e-01
 -2.4892031e-01 -2.4309192e-01 -2.3189375e-01 -2.1855532e-01 -2.0586662e-01
 -1.9464934e-01 -1.8332123e-01 -1.6888018e-01 -1.4856488e-01 -1.2164724e-01
 -9.0364991e-02 -5.9491687e-02 -3.4861456e-02 -2.1135104e-02 -2.0015288e-02
 -2.9587235e-02 -4.4928339e-02 -5.9784063e-02 -6.8434932e-02 -6.7376266e-02
 -5.5885725e-02 -3.5866616e-02 -1.1000573e-02  1.4340722e-02  3.6008026e-02
  5.0842729e-02  5.7219568e-02  5.5409899e-02  4.7697306e-02  3.8027900e-02
  3.1156125e-02  3.1341487e-02  4.1026180e-02  5.9978980e-02  8.5379324e-02
  1.1289318e-01  1.3829543e-01  1.5895853e-01  1.7448309e-01  1.8621059e-01
  1.9591057e-01  2.0443340e-01  2.1119817e-01  2.1465698e-01  2.1402637e-01
  2.1052933e-01  2.0789222e-01  2.1115995e-01  2.2409708e-01  2.4655074e-01
  2.7292184e-01  2.9300592e-01  2.9512708e-01  2.7049494e-01  2.1672081e-01
  1.3947067e-01  5.0812154e-02 -3.4763998e-02 -1.0508313e-01 -1.5398051e-01
 -1.8244984e-01 -1.9699981e-01 -2.0636346e-01 -2.1752341e-01 -2.3361361e-01
 -2.5325817e-01 -2.7213835e-01 -2.8524747e-01 -2.8912670e-01 -2.8297344e-01
 -2.6850755e-01 -2.4922607e-01 -2.2904644e-01 -2.1146570e-01 -1.9892987e-01
 -1.9300592e-01 -1.9434359e-01 -2.0301930e-01 -2.1865087e-01 -2.4072234e-01
 -2.6860310e-01 -3.0154787e-01 -3.3846742e-01 -3.7783298e-01 -4.1729410e-01
 -4.5407988e-01 -4.8551500e-01 -5.0976495e-01 -5.2660042e-01 -5.3728263e-01
 -5.4385630e-01 -5.4783107e-01 -5.4874833e-01 -5.4379897e-01 -5.2833938e-01
 -4.9751577e-01 -4.4834703e-01 -3.8108160e-01 -2.9967514e-01 -2.1064399e-01
 -1.2141984e-01 -3.8591630e-02  3.3240971e-02  9.1645328e-02  1.3612650e-01
  1.6771068e-01  1.8881139e-01  2.0334416e-01  2.1643417e-01  2.3355628e-01
  2.5857061e-01  2.9172559e-01  3.2841582e-01  3.5941143e-01  3.7355246e-01
  3.6145614e-01  3.1930059e-01  2.5098414e-01  1.6771259e-01  8.4777374e-02
  1.7066119e-02 -2.5295242e-02 -3.9468756e-02 -2.9791706e-02 -5.6009937e-03
  2.2040894e-02  4.3495127e-02  5.2495700e-02  4.6690235e-02  2.7097267e-02
 -3.0131856e-03 -3.9239442e-02 -7.6969234e-02 -1.1204281e-01 -1.4111408e-01
 -1.6190331e-01 -1.7298873e-01 -1.7361361e-01 -1.6338620e-01 -1.4201987e-01
 -1.0983566e-01 -6.8197974e-02 -2.0349704e-02  2.8673801e-02  7.2696350e-02
  1.0589719e-01  1.2476209e-01  1.2914581e-01  1.2207529e-01  1.0822473e-01
  9.1630040e-02  7.3628894e-02  5.2379132e-02  2.4077967e-02 -1.4569272e-02
 -6.3819989e-02 -1.1975540e-01 -1.7499522e-01 -2.2142175e-01 -2.5308618e-01
 -2.6864131e-01 -2.7139308e-01 -2.6785783e-01 -2.6478120e-01 -2.6665393e-01
 -2.7448882e-01 -2.8631760e-01 -2.9889165e-01 -3.0940187e-01 -3.1660615e-01
 -3.2061915e-01 -3.2189948e-01 -3.2008408e-01 -3.1362507e-01 -3.0001911e-01
 -2.7670552e-01 -2.4196446e-01 -1.9549016e-01 -1.3833747e-01 -7.2778521e-02
 -2.0401299e-03  6.9698070e-02  1.3755781e-01  1.9680871e-01  2.4397095e-01
  2.7823428e-01  3.0210204e-01  3.2058093e-01  3.3883050e-01  3.5933499e-01
  3.7934263e-01  3.9080833e-01  3.8261036e-01  3.4500287e-01  2.7397286e-01
  1.7384101e-01  5.6480031e-02 -6.2302694e-02 -1.6785783e-01 -2.5085037e-01
 -3.0884770e-01 -3.4473533e-01 -3.6340531e-01 -3.6850755e-01 -3.6111217e-01
 -3.4058857e-01 -3.0712784e-01 -2.6365374e-01 -2.1589910e-01 -1.7037837e-01
 -1.3127269e-01 -9.8106249e-02 -6.5971718e-02 -2.8167399e-02  1.9761131e-02
  7.7045672e-02  1.3739538e-01  1.9180203e-01  2.3307854e-01  2.5939232e-01
  2.7510032e-01  2.8765526e-01  3.0267533e-01  3.1939614e-01  3.2940952e-01
  3.1956813e-01  2.7831072e-01  2.0206383e-01  9.8694821e-02 -1.3776037e-02
 -1.1323715e-01 -1.8136824e-01 -2.1020447e-01 -2.0428053e-01 -1.7779094e-01
 -1.4818651e-01 -1.2908083e-01 -1.2564495e-01 -1.3396522e-01 -1.4424613e-01
 -1.4583222e-01 -1.3175234e-01 -1.0091917e-01 -5.7567361e-02 -8.7905599e-03
  3.8364227e-02  7.8920313e-02  1.1058857e-01  1.3324479e-01  1.4796484e-01
  1.5634626e-01  1.6022167e-01  1.6178292e-01  1.6340149e-01  1.6734569e-01
  1.7525511e-01  1.8773552e-01  2.0443340e-01  2.2449838e-01  2.4733423e-01
  2.7292184e-01  3.0152876e-01  3.3304032e-01  3.6609975e-01  3.9751577e-01
  4.2274030e-01  4.3653736e-01  4.3445442e-01  4.1379706e-01  3.7424040e-01
  3.1758074e-01  2.4725779e-01  1.6766673e-01  8.3873495e-02  1.3768584e-03
 -7.3955666e-02 -1.3621059e-01 -1.8013377e-01 -2.0210204e-01 -2.0095547e-01
 -1.7858399e-01 -1.3984712e-01 -9.1695012e-02 -4.2012230e-02  1.8067457e-03
  3.4179247e-02  5.2233900e-02  5.6399771e-02  5.0128034e-02  3.9227976e-02
  3.0450984e-02  2.9621632e-02  4.0072616e-02  6.1591821e-02  9.0416587e-02
  1.2048156e-01  1.4537741e-01  1.6043952e-01  1.6402255e-01  1.5759220e-01
  1.4465698e-01  1.2892796e-01  1.1288362e-01  9.7156507e-02  8.0972673e-02
  6.3412956e-02  4.4542328e-02  2.5771068e-02  9.3248615e-03 -2.9896809e-03
 -1.0859354e-02 -1.5717753e-02 -1.9940761e-02 -2.5316262e-02 -3.1628129e-02
 -3.6170457e-02 -3.4613033e-02 -2.2879801e-02  7.9862412e-04  3.4658895e-02
  7.3651825e-02  1.1106440e-01  1.4082362e-01  1.5945347e-01  1.6688897e-01
  1.6580547e-01  1.5998280e-01  1.5254730e-01  1.4474871e-01  1.3579973e-01
  1.2364036e-01  1.0610357e-01  8.1903306e-02  5.1123638e-02  1.5038028e-02
 -2.4351233e-02 -6.4807950e-02 -1.0414103e-01 -1.4033633e-01 -1.7164915e-01
 -1.9678960e-01 -2.1528760e-01 -2.2765144e-01 -2.3542901e-01 -2.4066501e-01
 -2.4530862e-01 -2.5062106e-01 -2.5669788e-01 -2.6281292e-01 -2.6768584e-01
 -2.7026562e-01 -2.6992165e-01 -2.6652016e-01 -2.5990827e-01 -2.4964647e-01
 -2.3460730e-01 -2.1335754e-01 -1.8453468e-01 -1.4776419e-01 -1.0387350e-01
 -5.5138544e-02 -4.6862221e-03  4.4232754e-02  8.8977642e-02  1.2794000e-01
  1.6048347e-01  1.8648194e-01  2.0575196e-01  2.1761896e-01  2.2094401e-01
  2.1456144e-01  1.9806994e-01  1.7250334e-01  1.4053315e-01  1.0617810e-01
  7.3802790e-02  4.6898529e-02  2.7162240e-02  1.4071852e-02  5.4832792e-03
 -1.2459201e-03 -7.9008217e-03 -1.4497611e-02 -1.9191668e-02 -1.9124785e-02
 -1.1828970e-02  3.4848079e-03  2.5207338e-02  4.9665584e-02  7.2289318e-02
  8.9176381e-02  9.8408179e-02  1.0054462e-01  9.8140646e-02  9.4532773e-02
  9.2409708e-02  9.2730747e-02  9.4387541e-02  9.4670361e-02  9.0278999e-02
  7.8467418e-02  5.7875024e-02  2.8872540e-02 -6.5904835e-03 -4.5539843e-02
 -8.4681827e-02 -1.2107204e-01 -1.5262182e-01 -1.7832028e-01 -1.9828015e-01
 -2.1337665e-01 -2.2472769e-01 -2.3305943e-01 -2.3835276e-01 -2.3967132e-01
 -2.3529524e-01 -2.2363845e-01 -2.0374546e-01 -1.7587044e-01 -1.4163386e-01
 -1.0346837e-01 -6.3921269e-02 -2.5050640e-02  1.1931397e-02  4.6466654e-02
  7.8157844e-02  1.0628702e-01  1.2964647e-01  1.4688897e-01  1.5709918e-01
  1.6048920e-01  1.5849608e-01  1.5355819e-01  1.4835467e-01  1.4504491e-01
  1.4480413e-01  1.4802408e-01  1.5474298e-01  1.6516721e-01  1.7981655e-01
  1.9904453e-01  2.2222435e-01  2.4708580e-01  2.6955857e-01  2.8459775e-01
  2.8776992e-01  2.7691573e-01  2.5325817e-01  2.2130709e-01  1.8768011e-01
  1.5916491e-01  1.4073189e-01  1.3454042e-01  1.3955093e-01  1.5265622e-01
  1.6983375e-01  1.8736480e-01  2.0259889e-01  2.1429390e-01  2.2218613e-01
  2.2700172e-01  2.2982993e-01  2.3200841e-01  2.3451175e-01  2.3770304e-01
  2.4110453e-01  2.4345500e-01  2.4343589e-01  2.4039748e-01  2.3508504e-01
  2.2956239e-01  2.2640933e-01  2.2715460e-01  2.3107204e-01  2.3453086e-01
  2.3170266e-01  2.1664437e-01  1.8554558e-01  1.3853430e-01  8.0021020e-02
  1.7403975e-02 -4.1280336e-02 -8.9749666e-02 -1.2495891e-01 -1.4723677e-01
 -1.5918785e-01 -1.6411619e-01 -1.6473342e-01 -1.6273075e-01 -1.5903306e-01
 -1.5441620e-01 -1.4985477e-01 -1.4645137e-01 -1.4502580e-01 -1.4548060e-01
 -1.4689853e-01 -1.4765526e-01 -1.4621250e-01 -1.4150392e-01 -1.3315498e-01
 -1.2133766e-01 -1.0647048e-01 -8.9101854e-02 -6.9944582e-02 -5.0152876e-02
 -3.1249761e-02 -1.4863558e-02 -2.1754252e-03  6.5536021e-03  1.1999236e-02
  1.5177336e-02  1.6713740e-02  1.6242117e-02  1.2512708e-02  4.3107204e-03
 -8.5396522e-03 -2.4632142e-02 -4.1347220e-02 -5.6225874e-02 -6.8576342e-02
 -8.0128034e-02 -9.4249952e-02 -1.1386967e-01 -1.3936748e-01 -1.6750048e-01
 -1.9256641e-01 -2.0926811e-01 -2.1603287e-01 -2.1652972e-01 -2.1851710e-01
 -2.2977260e-01 -2.5343015e-01 -2.8459775e-01 -3.1094974e-01 -3.1700745e-01
 -2.9061724e-01 -2.2858781e-01 -1.3871966e-01 -3.7280719e-02  5.7181349e-02
  1.3060577e-01  1.7790178e-01  2.0311485e-01  2.1586088e-01  2.2593159e-01
  2.3890694e-01  2.5471049e-01  2.6932926e-01  2.7810052e-01  2.7875024e-01
  2.7219568e-01  2.6126505e-01  2.4817504e-01  2.3261991e-01  2.1180967e-01
  1.8215555e-01  1.4198930e-01  9.3128225e-02  4.0829352e-02 -8.2642843e-03
 -4.8862985e-02 -7.9115230e-02 -1.0094401e-01 -1.1847124e-01 -1.3557997e-01
 -1.5371298e-01 -1.7108924e-01 -1.8334607e-01 -1.8533155e-01 -1.7299255e-01
 -1.4456526e-01 -1.0093254e-01 -4.5346837e-02  1.7171603e-02  8.0361170e-02
  1.3722530e-01  1.8073380e-01  2.0485381e-01  2.0579018e-01  1.8302694e-01
  1.3976304e-01  8.2302694e-02  1.8605389e-02 -4.3456908e-02 -9.7823428e-02
 -1.4117715e-01 -1.7310912e-01 -1.9558571e-01 -2.1186700e-01 -2.2566406e-01
 -2.4012994e-01 -2.5717562e-01 -2.7725970e-01 -2.9961781e-01 -3.2275941e-01
 -3.4563348e-01 -3.6816358e-01 -3.9155360e-01 -4.1750430e-01 -4.4660806e-01
 -4.7710682e-01 -5.0403210e-01 -5.2016052e-01 -5.1823046e-01 -4.9396140e-01
 -4.4834703e-01 -3.8801835e-01 -3.2342824e-01 -2.6531626e-01 -2.2079113e-01
 -1.9097458e-01 -1.7106822e-01 -1.5264858e-01 -1.2752723e-01 -9.1016625e-02
 -4.3498949e-02  1.0189566e-02  6.3183642e-02  1.0948404e-01  1.4592777e-01
  1.7267915e-01  1.9208867e-01  2.0699408e-01  2.1905217e-01  2.2814829e-01
  2.3284923e-01  2.3128225e-01  2.2222435e-01  2.0556086e-01  1.8218230e-01
  1.5376266e-01  1.2206765e-01  8.8958532e-02  5.6306134e-02  2.5971718e-02
 -2.4190713e-04 -2.0976495e-02 -3.5725205e-02 -4.5060195e-02 -5.0456717e-02
 -5.3793235e-02 -5.6602331e-02 -5.9537550e-02 -6.2195681e-02 -6.3462641e-02
 -6.2189948e-02 -5.7886490e-02 -5.1068221e-02 -4.3191286e-02 -3.6116950e-02
 -3.1503917e-02 -3.0238869e-02 -3.2291229e-02 -3.6900440e-02 -4.3005924e-02
 -4.9636920e-02 -5.6180011e-02 -6.2375311e-02 -6.8176954e-02 -7.3563921e-02
 -7.8442576e-02 -8.2684884e-02 -8.6248806e-02 -8.9231798e-02 -9.1888018e-02
 -9.4540417e-02 -9.7481368e-02 -1.0089815e-01 -1.0489776e-01 -1.0958150e-01
 -1.1510606e-01 -1.2158227e-01 -1.2901777e-01 -1.3712784e-01 -1.4536212e-01
 -1.5290273e-01 -1.5900822e-01 -1.6316453e-01 -1.6522454e-01 -1.6540417e-01
 -1.6387158e-01 -1.6051405e-01 -1.5468947e-01 -1.4522836e-01 -1.3077967e-01
 -1.1007453e-01 -8.2679152e-02 -4.9126696e-02 -1.1089624e-02  2.8849608e-02
  6.7603669e-02  1.0220333e-01  1.3043187e-01  1.5126696e-01  1.6515192e-01
  1.7387923e-01  1.7993694e-01  1.8568890e-01  1.9239442e-01  1.9967514e-01
  2.0571374e-01  2.0794955e-01  2.0437607e-01  1.9468756e-01  1.8074145e-01
  1.6586853e-01  1.5353335e-01  1.4555895e-01  1.4099943e-01  1.3615135e-01
  1.2586470e-01  1.0568508e-01  7.3806612e-02  3.2000764e-02 -1.4936748e-02
 -6.0896235e-02 -1.0057520e-01 -1.3101089e-01 -1.5190139e-01 -1.6478120e-01
 -1.7152685e-01 -1.7323524e-01 -1.6980891e-01 -1.6048538e-01 -1.4482897e-01
 -1.2351615e-01 -9.8457864e-02 -7.2163195e-02 -4.6797248e-02 -2.3456908e-02
 -2.0821708e-03  1.8044525e-02  3.7519587e-02  5.6309956e-02  7.3747372e-02
  8.8981464e-02  1.0148481e-01  1.1120008e-01  1.1817695e-01  1.2195872e-01
  1.2112746e-01  1.1348939e-01  9.6955857e-02  7.0794955e-02  3.6564112e-02
 -1.8070896e-03 -3.9023505e-02 -7.0053507e-02 -9.1782916e-02 -1.0386394e-01
 -1.0845786e-01 -1.0896809e-01 -1.0850946e-01 -1.0874833e-01 -1.0965412e-01
 -1.1009937e-01 -1.0895280e-01 -1.0598318e-01 -1.0211924e-01 -9.9013950e-02
 -9.8131091e-02 -9.9912096e-02 -1.0342060e-01 -1.0650296e-01 -1.0652016e-01
 -1.0117332e-01 -8.9182114e-02 -7.0600038e-02 -4.6787693e-02 -2.0112746e-02
  6.4460157e-03  2.9843302e-02  4.7446971e-02  5.7536786e-02  5.9592968e-02
  5.4356965e-02  4.3504682e-02  2.9034970e-02  1.2577489e-02 -5.0278999e-03
 -2.3741640e-02 -4.3835276e-02 -6.5171030e-02 -8.6590866e-02 -1.0583413e-01
 -1.2007835e-01 -1.2694439e-01 -1.2545003e-01 -1.1652780e-01 -1.0272884e-01
 -8.7284540e-02 -7.2753679e-02 -6.0070705e-02 -4.8255303e-02 -3.5004777e-02
 -1.7835085e-02  4.6955857e-03  3.2264475e-02  6.2847315e-02  9.3525702e-02
  1.2157462e-01  1.4538123e-01  1.6474298e-01  1.8055800e-01  1.9407606e-01
  2.0615326e-01  2.1681636e-01  2.2541563e-01  2.3105293e-01  2.3326964e-01
  2.3216128e-01  2.2849226e-01  2.2331359e-01  2.1756163e-01  2.1171412e-01
  2.0588573e-01  1.9996178e-01  1.9380852e-01  1.8746990e-01  1.8110835e-01
  1.7482324e-01  1.6851519e-01  1.6192242e-01  1.5475253e-01  1.4681254e-01
  1.3815976e-01  1.2884005e-01  1.1880948e-01  1.0763998e-01  9.4567170e-02
  7.8721575e-02  5.9612077e-02  3.7517676e-02  1.3638066e-02 -1.0111408e-02
 -3.1534493e-02 -4.8715842e-02 -6.0368813e-02 -6.5952608e-02 -6.5480604e-02
 -5.9340722e-02 -4.8171221e-02 -3.2935219e-02 -1.5093445e-02  3.2793809e-03
  1.9613988e-02  3.1221097e-02  3.5876170e-02  3.2310338e-02  2.0493025e-02
  1.5214791e-03 -2.2669597e-02 -4.9772597e-02 -7.7403019e-02 -1.0326390e-01
 -1.2511370e-01 -1.4078540e-01 -1.4831454e-01 -1.4630231e-01 -1.3426715e-01
 -1.1298108e-01 -8.4477355e-02 -5.1742786e-02 -1.8072234e-02  1.3604433e-02
  4.1291802e-02  6.4131473e-02  8.2317982e-02  9.6659660e-02  1.0809096e-01
  1.1725205e-01  1.2435314e-01  1.2925282e-01  1.3178865e-01  1.3204854e-01
  1.3065546e-01  1.2862985e-01  1.2724250e-01  1.2754634e-01  1.3004777e-01
  1.3464743e-01  1.4064208e-01  1.4708771e-01  1.5321040e-01  1.5844831e-01
  1.6249379e-01  1.6498949e-01  1.6519587e-01  1.6198739e-01  1.5400726e-01
  1.4028855e-01  1.2077011e-01  9.6738009e-02  7.0689853e-02  4.5776801e-02
  2.4941716e-02  1.0124785e-02  1.8228167e-03 -8.2954328e-04  4.4320657e-04
  3.7108733e-03  7.3772215e-03  1.0395184e-02  1.2229505e-02  1.2641506e-02
  1.1524365e-02  8.8562966e-03  4.7920887e-03 -3.1903306e-04 -5.9898720e-03
 -1.1819033e-02 -1.7677623e-02 -2.3808523e-02 -3.0684120e-02 -3.8712020e-02
 -4.7892222e-02 -5.7725970e-02 -6.7364800e-02 -7.5998471e-02 -8.3214217e-02
 -8.9119052e-02 -9.4123830e-02 -9.8471240e-02 -1.0178292e-01 -1.0283394e-01
 -9.9915918e-02 -9.1425569e-02 -7.6613797e-02 -5.5987006e-02 -3.1326199e-02
 -5.1712211e-03  1.9959870e-02  4.2237722e-02  6.0867571e-02  7.6061533e-02
  8.8690999e-02  9.9849035e-02  1.1051787e-01  1.2130327e-01  1.3251863e-01
  1.4405504e-01  1.5545385e-01  1.6588573e-01  1.7436652e-01  1.7990445e-01
  1.8175807e-01  1.7956621e-01  1.7347028e-01  1.6366711e-01  1.5035735e-01
  1.3339002e-01  1.1244028e-01  8.7339958e-02  5.8452131e-02  2.7030384e-02
 -4.8293522e-03 -3.4676094e-02 -6.0328683e-02 -8.0498758e-02 -9.4991401e-02
 -1.0454615e-01 -1.1030766e-01 -1.1328683e-01 -1.1399580e-01 -1.1251863e-01
 -1.0881903e-01 -1.0316262e-01 -9.6267915e-02 -8.9224154e-02 -8.3112937e-02
 -7.8624116e-02 -7.5805465e-02 -7.4160138e-02 -7.2933308e-02 -7.1473342e-02
 -6.9443914e-02 -6.6833556e-02 -6.3793235e-02 -6.0483470e-02 -5.7001720e-02
 -5.3500860e-02 -5.0364991e-02 -4.8314542e-02 -4.8245748e-02 -5.0947831e-02
 -5.6692146e-02 -6.5012421e-02 -7.4712402e-02 -8.4221288e-02 -9.2086757e-02
 -9.7401108e-02 -9.9954137e-02 -1.0009555e-01 -9.8364227e-02 -9.5150010e-02
 -9.0449073e-02 -8.3942289e-02 -7.5182496e-02 -6.3862029e-02 -4.9896809e-02
 -3.3399580e-02 -1.4523982e-02  6.6258360e-03  3.0001911e-02  5.5429008e-02
  8.2409708e-02  1.1001911e-01  1.3700363e-01  1.6205809e-01  1.8411427e-01
  2.0257978e-01  2.1719855e-01  2.2793809e-01  2.3468374e-01  2.3714886e-01
  2.3502771e-01  2.2839671e-01  2.1803937e-01  2.0546532e-01  1.9268106e-01
  1.8153640e-01  1.7283967e-01  1.6606918e-01  1.5952417e-01  1.5089050e-01
  1.3822473e-01  1.2069941e-01  9.9046436e-02  7.4974202e-02  5.0565641e-02
  2.7238678e-02  5.3615517e-03 -1.5708389e-02 -3.7018918e-02 -5.9103765e-02
 -8.1394993e-02 -1.0212307e-01 -1.1885343e-01 -1.2933499e-01 -1.3240206e-01
 -1.2844831e-01 -1.1931588e-01 -1.0772788e-01 -9.6445633e-02 -8.7573094e-02
 -8.2172750e-02 -8.0256067e-02 -8.1010892e-02 -8.3198930e-02 -8.5474871e-02
 -8.6678769e-02 -8.5967896e-02 -8.2984903e-02 -7.7918976e-02 -7.1509650e-02
 -6.4886298e-02 -5.9315880e-02 -5.5870438e-02 -5.5188229e-02 -5.7353335e-02
 -6.1968278e-02 -6.8482706e-02 -7.6353908e-02 -8.5169119e-02 -9.4601567e-02
 -1.0417160e-01 -1.1301739e-01 -1.1991592e-01 -1.2339576e-01 -1.2215937e-01
 -1.1547296e-01 -1.0351424e-01 -8.7437416e-02 -6.9147716e-02 -5.0905790e-02
 -3.4741066e-02 -2.1981655e-02 -1.2901777e-02 -6.6806803e-03 -1.5702274e-03
  4.6225874e-03  1.3919167e-02  2.7517676e-02  4.5409899e-02  6.6246895e-02
  8.7722148e-02  1.0716224e-01  1.2238678e-01  1.3229314e-01  1.3707051e-01
  1.3796484e-01  1.3671317e-01  1.3481368e-01  1.3309001e-01  1.3149436e-01
  1.2940378e-01  1.2595261e-01  1.2040894e-01  1.1229123e-01  1.0136442e-01
  8.7504300e-02  7.0708962e-02  5.1219186e-02  2.9806994e-02  7.8771259e-03
 -1.2669788e-02 -2.9900631e-02 -4.2421173e-02 -4.9858590e-02 -5.2916109e-02
 -5.2981082e-02 -5.1416014e-02 -4.8966176e-02 -4.5520734e-02 -4.0498758e-02
 -3.3519969e-02 -2.5132811e-02 -1.7055418e-02 -1.1808523e-02 -1.1768011e-02
 -1.8159564e-02 -3.0449073e-02 -4.6468565e-02 -6.3223772e-02 -7.8081406e-02
 -8.9724823e-02 -9.8488439e-02 -1.0590483e-01 -1.1378750e-01 -1.2327919e-01
 -1.3433403e-01 -1.4595834e-01 -1.5679725e-01 -1.6601567e-01 -1.7375884e-01
 -1.8099178e-01 -1.8877890e-01 -1.9751577e-01 -2.0613415e-01 -2.1219186e-01
 -2.1238295e-01 -2.0366902e-01 -1.8427097e-01 -1.5440092e-01 -1.1634244e-01
 -7.3837187e-02 -3.1201987e-02  7.6994076e-03  4.0152876e-02  6.4897764e-02
  8.1993121e-02  9.2446016e-02  9.7720237e-02  9.9319702e-02  9.8528569e-02
  9.6338620e-02  9.3466463e-02  9.0433786e-02  8.7626600e-02  8.5344926e-02
  8.3787502e-02  8.3051787e-02  8.3076629e-02  8.3663291e-02  8.4456335e-02
  8.4970380e-02  8.4586279e-02  8.2623734e-02  7.8402446e-02  7.1373973e-02
  6.1266960e-02  4.8222817e-02  3.2862603e-02  1.6227976e-02 -4.5442385e-04
 -1.6022740e-02 -2.9667495e-02 -4.1041468e-02 -5.0193006e-02 -5.7313205e-02
 -6.2417351e-02 -6.5167208e-02 -6.4878655e-02 -6.0808332e-02 -5.2556851e-02
 -4.0435697e-02 -2.5599083e-02 -9.8530480e-03  4.7655265e-03  1.6515574e-02
  2.4328301e-02  2.7928530e-02  2.7664819e-02  2.4223199e-02  1.8316071e-02
  1.0588573e-02  1.6501242e-03 -7.7731703e-03 -1.6773935e-02 -2.4326390e-02
 -2.9516530e-02 -3.1798204e-02 -3.1161857e-02 -2.8089050e-02 -2.3349895e-02
 -1.7682018e-02 -1.1581311e-02 -5.2354290e-03  1.3462450e-03  8.1064399e-03
  1.4770686e-02  2.0817886e-02  2.5622014e-02  2.8662335e-02  2.9730556e-02
  2.8992929e-02  2.6890885e-02  2.3959488e-02  2.0655456e-02  1.7249761e-02
  1.3846169e-02  1.0489776e-02  7.2566406e-03  4.3026944e-03  1.8133766e-03
 -9.3779859e-05 -1.4573285e-03 -2.4758265e-03 -3.4227021e-03 -4.4817504e-03
 -5.5887636e-03 -6.3428244e-03 -6.0550354e-03 -3.9564303e-03  5.4723868e-04
  7.6101663e-03  1.6858016e-02  2.7427862e-02  3.8217084e-02  4.8234282e-02
  5.6866042e-02  6.3993885e-02  6.9847124e-02  7.4700936e-02  7.8513281e-02
  8.0682209e-02  8.0080260e-02  7.5409899e-02  6.5681254e-02  5.0695586e-02
  3.1234474e-02  8.9743933e-03 -1.4013568e-02 -3.5807376e-02 -5.5123256e-02
 -7.1414103e-02 -8.4723868e-02 -9.5276132e-02 -1.0314925e-01 -1.0806803e-01
 -1.0958150e-01 -1.0738391e-01 -1.0171412e-01 -9.3466463e-02 -8.4091343e-02
 -7.5214982e-02 -6.8217084e-02 -6.3846742e-02 -6.2205236e-02 -6.2868336e-02
 -6.5230269e-02 -6.8660424e-02 -7.2621823e-02 -7.6552647e-02 -7.9740111e-02
 -8.1221097e-02 -7.9954137e-02 -7.5100325e-02 -6.6434168e-02 -5.4496465e-02
 -4.0554175e-02 -2.6235429e-02 -1.3040321e-02 -1.8560864e-03  7.1952991e-03
  1.4587044e-02  2.0940187e-02  2.6585133e-02  3.1265049e-02  3.4184980e-02
  3.4368431e-02  3.1203898e-02  2.4815593e-02  1.6186509e-02  6.8719664e-03
 -1.4431110e-03 -7.4993312e-03 -1.0768011e-02 -1.1501815e-02 -1.0441047e-02
 -8.4721957e-03 -6.3076629e-03 -4.3955666e-03 -2.9753487e-03 -2.2809096e-03
 -2.6497229e-03 -4.5658322e-03 -8.4519396e-03 -1.4486146e-02 -2.2421173e-02
 -3.1578444e-02 -4.0942098e-02 -4.9405695e-02 -5.5975540e-02 -5.9936939e-02
 -6.0880948e-02 -5.8725397e-02 -5.3680489e-02 -4.6290847e-02 -3.7410663e-02
 -2.8175043e-02 -1.9824193e-02 -1.3455762e-02 -9.6736098e-03 -8.3533346e-03
 -8.5992738e-03 -8.9371298e-03 -7.7303650e-03 -3.6673036e-03  3.8240015e-03
  1.4409708e-02  2.7007453e-02  4.0118479e-02  5.2293140e-02  6.2463214e-02
  7.0149054e-02  7.5354481e-02  7.8390980e-02  7.9583413e-02  7.9153449e-02
  7.7162240e-02  7.3607873e-02  6.8551500e-02  6.2224345e-02  5.4997134e-02
  4.7309383e-02  3.9480222e-02  3.1654882e-02  2.3743551e-02  1.5570418e-02
  6.9820371e-03 -1.9740111e-03 -1.0982801e-02 -1.9512708e-02 -2.6967323e-02
 -3.2864514e-02 -3.7053315e-02 -3.9665584e-02 -4.1137015e-02 -4.1891840e-02
 -4.2233900e-02 -4.2109689e-02 -4.1148481e-02 -3.8773170e-02 -3.4561437e-02
 -2.8473151e-02 -2.1052933e-02 -1.3343589e-02 -6.6076820e-03 -1.8844449e-03
  3.7632333e-04  4.9726734e-04 -6.0238869e-04 -1.8446589e-03 -2.5547487e-03
 -2.8522836e-03 -3.7284540e-03 -6.7020829e-03 -1.3212880e-02 -2.3972865e-02
 -3.8593541e-02 -5.5664055e-02 -7.3197019e-02 -8.9291038e-02 -1.0269826e-01
 -1.1304223e-01 -1.2066501e-01 -1.2617810e-01 -1.3006879e-01 -1.3247659e-01
 -1.3334034e-01 -1.3267533e-01 -1.3085802e-01 -1.2863367e-01 -1.2680680e-01
 -1.2571947e-01 -1.2484617e-01 -1.2275368e-01 -1.1751959e-01 -1.0746417e-01
 -9.1931970e-02 -7.1658704e-02 -4.8618383e-02 -2.5329639e-02 -3.9657940e-03
  1.4309765e-02  2.9554749e-02  4.2702083e-02  5.4865278e-02  6.6705523e-02
  7.8127269e-02  8.8423466e-02  9.6774317e-02  1.0270590e-01  1.0625454e-01
  1.0775463e-01  1.0729218e-01  1.0421556e-01  9.6978788e-02  8.3577298e-02
  6.2356201e-02  3.2971527e-02 -2.9889165e-03 -4.1998853e-02 -7.9294860e-02
 -1.1003822e-01 -1.3054462e-01 -1.3910950e-01 -1.3621059e-01 -1.2407032e-01
 -1.0577107e-01 -8.4341678e-02 -6.2081024e-02 -4.0349704e-02 -1.9734378e-02
 -4.5536021e-04  1.7251290e-02  3.2956239e-02  4.6076820e-02  5.6139882e-02
  6.2994458e-02  6.6953946e-02  6.8719664e-02  6.9182114e-02  6.9140073e-02
  6.9107586e-02  6.9254730e-02  6.9499331e-02  6.9659851e-02  6.9629276e-02
  6.9442003e-02  6.9279572e-02  6.9377030e-02  6.9935028e-02  7.1058666e-02
  7.2767055e-02  7.5029620e-02  7.7819606e-02  8.1110262e-02  8.4849990e-02
  8.8926046e-02  9.3139690e-02  9.7192815e-02  1.0077776e-01  1.0363845e-01
  1.0563921e-01  1.0678387e-01  1.0720428e-01  1.0712975e-01  1.0679534e-01
  1.0639404e-01  1.0603860e-01  1.0567934e-01  1.0511561e-01  1.0399197e-01
  1.0189757e-01  9.8524747e-02  9.3852475e-02  8.8215173e-02  8.2291229e-02
  7.6789604e-02  7.2165106e-02  6.8253392e-02  6.4188802e-02  5.8578253e-02
  5.0040130e-02  3.7808141e-02  2.2157462e-02  4.4832792e-03 -1.3085611e-02
 -2.8360405e-02 -3.9785974e-02 -4.6843111e-02 -5.0034397e-02 -5.0468183e-02
 -4.9294860e-02 -4.7296006e-02 -4.4786929e-02 -4.1859354e-02 -3.8712020e-02
 -3.5893369e-02 -3.4253774e-02 -3.4630231e-02 -3.7433594e-02 -4.2430728e-02
 -4.8819033e-02 -5.5568508e-02 -6.1865087e-02 -6.7376266e-02 -7.2189948e-02
 -7.6539270e-02 -8.0418498e-02 -8.3430155e-02 -8.4884388e-02 -8.4192624e-02
 -8.1236384e-02 -7.6520161e-02 -7.0991783e-02 -6.5618192e-02 -6.0968852e-02
 -5.7026562e-02 -5.3365182e-02 -4.9526084e-02 -4.5377413e-02 -4.1148481e-02
 -3.7175616e-02 -3.3447353e-02 -2.9285305e-02 -2.3418689e-02 -1.4489394e-02
 -1.7336136e-03  1.4553029e-02  3.3019301e-02  5.1792471e-02  6.9247086e-02
  8.4561437e-02  9.7708771e-02  1.0887063e-01  1.1763042e-01  1.2245748e-01
  1.2091726e-01  1.1062870e-01  9.0523600e-02  6.1813491e-02  2.8048920e-02
 -5.8629849e-03 -3.5245557e-02 -5.7148863e-02 -7.1052933e-02 -7.8448309e-02
 -8.1628129e-02 -8.2264475e-02 -8.0622970e-02 -7.5723294e-02 -6.6315689e-02
 -5.2092490e-02 -3.4400917e-02 -1.6033824e-02 -2.0405121e-04  1.0796484e-02
  1.6523027e-02  1.8455379e-02  1.9159182e-02  2.1085419e-02  2.5520734e-02
  3.2254921e-02  4.0026753e-02  4.7378177e-02  5.3453086e-02  5.8272501e-02
  6.2398242e-02  6.6279381e-02  6.9667495e-02  7.1528760e-02  7.0435697e-02
  6.5279954e-02  5.5883814e-02  4.3162622e-02  2.8799924e-02  1.4606918e-02
  1.8714313e-03 -8.9453468e-03 -1.8144659e-02 -2.6407414e-02 -3.4358876e-02
 -4.2291229e-02 -5.0112746e-02 -5.7456526e-02 -6.3812345e-02 -6.8589719e-02
 -7.1085419e-02 -7.0479648e-02 -6.5962163e-02 -5.6986432e-02 -4.3609784e-02
 -2.6692146e-02 -7.8528569e-03  1.0881521e-02  2.7605580e-02  4.1052933e-02
  5.0842729e-02  5.7404930e-02  6.1584177e-02  6.4152494e-02  6.5432830e-02
  6.5190139e-02  6.2828206e-02  5.7775655e-02  4.9860501e-02  3.9505064e-02
  2.7655265e-02  1.5516912e-02  4.1605198e-03 -5.7863558e-03 -1.4266769e-02
 -2.1691191e-02 -2.8681445e-02 -3.5759603e-02 -4.3143512e-02 -5.0653545e-02
 -5.7854003e-02 -6.4259507e-02 -6.9514619e-02 -7.3464552e-02 -7.6086375e-02
 -7.7311294e-02 -7.6839289e-02 -7.4102809e-02 -6.8356583e-02 -5.8948978e-02
 -4.5604816e-02 -2.8616472e-02 -8.8574431e-03  1.2384101e-02  3.3690044e-02
  5.3787502e-02  7.1702656e-02  8.6793426e-02  9.8685267e-02  1.0716224e-01
  1.1217466e-01  1.1384101e-01  1.1251863e-01  1.0883241e-01  1.0357921e-01
  9.7601758e-02  9.1591821e-02  8.5992738e-02  8.0965030e-02  7.6466654e-02
  7.2361934e-02  6.8509459e-02  6.4773552e-02  6.0999427e-02  5.6932926e-02
  5.2239633e-02  4.6537359e-02  3.9526084e-02  3.1100707e-02  2.1416014e-02
  1.0884388e-02  9.1937703e-05 -1.0323524e-02 -1.9764953e-02 -2.7743168e-02
 -3.3919358e-02 -3.8108160e-02 -4.0313396e-02 -4.0756736e-02 -3.9889165e-02
 -3.8368049e-02 -3.6936748e-02 -3.6279381e-02 -3.6846933e-02 -3.8765526e-02
 -4.1800115e-02 -4.5457672e-02 -4.9111408e-02 -5.2163195e-02 -5.4131473e-02
 -5.4676094e-02 -5.3586853e-02 -5.0766291e-02 -4.6237340e-02 -4.0181540e-02
 -3.2967705e-02 -2.5172941e-02 -1.7525893e-02 -1.0790942e-02 -5.6306134e-03
 -2.4983757e-03 -1.5822664e-03 -2.8295433e-03 -6.0021020e-03 -1.0772024e-02
 -1.6799924e-02 -2.3758838e-02 -3.1354863e-02 -3.9304414e-02 -4.7292184e-02
 -5.4978024e-02 -6.1985477e-02 -6.7955284e-02 -7.2627556e-02 -7.5889547e-02
 -7.7834894e-02 -7.8690999e-02 -7.8700554e-02 -7.7907510e-02 -7.6046245e-02
 -7.2526276e-02 -6.6674947e-02 -5.8100516e-02 -4.7104911e-02 -3.4888209e-02
 -2.3397669e-02 -1.4827250e-02 -1.0875597e-02 -1.2093063e-02 -1.7600803e-02
 -2.5346837e-02 -3.2826295e-02 -3.7936174e-02 -3.9621632e-02 -3.8004968e-02
 -3.3963310e-02 -2.8429199e-02 -2.1781005e-02 -1.3693866e-02 -3.5236002e-03
  8.9785974e-03  2.3061341e-02  3.6867953e-02  4.7949551e-02  5.4248041e-02
  5.5008599e-02  5.1205809e-02  4.5190139e-02  3.9721001e-02  3.6854577e-02
  3.7217657e-02  4.0063061e-02  4.3946111e-02  4.7727881e-02  5.1198165e-02
  5.5058284e-02  6.0204472e-02  6.6753296e-02  7.3441620e-02  7.7775655e-02
  7.7055226e-02  6.9719090e-02  5.6384483e-02  4.4047392e-02  3.1607109e-02
  0.0000000e+00  0.0000000e+00  0.0000000e+00  0.0000000e+00  0.0000000e+00
