Scaled from
PEER NGA STRONG MOTION DATABASE RECORD
ACCELERATION TIME SERIES IN UNITS OF G
NPTS= 2989.000000, DT= 0.005000, Scalar= 1.000000
 -3.5942172e-01 -2.3463717e-01 -1.4395336e-01 -4.5794787e-02  3.9554680e-02
  9.2428506e-02  1.0086707e-01  6.6141968e-02  3.4202751e-03 -6.3319146e-02
 -1.1026417e-01 -1.2287805e-01 -1.0102360e-01 -5.7990081e-02 -1.3987478e-02
  1.2690035e-02  1.2915333e-02 -1.0581976e-02 -4.5669915e-02 -7.6676985e-02
 -9.0747124e-02 -8.2074642e-02 -5.2780611e-02 -1.0950262e-02  3.2709557e-02
  6.8076612e-02  8.7737873e-02  8.8230328e-02  7.0292659e-02  3.8747406e-02
  1.6104682e-03 -3.1675402e-02 -5.2808752e-02 -5.7344613e-02 -4.6398044e-02
 -2.6421963e-02 -6.7767069e-03  4.0256428e-03  1.8131134e-03 -1.1611910e-02
 -2.9522671e-02 -4.3559394e-02 -4.7676668e-02 -4.0965212e-02 -2.7973196e-02
 -1.6520630e-02 -1.4020718e-02 -2.4075768e-02 -4.4864399e-02 -6.9933870e-02
 -9.0907172e-02 -1.0083541e-01 -9.6725175e-02 -8.0243765e-02 -5.6486334e-02
 -3.1466109e-02 -9.5200324e-03  8.2626895e-03  2.3887580e-02  4.0768230e-02
  6.1205107e-02  8.4239685e-02  1.0503711e-01  1.1624046e-01  1.1101516e-01
  8.6610503e-02  4.6728693e-02  1.5682578e-03 -3.4976608e-02 -5.0135425e-02
 -3.7250695e-02  1.1665377e-03  5.3879841e-02  1.0489641e-01  1.3952302e-01
  1.4991558e-01  1.3781350e-01  1.1306764e-01  8.8916247e-02  7.5962925e-02
  7.7823701e-02  9.0455169e-02  1.0508284e-01  1.1319779e-01  1.1087974e-01
  1.0020929e-01  8.7088888e-02  7.6907383e-02  7.0616272e-02  6.3646277e-02
  4.8447008e-02  1.9471315e-02 -2.2204439e-02 -6.7373105e-02 -1.0161279e-01
 -1.1153224e-01 -9.1473495e-02 -4.7273910e-02  5.1014809e-03  4.5548560e-02
  5.7944353e-02  3.6612262e-02 -1.1742763e-02 -7.1374301e-02 -1.2432903e-01
 -1.5753104e-01 -1.6697738e-01 -1.5756974e-01 -1.3919941e-01 -1.2155897e-01
 -1.1039959e-01 -1.0664462e-01 -1.0835239e-01 -1.1357944e-01 -1.2219389e-01
 -1.3537585e-01 -1.5325900e-01 -1.7244891e-01 -1.8544444e-01 -1.8282388e-01
 -1.5751345e-01 -1.0891871e-01 -4.4561891e-02  2.2046150e-02  7.6673467e-02
  1.1018678e-01  1.2215343e-01  1.2029969e-01  1.1609272e-01  1.1863590e-01
  1.3008196e-01  1.4480812e-01  1.5281227e-01  1.4542545e-01  1.2019241e-01
  8.2254036e-02  4.1573745e-02  7.6024482e-03 -1.5674487e-02 -3.1381688e-02
 -4.7200042e-02 -7.0132611e-02 -1.0168138e-01 -1.3632910e-01 -1.6436913e-01
 -1.7754757e-01 -1.7408632e-01 -1.6034155e-01 -1.4744275e-01 -1.4509480e-01
 -1.5566675e-01 -1.7209188e-01 -1.8101235e-01 -1.6945900e-01 -1.3175103e-01
 -7.2707447e-02 -5.5890112e-03  5.3976573e-02  9.4987513e-02  1.1516761e-01
  1.2041753e-01  1.2029266e-01  1.2243308e-01  1.2897042e-01  1.3665623e-01
  1.4001724e-01  1.3540575e-01  1.2325266e-01  1.0743431e-01  9.2630764e-02
  8.1235710e-02  7.2121777e-02  6.1685251e-02  4.6343522e-02  2.4773998e-02
 -1.3221007e-03 -2.8208871e-02 -5.1795702e-02 -6.8892680e-02 -7.7429737e-02
 -7.6119455e-02 -6.4515108e-02 -4.4057125e-02 -1.9520560e-02  5.7210947e-04
  5.9669703e-03 -1.0927750e-02 -5.0024623e-02 -1.0089873e-01 -1.4486968e-01
 -1.6185761e-01 -1.3941574e-01 -7.9334482e-02  1.7402300e-03  7.8539520e-02
  1.2759330e-01  1.3663513e-01  1.0848781e-01  5.7641845e-02  2.0980337e-03
 -4.4897816e-02 -7.8590524e-02 -1.0051004e-01 -1.1264202e-01 -1.1262267e-01
 -9.3673713e-02 -4.9753773e-02  1.7361145e-02  9.4572444e-02  1.6056140e-01
  1.9508249e-01  1.8940167e-01  1.5121179e-01  1.0085476e-01  5.9310915e-02
  3.5393436e-02  1.9594428e-02 -1.0513736e-02 -7.5245348e-02 -1.7614056e-01
 -2.8769918e-01 -3.6399451e-01 -3.5845440e-01 -2.4796862e-01 -4.8805797e-02
  1.8482887e-01  3.8038623e-01  4.7616870e-01  4.4677970e-01  3.1262092e-01
  1.2963523e-01 -3.5606247e-02 -1.3345527e-01 -1.4868092e-01 -1.0118893e-01
 -3.1547012e-02  2.0025326e-02  3.0674663e-02  8.1204052e-04 -5.1776355e-02
 -1.0443561e-01 -1.4126420e-01 -1.5833832e-01 -1.6145309e-01 -1.5943403e-01
 -1.5799360e-01 -1.5720743e-01 -1.5355095e-01 -1.4370537e-01 -1.2743150e-01
 -1.0756270e-01 -8.7563755e-02 -6.8797707e-02 -4.9509304e-02 -2.6265433e-02
  3.5069823e-03  3.9269760e-02  7.7487777e-02  1.1368673e-01  1.4499807e-01
  1.7164691e-01  1.9604981e-01  2.2014492e-01  2.4278026e-01  2.5889057e-01
  2.6124732e-01  2.4395863e-01  2.0593408e-01  1.5269443e-01  9.4892539e-02
  4.5031482e-02  1.3170178e-02  3.6489148e-03  1.3897605e-02  3.5421577e-02
  5.6447641e-02  6.5243238e-02  5.3338141e-02  1.7911288e-02 -3.7134616e-02
 -1.0179218e-01 -1.6239228e-01 -2.0544163e-01 -2.2178058e-01 -2.0952197e-01
 -1.7467199e-01 -1.2888248e-01 -8.5217560e-02 -5.3461254e-02 -3.7127581e-02
 -3.3103521e-02 -3.3847480e-02 -3.0950790e-02 -1.8352738e-02  5.9321468e-03
  3.9887087e-02  7.8639769e-02  1.1599599e-01  1.4558198e-01  1.6185761e-01
  1.6140385e-01  1.4422069e-01  1.1498822e-01  8.2945232e-02  5.9850857e-02
  5.6141616e-02  7.6571459e-02  1.1740652e-01  1.6680502e-01  2.0876570e-01
  2.2916740e-01  2.2132330e-01  1.8852228e-01  1.4226494e-01  9.7159591e-02
  6.4859826e-02  4.9783672e-02  4.8510324e-02  5.2595941e-02  5.3081361e-02
  4.4224208e-02  2.4909423e-02 -2.5034296e-03 -3.4505259e-02 -6.8285905e-02
 -1.0194871e-01 -1.3328467e-01 -1.5835239e-01 -1.7130395e-01 -1.6601885e-01
 -1.3906047e-01 -9.2106652e-02 -3.2721869e-02  2.7561645e-02  7.6845826e-02
  1.0677477e-01  1.1495832e-01  1.0468360e-01  8.2901263e-02  5.6853917e-02
  3.1678919e-02  9.5188012e-03 -9.8439973e-03 -2.7429737e-02 -4.3853108e-02
 -5.9015442e-02 -7.2672271e-02 -8.5154244e-02 -9.7442752e-02 -1.1033979e-01
 -1.2320166e-01 -1.3296282e-01 -1.3443139e-01 -1.2197932e-01 -9.2103134e-02
 -4.5543283e-02  1.2086953e-02  7.1617011e-02  1.2303106e-01  1.5852299e-01
  1.7438531e-01  1.7133913e-01  1.5303563e-01  1.2425164e-01  8.9333075e-02
  5.1874846e-02  1.5300397e-02 -1.6350030e-02 -3.8379823e-02 -4.6480706e-02
 -3.8538112e-02 -1.6180836e-02  1.4988392e-02  4.6739245e-02  7.0813254e-02
  8.1598016e-02  7.7586268e-02  6.1103099e-02  3.6492666e-02  7.8623940e-03
 -2.2536846e-02 -5.4389884e-02 -8.8184600e-02 -1.2354814e-01 -1.5827324e-01
 -1.8852228e-01 -2.1017271e-01 -2.2061979e-01 -2.1998663e-01 -2.1103451e-01
 -1.9789651e-01 -1.8428365e-01 -1.7199515e-01 -1.6028000e-01 -1.4637518e-01
 -1.2668930e-01 -9.8010834e-02 -5.8487812e-02 -8.2078160e-03  5.0728130e-02
  1.1433571e-01  1.7714306e-01  2.3298392e-01  2.7646066e-01  3.0447782e-01
  3.1768617e-01  3.2069366e-01  3.2104541e-01  3.2651518e-01  3.4234409e-01
  3.6935875e-01  4.0376024e-01  4.3918182e-01  4.6971402e-01  4.9261318e-01
  5.0905765e-01  5.2300468e-01  5.3830596e-01  5.5594639e-01  5.7323508e-01
  5.8512434e-01  5.8718210e-01  5.7856414e-01  5.6359703e-01  5.5031834e-01
  5.4713497e-01  5.5902424e-01  5.8521228e-01  6.1943790e-01  6.5288965e-01
  6.7786415e-01  6.9087903e-01  6.9309508e-01  6.8883886e-01  6.8257765e-01
  6.7661543e-01  6.7037180e-01  6.6168349e-01  6.4891484e-01  6.3280453e-01
  6.1646558e-01  6.0438285e-01  5.9982764e-01  6.0367934e-01  6.1400331e-01
  6.2745788e-01  6.4105315e-01  6.5347005e-01  6.6509550e-01  6.7658025e-01
  6.8766049e-01  6.9626086e-01  6.9923318e-01  6.9393929e-01  6.7990432e-01
  6.5941468e-01  6.3653312e-01  6.1486510e-01  5.9567695e-01  5.7722748e-01
  5.5575293e-01  5.2798199e-01  4.9319357e-01  4.5423687e-01  4.1621232e-01
  3.8372788e-01  3.5804988e-01  3.3580147e-01  3.0980689e-01  2.7199339e-01
  2.1708467e-01  1.4497168e-01  6.0951845e-02 -2.6377994e-02 -1.0851947e-01
 -1.8011538e-01 -2.4021246e-01 -2.9162123e-01 -3.3866826e-01 -3.8495902e-01
 -4.3179500e-01 -4.7831440e-01 -5.2263534e-01 -5.6326287e-01 -5.9991558e-01
 -6.3340251e-01 -6.6462063e-01 -6.9365788e-01 -7.1928313e-01 -7.3936825e-01
 -7.5178515e-01 -7.5542580e-01 -7.5048366e-01 -7.3829540e-01 -7.2072532e-01
 -6.9933870e-01 -6.7527876e-01 -6.4919624e-01 -6.2182982e-01 -5.9425235e-01
 -5.6794119e-01 -5.4447923e-01 -5.2527349e-01 -5.1123852e-01 -5.0283162e-01
 -5.0028140e-01 -5.0374617e-01 -5.1343698e-01 -5.2917795e-01 -5.5038869e-01
 -5.7582047e-01 -6.0394316e-01 -6.3324422e-01 -6.6287945e-01 -6.9267297e-01
 -7.2295895e-01 -7.5386049e-01 -7.8483239e-01 -8.1441486e-01 -8.4058532e-01
 -8.6147948e-01 -8.7607725e-01 -8.8476556e-01 -8.8881072e-01 -8.8997151e-01
 -8.8951423e-01 -8.8757958e-01 -8.8341131e-01 -8.7567273e-01 -8.6362517e-01
 -8.4786662e-01 -8.3073622e-01 -8.1605051e-01 -8.0818882e-01 -8.1098526e-01
 -8.2637448e-01 -8.5361778e-01 -8.8912730e-01 -9.2734532e-01 -9.6185233e-01
 -9.8716100e-01 -1.0000000e+00 -9.9970101e-01 -9.8774139e-01 -9.6656583e-01
 -9.3817932e-01 -9.0335573e-01 -8.6167294e-01 -8.1262092e-01 -7.5662176e-01
 -6.9590911e-01 -6.3405326e-01 -5.7483556e-01 -5.2040170e-01 -4.7031201e-01
 -4.2159415e-01 -3.7015020e-01 -3.1272644e-01 -2.4842590e-01 -1.7914805e-01
 -1.0829259e-01 -3.9361216e-02  2.5554891e-02  8.5724085e-02  1.4062401e-01
  1.8831123e-01  2.2475289e-01  2.4455661e-01  2.4367723e-01  2.2227303e-01
  1.8644694e-01  1.4774350e-01  1.1976679e-01  1.1397341e-01  1.3566780e-01
  1.8259524e-01  2.4626262e-01  3.1525907e-01  3.7869781e-01  4.2840058e-01
  4.5884484e-01  4.6614373e-01  4.4677970e-01  3.9827289e-01  3.2111576e-01
  2.2127053e-01  1.1121918e-01  8.0715115e-03 -7.1110486e-02 -1.1516058e-01
 -1.2309438e-01 -1.0462732e-01 -7.6346336e-02 -5.4993141e-02 -5.1000739e-02
 -6.5055049e-02 -8.9255690e-02 -1.1180309e-01 -1.2344261e-01 -1.2153963e-01
 -1.1065813e-01 -9.9117099e-02 -9.4079989e-02 -9.6966126e-02 -1.0248866e-01
 -1.0063492e-01 -8.1321890e-02 -3.8726301e-02  2.6427240e-02  1.0724085e-01
  1.9356995e-01  2.7529987e-01  3.4473601e-01  3.9744627e-01  4.3151360e-01
  4.4649829e-01  4.4287523e-01  4.2240318e-01  3.8858208e-01  3.4702241e-01
  3.0463611e-01  2.6801857e-01  2.4156671e-01  2.2642372e-01  2.2086602e-01
  2.2185093e-01  2.2696894e-01  2.3579795e-01  2.4983292e-01  2.7123712e-01
  3.0087235e-01  3.3694467e-01  3.7503957e-01  4.0937071e-01  4.3494319e-01
  4.4938267e-01  4.5367407e-01  4.5165148e-01  4.4815154e-01  4.4725456e-01
  4.5080727e-01  4.5808857e-01  4.6637237e-01  4.7233459e-01  4.7316121e-01
  4.6769144e-01  4.5664638e-01  4.4252348e-01  4.2891062e-01  4.1951880e-01
  4.1712688e-01  4.2250871e-01  4.3365929e-01  4.4572444e-01  4.5202082e-01
  4.4560132e-01  4.2169967e-01  3.7957719e-01  3.2327905e-01  2.6094833e-01
  2.0218791e-01  1.5500721e-01  1.2283408e-01  1.0352105e-01  9.0226529e-02
  7.4730029e-02  5.1100988e-02  1.8878610e-02 -1.6204404e-02 -4.4018432e-02
 -5.4126068e-02 -4.0314468e-02 -3.5838404e-03  4.7442752e-02  9.9189208e-02
  1.3777657e-01  1.5368814e-01  1.4473953e-01  1.1617363e-01  7.7887017e-02
  4.0390095e-02  1.0938830e-02 -8.6309754e-03 -2.1490380e-02 -3.3715572e-02
 -5.1299729e-02 -7.7827219e-02 -1.1374653e-01 -1.5655844e-01 -2.0209997e-01
 -2.4578775e-01 -2.8319674e-01 -3.1031693e-01 -3.2349010e-01 -3.1993739e-01
 -2.9865630e-01 -2.6163425e-01 -2.1430581e-01 -1.6498294e-01 -1.2268634e-01
 -9.4516163e-02 -8.3161560e-02 -8.5873580e-02 -9.5687502e-02 -1.0425798e-01
 -1.0535193e-01 -9.7477927e-02 -8.4385663e-02 -7.3221007e-02 -7.1054205e-02
 -8.1388723e-02 -1.0205248e-01 -1.2568504e-01 -1.4241092e-01 -1.4365437e-01
 -1.2545816e-01 -8.9691864e-02 -4.3030005e-02  6.0563157e-03  5.0789687e-02
  8.8174048e-02  1.1941328e-01  1.4806008e-01  1.7772345e-01  2.0960991e-01
  2.4204158e-01  2.7127229e-01  2.9357346e-01  3.0711597e-01  3.1299026e-01
  3.1478420e-01  3.1703542e-01  3.2347251e-01  3.3580147e-01  3.5337156e-01
  3.7387879e-01  3.9442119e-01  4.1257167e-01  4.2718703e-01  4.3844314e-01
  4.4774702e-01  4.5699814e-01  4.6788491e-01  4.8098772e-01  4.9526892e-01
  5.0796722e-01  5.1530128e-01  5.1385909e-01  5.0211052e-01  4.8135706e-01
  4.5545042e-01  4.2887544e-01  4.0453410e-01  3.8138872e-01  3.5414541e-01
  3.1513595e-01  2.5746597e-01  1.7874354e-01  8.3356784e-02 -1.8182138e-02
 -1.1230961e-01 -1.8658764e-01 -2.3361708e-01 -2.5273488e-01 -2.4912941e-01
 -2.3147138e-01 -2.0909986e-01 -1.9007000e-01 -1.8051989e-01 -1.8472335e-01
 -2.0491400e-01 -2.4047627e-01 -2.8718914e-01 -3.3694467e-01 -3.7941890e-01
 -4.0523761e-01 -4.0956418e-01 -3.9428049e-01 -3.6707236e-01 -3.3792958e-01
 -3.1430933e-01 -2.9768898e-01 -2.8368919e-01 -2.6552112e-01 -2.3912202e-01
 -2.0667276e-01 -1.7629885e-01 -1.5745366e-01 -1.5473284e-01 -1.6315910e-01
 -1.6857434e-01 -1.5337859e-01 -1.0471526e-01 -2.1515002e-02  8.4243202e-02
  1.9260262e-01  2.8497309e-01  3.5287910e-01  4.0136832e-01  4.4549580e-01
  5.0123114e-01  5.7597875e-01  6.6328397e-01  7.4508424e-01  7.9981709e-01
  8.1235710e-01  7.8052341e-01  7.1492138e-01  6.3229449e-01  5.4651940e-01
  4.6194027e-01  3.7254212e-01  2.6778993e-01  1.4094235e-01 -4.0789335e-03
 -1.5144922e-01 -2.7883499e-01 -3.6631609e-01 -4.0497379e-01 -4.0054170e-01
 -3.7099441e-01 -3.3919589e-01 -3.2410567e-01 -3.3488691e-01 -3.6953463e-01
 -4.1802385e-01 -4.6802561e-01 -5.0976116e-01 -5.3864012e-01 -5.5490872e-01
 -5.6162721e-01 -5.6243624e-01 -5.6025537e-01 -5.5723029e-01 -5.5510218e-01
 -5.5515495e-01 -5.5777551e-01 -5.6192620e-01 -5.6482817e-01 -5.6328045e-01
 -5.5538359e-01 -5.4226318e-01 -5.2857997e-01 -5.2105245e-01 -5.2529108e-01
 -5.4233353e-01 -5.6678040e-01 -5.8728763e-01 -5.8982025e-01 -5.6234831e-01
 -4.9906785e-01 -4.0242358e-01 -2.8212389e-01 -1.5198741e-01 -2.5806395e-02
  8.5914031e-02  1.7726617e-01  2.4643850e-01  2.9396039e-01  3.2139716e-01
  3.3082416e-01  3.2531922e-01  3.0978930e-01  2.9104084e-01  2.7683000e-01
  2.7380492e-01  2.8532484e-01  3.1049281e-01  3.4424355e-01  3.7943649e-01
  4.0901896e-01  4.2810159e-01  4.3469696e-01  4.2929755e-01  4.1376763e-01
  3.8991874e-01  3.5905238e-01  3.2171374e-01  2.7788526e-01  2.2717999e-01
  1.6882057e-01  1.0206831e-01  2.6910901e-02 -5.4760984e-02 -1.3799641e-01
 -2.1453445e-01 -2.7424461e-01 -3.0781948e-01 -3.1007070e-01 -2.8229976e-01
 -2.3212213e-01 -1.7104541e-01 -1.1025889e-01 -5.6913715e-02 -1.2472299e-02
  2.5954131e-02  6.2209364e-02  9.7404059e-02  1.2805410e-01  1.4712266e-01
  1.4754124e-01  1.2603679e-01  8.5217560e-02  3.2869605e-02 -2.1310985e-02
 -6.9620810e-02 -1.0868655e-01 -1.3906926e-01 -1.6256288e-01 -1.7909529e-01
 -1.8526856e-01 -1.7581695e-01 -1.4719652e-01 -1.0131908e-01 -4.6962609e-02
  2.4587569e-03  3.3907278e-02  4.0465722e-02  2.4675507e-02 -2.2422526e-03
 -2.5162686e-02 -3.1617363e-02 -1.7157304e-02  1.3019628e-02  4.6758592e-02
  7.0603961e-02  7.5686799e-02  6.1280734e-02  3.4649478e-02  7.5787048e-03
 -8.5834887e-03 -7.1794646e-03  1.1768617e-02  4.2264941e-02  7.4965704e-02
  1.0031834e-01  1.1129832e-01  1.0465546e-01  8.1038728e-02  4.4222449e-02
 -8.6515530e-06 -4.5040276e-02 -8.4464807e-02 -1.1300433e-01 -1.2710261e-01
 -1.2527349e-01 -1.0810968e-01 -7.7767421e-02 -3.7368532e-02  9.5947800e-03
  5.9718949e-02  1.0993176e-01  1.5761019e-01  2.0051708e-01  2.3690598e-01
  2.6539801e-01  2.8493792e-01  2.9457596e-01  2.9341517e-01  2.8061135e-01
  2.5597102e-01  2.2040874e-01  1.7682648e-01  1.2999578e-01  8.6137395e-02
  5.1535404e-02  3.0794259e-02  2.5320975e-02  3.2720110e-02  4.7210595e-02
  6.1504098e-02  6.9163530e-02  6.6987935e-02  5.6523268e-02  4.3800345e-02
  3.7535615e-02  4.5877449e-02  7.2980056e-02  1.1651307e-01  1.6733969e-01
  2.1166766e-01  2.3542861e-01  2.2913222e-01  1.9172324e-01  1.3151887e-01
  6.3458089e-02  4.1176264e-03 -3.4538675e-02 -4.9477646e-02 -4.7637975e-02
 -4.2993070e-02 -5.1042949e-02 -8.2742974e-02 -1.4044813e-01 -2.1720778e-01
 -2.9946533e-01 -3.7199690e-01 -4.2250871e-01 -4.4491540e-01 -4.3985015e-01
 -4.1304654e-01 -3.7280594e-01 -3.2751768e-01 -2.8414647e-01 -2.4770481e-01
 -2.2123536e-01 -2.0602202e-01 -2.0167786e-01 -2.0621548e-01 -2.1648669e-01
 -2.2909705e-01 -2.4146118e-01 -2.5248866e-01 -2.6268951e-01 -2.7345316e-01
 -2.8581730e-01 -2.9962362e-01 -3.1339477e-01 -3.2496746e-01 -3.3284674e-01
 -3.3712055e-01 -3.3960041e-01 -3.4292448e-01 -3.4925604e-01 -3.5894685e-01
 -3.7018537e-01 -3.7961237e-01 -3.8351683e-01 -3.7933096e-01 -3.6612262e-01
 -3.4470083e-01 -3.1707060e-01 -2.8569419e-01 -2.5313940e-01 -2.2206198e-01
 -1.9517042e-01 -1.7481797e-01 -1.6244152e-01 -1.5756798e-01 -1.5752928e-01
 -1.5791269e-01 -1.5368814e-01 -1.4107426e-01 -1.1862359e-01 -8.7667523e-02
 -5.1484400e-02 -1.4084034e-02  2.1064758e-02  5.1375356e-02  7.4842590e-02
  8.9413979e-02  9.2862922e-02  8.3492209e-02  6.1424953e-02  2.9644025e-02
 -6.1372190e-03 -3.9146646e-02 -6.4129938e-02 -7.9693271e-02 -8.8826550e-02
 -9.7207077e-02 -1.0961342e-01 -1.2677548e-01 -1.4354356e-01 -1.5077034e-01
 -1.3941222e-01 -1.0538886e-01 -5.2838651e-02  6.1945549e-03  5.5782827e-02
  8.2046502e-02  7.8469169e-02  4.8118119e-02  1.8810018e-03 -4.6341764e-02
 -8.5173590e-02 -1.0956066e-01 -1.2141827e-01 -1.2717999e-01 -1.3399170e-01
 -1.4643674e-01 -1.6518344e-01 -1.8780119e-01 -2.1078828e-01 -2.3154174e-01
 -2.4902388e-01 -2.6337543e-01 -2.7466671e-01 -2.8224700e-01 -2.8477963e-01
 -2.8094551e-01 -2.7058637e-01 -2.5502128e-01 -2.3674769e-01 -2.1852686e-01
 -2.0252207e-01 -1.8999965e-01 -1.8136410e-01 -1.7665060e-01 -1.7577122e-01
 -1.7814556e-01 -1.8264800e-01 -1.8736150e-01 -1.9054487e-01 -1.9196947e-01
 -1.9399205e-01 -2.0158993e-01 -2.2072532e-01 -2.5526751e-01 -3.0380949e-01
 -3.5831369e-01 -4.0529037e-01 -4.2991312e-01 -4.2140068e-01 -3.7753702e-01
 -3.0616624e-01 -2.2280066e-01 -1.4556263e-01 -8.9062225e-02 -6.0037286e-02
 -5.6444124e-02 -6.9921559e-02 -9.0298639e-02 -1.0990186e-01 -1.2578705e-01
 -1.3926624e-01 -1.5320272e-01 -1.6909318e-01 -1.8516304e-01 -1.9675332e-01
 -1.9817792e-01 -1.8558514e-01 -1.5864258e-01 -1.2078687e-01 -7.7726969e-02
 -3.5201731e-02  2.9784727e-03  3.5699462e-02  6.4061346e-02  9.0069999e-02
  1.1538394e-01  1.4065039e-01  1.6573217e-01  1.9028105e-01  2.1442893e-01
  2.3884062e-01  2.6437792e-01  2.9158606e-01  3.2028914e-01  3.4966056e-01
  3.7869781e-01  4.0652151e-01  4.3272714e-01  4.5687502e-01  4.7820887e-01
  4.9514580e-01  5.0564564e-01  5.0782652e-01  5.0082662e-01  4.8550776e-01
  4.6424426e-01  4.4020191e-01  4.1626508e-01  3.9424531e-01  3.7459988e-01
  3.5715291e-01  3.4179887e-01  3.2918850e-01  3.2069366e-01  3.1784445e-01
  3.2127405e-01  3.3027894e-01  3.4299483e-01  3.5711773e-01  3.7099441e-01
  3.8420275e-01  3.9744627e-01  4.1167470e-01  4.2708150e-01  4.4271694e-01
  4.5657603e-01  4.6674171e-01  4.7235218e-01  4.7407577e-01  4.7386472e-01
  4.7404059e-01  4.7618629e-01  4.8054803e-01  4.8643990e-01  4.9275388e-01
  4.9897991e-01  5.0539942e-01  5.1261036e-01  5.2092933e-01  5.2958247e-01
  5.3684618e-01  5.4060994e-01  5.3923810e-01  5.3222062e-01  5.2015548e-01
  5.0422104e-01  4.8566605e-01  4.6535228e-01  4.4412396e-01  4.2305392e-01
  4.0354919e-01  3.8682331e-01  3.7282353e-01  3.5965036e-01  3.4396215e-01
  3.2243484e-01  2.9434732e-01  2.6309402e-01  2.3611453e-01  2.2199163e-01
  2.2626543e-01  2.4749376e-01  2.7598579e-01  2.9615885e-01  2.9223680e-01
  2.5465194e-01  1.8438918e-01  9.3038798e-02 -1.6939217e-03 -8.2825636e-02
 -1.4030392e-01 -1.7367125e-01 -1.8999965e-01 -1.9882866e-01 -2.0628583e-01
 -2.1207218e-01 -2.1024306e-01 -1.9335889e-01 -1.5740265e-01 -1.0501425e-01
 -4.5091280e-02  1.0823279e-02  5.3385627e-02  7.9086496e-02  9.0942348e-02
  9.6192268e-02  1.0229167e-01  1.1361814e-01  1.3020155e-01  1.4885504e-01
  1.6570755e-01  1.7839178e-01  1.8693939e-01  1.9284885e-01  1.9726336e-01
  1.9969046e-01  1.9787893e-01  1.8927855e-01  1.7278307e-01  1.5019346e-01
  1.2596468e-01  1.0569137e-01  9.3846073e-02  9.1955398e-02  9.8095255e-02
  1.0782476e-01  1.1598368e-01  1.1851455e-01  1.1346336e-01  1.0099194e-01
  8.2651518e-02  6.0531500e-02  3.6714271e-02  1.3229801e-02 -7.8099828e-03
 -2.4183053e-02 -3.3961800e-02 -3.6204228e-02 -3.1601534e-02 -2.2549158e-02
 -1.2569383e-02 -5.0976116e-03 -2.2334588e-03 -4.0205424e-03 -8.5511274e-03
 -1.3023321e-02 -1.5116255e-02 -1.4184811e-02 -1.1468747e-02 -9.5274192e-03
 -1.0724964e-02 -1.5818882e-02 -2.3162967e-02 -2.8991523e-02 -2.8878962e-02
 -1.9650709e-02 -1.0695065e-03  2.3632558e-02  4.8577157e-02  6.7234162e-02
  7.4779275e-02  6.9845932e-02  5.5077562e-02  3.5838404e-02  1.8224348e-02
  6.4717366e-03  1.5668508e-03  9.4503852e-04 -1.3694819e-04 -6.3303317e-03
 -2.0206479e-02 -4.1216715e-02 -6.5976644e-02 -8.9800908e-02 -1.0866545e-01
 -1.2083436e-01 -1.2723627e-01 -1.3075557e-01 -1.3462134e-01 -1.4098632e-01
 -1.5005452e-01 -1.6045235e-01 -1.7034015e-01 -1.7890183e-01 -1.8715044e-01
 -1.9782616e-01 -2.1425305e-01 -2.3841852e-01 -2.6983010e-01 -3.0489993e-01
 -3.3798234e-01 -3.6329101e-01 -3.7699180e-01 -3.7873298e-01 -3.7164515e-01
 -3.6102220e-01 -3.5228112e-01 -3.4865806e-01 -3.5004749e-01 -3.5301980e-01
 -3.5199972e-01 -3.4127124e-01 -3.1680678e-01 -2.7737522e-01 -2.2501671e-01
 -1.6451335e-01 -1.0231102e-01 -4.5251328e-02  8.4577368e-04  3.2648000e-02
  5.0300749e-02  5.7953146e-02  6.3027191e-02  7.4344859e-02  9.9398502e-02
  1.4125717e-01  1.9670055e-01  2.5605895e-01  3.0570896e-01  3.3202012e-01
  3.2598755e-01  2.8645046e-01  2.2070773e-01  1.4220163e-01  6.6080411e-02
  4.3819691e-03 -3.7442400e-02 -6.1217419e-02 -7.3979035e-02 -8.4222097e-02
 -9.8105807e-02 -1.1729748e-01 -1.3924690e-01 -1.5953604e-01 -1.7496395e-01
 -1.8591931e-01 -1.9666538e-01 -2.1353196e-01 -2.4179535e-01 -2.8242288e-01
 -3.3064828e-01 -3.7669281e-01 -4.0856168e-01 -4.1631784e-01 -3.9537092e-01
 -3.4828872e-01 -2.8370678e-01 -2.1351437e-01 -1.4858595e-01 -9.5411376e-02
 -5.4549931e-02 -2.1288121e-02  1.1573217e-02  5.0288438e-02  9.7351296e-02
  1.5043442e-01  2.0329593e-01  2.4812691e-01  2.7830736e-01  2.9039009e-01
  2.8483239e-01  2.6497590e-01  2.3588589e-01  2.0252207e-01  1.6894368e-01
  1.3814063e-01  1.1213022e-01  9.2184037e-02  7.8460375e-02  6.9411516e-02
  6.1261388e-02  4.8204298e-02  2.3678286e-02 -1.7510465e-02 -7.6998839e-02
 -1.5152309e-01 -2.3291357e-01 -3.1015864e-01 -3.7233107e-01 -4.1179781e-01
 -4.2623729e-01 -4.1902635e-01 -3.9751662e-01 -3.7030849e-01 -3.4434908e-01
 -3.2312076e-01 -3.0643005e-01 -2.9142777e-01 -2.7470189e-01 -2.5428260e-01
 -2.3053924e-01 -2.0598684e-01 -1.8394949e-01 -1.6688769e-01 -1.5488761e-01
 -1.4553977e-01 -1.3456682e-01 -1.1761757e-01 -9.2138309e-02 -5.8598614e-02
 -2.0582856e-02  1.6465581e-02  4.7282704e-02  6.8723838e-02  8.1160083e-02
  8.8056210e-02  9.4551338e-02  1.0515846e-01  1.2175244e-01  1.4278202e-01
  1.6377643e-01  1.7914805e-01  1.8437159e-01  1.7738929e-01  1.5892750e-01
  1.3155405e-01  9.8271132e-02  6.1359879e-02  2.2308206e-02 -1.7331246e-02
 -5.4657216e-02 -8.4770833e-02 -1.0146505e-01 -9.9298252e-02 -7.6158148e-02
 -3.5120827e-02  1.5355271e-02  6.3753562e-02  9.9052024e-02  1.1446234e-01
  1.0947272e-01  8.9512470e-02  6.3298041e-02  3.9095642e-02  2.1785852e-02
  1.1632840e-02  5.5142636e-03 -5.5596398e-04 -8.8647156e-03 -1.8688663e-02
 -2.6829998e-02 -2.9448802e-02 -2.4181294e-02 -1.1330859e-02  6.3415878e-03
  2.4958669e-02  4.1197369e-02  5.3401456e-02  6.1695804e-02  6.7297478e-02
  7.1629322e-02  7.5718457e-02  8.0263112e-02  8.5804988e-02  9.2822470e-02
  1.0145802e-01  1.1088853e-01  1.1908263e-01  1.2321397e-01  1.2092054e-01
  1.1167822e-01  9.7365366e-02  8.1649020e-02  6.8064301e-02  5.7866967e-02
  4.9060818e-02  3.7185620e-02  1.8231383e-02 -8.0461852e-03 -3.6114531e-02
 -5.5397657e-02 -5.4147174e-02 -2.4555911e-02  3.2591720e-02  1.0656548e-01
  1.7925358e-01  2.3083823e-01  2.4640332e-01  2.2046150e-01  1.5794963e-01
  7.1675050e-02 -2.2682824e-02 -1.1134581e-01 -1.8525098e-01 -2.4040592e-01
 -2.7637272e-01 -2.9420662e-01 -2.9542017e-01 -2.8187766e-01 -2.5660417e-01
 -2.2396145e-01 -1.8920820e-01 -1.5688557e-01 -1.2926941e-01 -1.0557178e-01
 -8.2651518e-02 -5.6908439e-02 -2.6413170e-02  7.8474445e-03  4.2236800e-02
  7.2028562e-02  9.3337789e-02  1.0452355e-01  1.0632980e-01  1.0089697e-01
  9.0536072e-02  7.6854620e-02  6.0797073e-02  4.3302614e-02  2.5943579e-02
  1.0911921e-02  2.0681347e-04 -5.5628056e-03 -7.9522671e-03 -1.0440395e-02
 -1.7032256e-02 -3.0377431e-02 -5.0309543e-02 -7.3622006e-02 -9.5261880e-02
 -1.1040311e-01 -1.1639875e-01 -1.1371663e-01 -1.0547856e-01 -9.5949559e-02
 -8.8759717e-02 -8.5699462e-02 -8.6608745e-02 -9.0036582e-02 -9.4284006e-02
 -9.8121636e-02 -1.0088994e-01 -1.0210876e-01 -1.0102536e-01 -9.6570403e-02
 -8.7776566e-02 -7.4506666e-02 -5.7990081e-02 -4.0768230e-02 -2.5999859e-02
 -1.6340181e-02 -1.2947518e-02 -1.4990854e-02 -1.9930353e-02 -2.4309684e-02
 -2.4918217e-02 -1.9580358e-02 -7.5639312e-03  1.0448837e-02  3.2969855e-02
  5.8132541e-02  8.4222097e-02  1.0981392e-01  1.3360829e-01  1.5416300e-01
  1.6957860e-01  1.7760034e-01  1.7566745e-01  1.6197897e-01  1.3605825e-01
  9.9792465e-02  5.7550389e-02  1.5628759e-02 -1.9003482e-02 -4.0437581e-02
 -4.5333990e-02 -3.3715572e-02 -8.6879595e-03  2.4668472e-02  6.0877977e-02
  9.5274192e-02  1.2468078e-01  1.4731788e-01  1.6231489e-01  1.6938513e-01
  1.6891906e-01  1.6235534e-01  1.5260298e-01  1.4370889e-01  1.3988885e-01
  1.4382145e-01  1.5514967e-01  1.6990221e-01  1.8136410e-01  1.8229625e-01
  1.6770024e-01  1.3679166e-01  9.3666678e-02  4.5930212e-02  2.0818530e-03
 -3.1330683e-02 -5.1552992e-02 -5.9889549e-02 -6.0350346e-02 -5.7562700e-02
 -5.4804953e-02 -5.3093672e-02 -5.1479123e-02 -4.8148018e-02 -4.1631784e-02
 -3.1522389e-02 -1.8401984e-02 -3.2436948e-03  1.3280101e-02  3.1095009e-02
  5.0517078e-02  7.1685603e-02  9.4043055e-02  1.1614724e-01  1.3610398e-01
  1.5210876e-01  1.6318196e-01  1.6945373e-01  1.7204791e-01  1.7265996e-01
  1.7270041e-01  1.7288508e-01  1.7269162e-01  1.7033487e-01  1.6311865e-01
  1.4794224e-01  1.2219740e-01  8.4735657e-02  3.6737135e-02 -1.8036160e-02
 -7.3708185e-02 -1.2358683e-01 -1.6193851e-01 -1.8567308e-01 -1.9510007e-01
 -1.9374582e-01 -1.8665799e-01 -1.7846213e-01 -1.7173309e-01 -1.6637061e-01
 -1.6027472e-01 -1.5104471e-01 -1.3754793e-01 -1.2069190e-01 -1.0293011e-01
 -8.6701959e-02 -7.2849907e-02 -5.9740054e-02 -4.3814415e-02 -2.1363748e-02
  9.3149601e-03  4.6466636e-02  8.4978367e-02  1.1808892e-01  1.3984136e-01
  1.4743044e-01  1.4203630e-01  1.2830912e-01  1.1221816e-01  9.8985191e-02
  9.1448873e-02  8.9763973e-02  9.2252629e-02  9.6825425e-02  1.0203841e-01
  1.0756446e-01  1.1377994e-01  1.2106124e-01  1.2923072e-01  1.3757431e-01
  1.4526716e-01  1.5188364e-01  1.5764009e-01  1.6305885e-01  1.6856555e-01
  1.7394386e-01  1.7849731e-01  1.8155756e-01  1.8340427e-01  1.8553238e-01
  1.9043934e-01  2.0067537e-01  2.1741883e-01  2.3961448e-01  2.6399100e-01
  2.8595800e-01  3.0124169e-01  3.0739738e-01  3.0447782e-01  2.9464631e-01
  2.8103345e-01  2.6641809e-01  2.5236554e-01  2.3919237e-01  2.2649407e-01
  2.1398924e-01  2.0166028e-01  1.8968307e-01  1.7751240e-01  1.6321010e-01
  1.4362271e-01  1.1501987e-01  7.4812691e-02  2.2844630e-02 -3.7778325e-02
 -1.0119772e-01 -1.6033628e-01 -2.0897675e-01 -2.4343100e-01 -2.6334025e-01
 -2.7125470e-01 -2.7136023e-01 -2.6794822e-01 -2.6425481e-01 -2.6209153e-01
 -2.6198600e-01 -2.6399100e-01 -2.6798340e-01 -2.7399838e-01 -2.8207112e-01
 -2.9193781e-01 -3.0296528e-01 -3.1430933e-01 -3.2542474e-01 -3.3604770e-01
 -3.4640684e-01 -3.5683633e-01 -3.6728341e-01 -3.7692145e-01 -3.8437863e-01
 -3.8815998e-01 -3.8735094e-01 -3.8219776e-01 -3.7382602e-01 -3.6360758e-01
 -3.5192937e-01 -3.3745471e-01 -3.1703542e-01 -2.8666151e-01 -2.4327271e-01
 -1.8657005e-01 -1.2010271e-01 -5.0789687e-02  1.2732773e-02  6.2807345e-02
  9.5168666e-02  1.1023779e-01  1.1251187e-01  1.0854057e-01  1.0400999e-01
  1.0145450e-01  9.9537444e-02  9.4192550e-02  8.1198776e-02  5.9112174e-02
  3.0910338e-02  3.7023814e-03 -1.3554293e-02 -1.3610222e-02  5.9098104e-03
  4.1146365e-02  8.3050758e-02  1.2039818e-01  1.4375989e-01  1.4862992e-01
  1.3656478e-01  1.1397868e-01  8.9220514e-02  6.9339407e-02  5.7837068e-02
  5.4173555e-02  5.4938619e-02  5.5833832e-02  5.3426079e-02  4.5924936e-02
  3.2806289e-02  1.4030743e-02 -1.0565971e-02 -4.1151641e-02 -7.7118435e-02
 -1.1618770e-01 -1.5419466e-01 -1.8584896e-01 -2.0644412e-01 -2.1351437e-01
 -2.0792149e-01 -1.9351718e-01 -1.7583454e-01 -1.6004784e-01 -1.4954800e-01
 -1.4543072e-01 -1.4703296e-01 -1.5301277e-01 -1.6213374e-01 -1.7357452e-01
 -1.8646453e-01 -1.9932112e-01 -2.1010236e-01 -2.1676809e-01 -2.1828063e-01
 -2.1532590e-01 -2.1006718e-01 -2.0475571e-01 -2.0000704e-01 -1.9348201e-01
 -1.8018573e-01 -1.5429843e-01 -1.1203876e-01 -5.4097928e-02  1.3779240e-02
  8.2278659e-02  1.4187801e-01  1.8623589e-01  2.1437617e-01  2.3018748e-01
  2.3994864e-01  2.4895353e-01  2.5873228e-01  2.6668191e-01  2.6763164e-01
  2.5690316e-01  2.3307186e-01  1.9921559e-01  1.6181716e-01  1.2849907e-01
  1.0519716e-01  9.4468676e-02  9.5425446e-02  1.0480671e-01  1.1881002e-01
  1.3423265e-01  1.4888494e-01  1.6117873e-01  1.6950649e-01  1.7211298e-01
  1.6764923e-01  1.5580569e-01  1.3792079e-01  1.1662387e-01  9.4783496e-02
  7.4281543e-02  5.5190123e-02  3.5959759e-02  1.4536917e-02 -1.0171656e-02
 -3.7342151e-02 -6.4297021e-02 -8.7671040e-02 -1.0499138e-01 -1.1588871e-01
 -1.2219037e-01 -1.2685286e-01 -1.3222765e-01 -1.3860319e-01 -1.4377220e-01
 -1.4390763e-01 -1.3531781e-01 -1.1629674e-01 -8.8123043e-02 -5.4811988e-02
 -2.1678568e-02  6.5352281e-03  2.7169440e-02  4.0156179e-02  4.7433958e-02
  5.1605755e-02  5.4576313e-02  5.6725527e-02  5.6978789e-02  5.3561504e-02
  4.5068416e-02  3.1307819e-02  1.3533188e-02 -5.9632769e-03 -2.4722994e-02
 -4.0974005e-02 -5.4115516e-02 -6.4631186e-02 -7.3512962e-02 -8.1538218e-02
 -8.8729818e-02 -9.4428225e-02 -9.7805058e-02 -9.8675648e-02 -9.8111084e-02
 -9.8327412e-02 -1.0196630e-01 -1.1085863e-01 -1.2491294e-01 -1.4174435e-01
 -1.5719336e-01 -1.6698969e-01 -1.6835098e-01 -1.6115938e-01 -1.4798621e-01
 -1.3298392e-01 -1.2005698e-01 -1.1141440e-01 -1.0683809e-01 -1.0436350e-01
 -1.0165324e-01 -9.7397024e-02 -9.2027507e-02 -8.7257730e-02 -8.4820078e-02
 -8.5131380e-02 -8.6605227e-02 -8.6169053e-02 -8.0657076e-02 -6.8435400e-02
 -5.0262056e-02 -2.9142777e-02 -8.9466742e-03  7.2628302e-03  1.8426607e-02
  2.5627001e-02  3.1149530e-02  3.7039643e-02  4.3985015e-02  5.1115059e-02
  5.6787084e-02  5.9755883e-02  6.0086531e-02  5.9119209e-02  5.8586303e-02
  5.9266946e-02  6.0156882e-02  5.8568715e-02  5.1375356e-02  3.6694924e-02
  1.5215801e-02 -9.5835239e-03 -3.2542474e-02 -4.8745999e-02 -5.5409969e-02
 -5.2821063e-02 -4.3935770e-02 -3.2897745e-02 -2.3235077e-02 -1.6549122e-02
 -1.2295719e-02 -8.6258750e-03 -3.7247177e-03  3.0245524e-03  1.0679236e-02
  1.7198283e-02  2.0498435e-02  1.9423828e-02  1.4259559e-02  6.4991734e-03
 -1.8637659e-03 -9.1619473e-03 -1.4499631e-02 -1.7742446e-02 -1.9045693e-02
 -1.8361532e-02 -1.5148792e-02 -8.5400471e-03  2.1240635e-03  1.6692110e-02
  3.3889690e-02  5.1468571e-02  6.6871856e-02  7.8064652e-02  8.4318829e-02
  8.6425833e-02  8.6334377e-02  8.6262267e-02  8.7690387e-02  9.0601147e-02
  9.3357135e-02  9.3214675e-02  8.7401949e-02  7.4198881e-02  5.3682859e-02
  2.7790285e-02 -2.5618207e-04 -2.6984769e-02 -4.9686939e-02 -6.7077632e-02
 -7.9309860e-02 -8.7521545e-02 -9.3066939e-02 -9.6892258e-02 -9.9159309e-02
 -9.9389708e-02 -9.6850047e-02 -9.1067220e-02 -8.2130923e-02 -7.0756974e-02
 -5.8037567e-02 -4.5054346e-02 -3.2493229e-02 -2.0447430e-02 -8.5039924e-03
  3.9734074e-03  1.7403356e-02  3.1568117e-02  4.5407858e-02  5.7103662e-02
  6.4536213e-02  6.5948503e-02  6.0640543e-02  4.9373879e-02  3.4348728e-02
  1.8667558e-02  5.4136621e-03 -3.2669105e-03 -6.7441697e-03 -5.9282775e-03
 -2.7097330e-03  9.2039818e-04  3.7247177e-03  5.6201414e-03  7.5340322e-03
  1.0737627e-02  1.6198424e-02  2.3980794e-02  3.3288192e-02  4.2736290e-02
  5.1120335e-02  5.7771993e-02  6.2812621e-02  6.6912308e-02  7.0823807e-02
  7.4999121e-02  7.9352070e-02  8.3418340e-02  8.6656231e-02  8.8773787e-02
  8.9915227e-02  9.0485068e-02  9.0965212e-02  9.1566710e-02  9.2106652e-02
  9.2045095e-02  9.0771747e-02  8.7899680e-02  8.3529143e-02  7.8303845e-02
  7.3284322e-02  6.9631362e-02  6.8254247e-02  6.9488902e-02  7.2944880e-02
  7.7565162e-02  8.1882936e-02  8.4397974e-02  8.4030392e-02  8.0379190e-02
  7.3818988e-02  6.5271378e-02  5.5863731e-02  4.6480706e-02  3.7491646e-02
  2.8692532e-02  1.9589152e-02  9.7687221e-03 -7.2756692e-04 -1.1251187e-02
 -2.0658483e-02 -2.7697070e-02 -3.1406310e-02 -3.1441486e-02 -2.8085758e-02
 -2.2065497e-02 -1.4202399e-02 -5.1449224e-03  4.7613353e-03  1.5368814e-02
  2.6501108e-02  3.7741391e-02  4.8410074e-02  5.7698125e-02  6.4946006e-02
  6.9893419e-02  7.2795385e-02  7.4306166e-02  7.5226002e-02  7.6175736e-02
  7.7463154e-02  7.9019663e-02  8.0678181e-02  8.2331422e-02  8.4107777e-02
  8.6399451e-02  8.9625031e-02  9.4051848e-02  9.9679904e-02  1.0618031e-01
  1.1310282e-01  1.2000774e-01  1.2655915e-01  1.3244750e-01  1.3715572e-01
  1.3980618e-01  1.3914137e-01  1.3384748e-01  1.2301699e-01  1.0671673e-01
  8.6244680e-02  6.3994513e-02  4.2894579e-02  2.5586549e-02  1.3702205e-02
  7.4830279e-03  5.9168455e-03  7.2584333e-03  9.7182455e-03  1.1979669e-02
  1.3369447e-02  1.3681804e-02  1.2832847e-02  1.0553660e-02  6.3356080e-03
 -3.8826550e-04 -9.9212072e-03 -2.2061979e-02 -3.6072321e-02 -5.0872349e-02
 -6.5347005e-02 -7.8636252e-02 -9.0240599e-02 -9.9987689e-02 -1.0785641e-01
 -1.1387316e-01 -1.1809772e-01 -1.2070069e-01 -1.2211122e-01 -1.2294664e-01
 -1.2399135e-01 -1.2589257e-01 -1.2902846e-01 -1.3330930e-01 -1.3831651e-01
 -1.4344683e-01 -1.4812691e-01 -1.5195751e-01 -1.5473108e-01 -1.5642478e-01
 -1.5707376e-01 -1.5675543e-01 -1.5561574e-01 -1.5379718e-01 -1.5153540e-01
 -1.4897640e-01 -1.4617116e-01 -1.4306166e-01 -1.3965845e-01 -1.3622885e-01
 -1.3342713e-01 -1.3218720e-01 -1.3351859e-01 -1.3779064e-01 -1.4447044e-01
 -1.5190299e-01 -1.5767878e-01 -1.5943930e-01 -1.5565268e-01 -1.4635935e-01
 -1.3318091e-01 -1.1873439e-01 -1.0567027e-01 -9.5713884e-02 -8.9058708e-02
 -8.4485912e-02 -7.9978191e-02 -7.3646628e-02 -6.4437722e-02 -5.2435893e-02
 -3.8624292e-02 -2.4329030e-02 -1.0650568e-02  1.8641176e-03  1.3161385e-02
  2.3384572e-02  3.2547751e-02  4.0361954e-02  4.6327694e-02  4.9980654e-02
  5.1173098e-02  5.0167083e-02  4.7534208e-02  4.3888283e-02  3.9658447e-02
  3.4951986e-02  2.9612368e-02  2.3379296e-02  1.6116290e-02  7.9193781e-03
 -8.8052693e-04 -9.7986211e-03 -1.8310528e-02 -2.5961166e-02 -3.2412325e-02
 -3.7474058e-02 -4.1086567e-02 -4.3300855e-02 -4.4217173e-02 -4.3912906e-02
 -4.2322980e-02 -3.9248655e-02 -3.4445461e-02 -2.7867670e-02 -1.9898695e-02
 -1.1494249e-02 -4.0390095e-03  1.0380597e-03  2.8240529e-03  1.3406557e-03
 -2.3727532e-03 -6.6310809e-03 -9.7550037e-03 -1.0754863e-02 -9.6169404e-03
 -7.0836118e-03 -4.0156179e-03 -6.4284709e-04  3.8031587e-03  1.0817299e-02
  2.1923036e-02  3.7720286e-02  5.7307679e-02  7.8479721e-02  9.8596504e-02
  1.1579901e-01  1.2974603e-01  1.4174786e-01  1.5403989e-01  1.6837912e-01
  1.8500475e-01  2.0224067e-01  2.1713743e-01  2.2675789e-01  2.2951915e-01
  2.2589609e-01  2.1812234e-01  2.0897675e-01  2.0044673e-01  1.9262021e-01
  1.8375602e-01  1.7120194e-01  1.5277006e-01  1.2797496e-01  9.8512083e-02
  6.7754757e-02  3.9545886e-02  1.6927082e-02  1.2672095e-03 -7.8585247e-03
 -1.2131626e-02 -1.3692532e-02 -1.4449858e-02 -1.5831545e-02 -1.8857505e-02
 -2.4411692e-02 -3.3353266e-02 -4.6376939e-02 -6.3621654e-02 -8.4317071e-02
 -1.0664990e-01 -1.2808752e-01 -1.4606564e-01 -1.5876570e-01 -1.6575504e-01
 -1.6803088e-01 -1.6767034e-01 -1.6685075e-01 -1.6689296e-01 -1.6755426e-01
 -1.6685427e-01 -1.6164832e-01 -1.4878293e-01 -1.2635865e-01 -9.4695557e-02
 -5.6551409e-02 -1.6439727e-02  2.0756974e-02  5.1371839e-02  7.4066974e-02
  9.0069999e-02  1.0230399e-01  1.1384678e-01  1.2633930e-01  1.3906574e-01
  1.4919097e-01  1.5300046e-01  1.4770481e-01  1.3291533e-01  1.1114003e-01
  8.7053713e-02  6.5834183e-02  5.1333146e-02  4.4832741e-02  4.4947061e-02
  4.8594745e-02  5.2585388e-02  5.4966759e-02  5.5612227e-02  5.5772275e-02
  5.6975272e-02  5.9838545e-02  6.3496781e-02  6.5832425e-02  6.4499279e-02
  5.8037567e-02  4.6640754e-02  3.2071125e-02  1.6901931e-02  3.3894966e-03
 -7.3571001e-03 -1.5567906e-02 -2.2292378e-02 -2.8560625e-02 -3.4698723e-02
 -4.0237082e-02 -4.4377220e-02 -4.6758592e-02 -4.7942242e-02 -4.9247248e-02
 -5.1904745e-02 -5.6002673e-02 -5.9796335e-02 -5.9965176e-02 -5.2822822e-02
 -3.6038904e-02 -1.0033592e-02  2.1717261e-02  5.3721552e-02  8.0437230e-02
  9.8327412e-02  1.0699286e-01  1.0889233e-01  1.0781420e-01  1.0692779e-01
  1.0733934e-01  1.0811495e-01  1.0725316e-01  1.0347005e-01  9.7337226e-02
  9.1251891e-02  8.8065004e-02  8.9303176e-02  9.3601604e-02  9.6792008e-02
  9.3445074e-02  7.9216645e-02  5.3188645e-02  1.8546203e-02 -1.8278870e-02
 -5.0086180e-02 -7.1558971e-02 -8.1058075e-02 -8.0757325e-02 -7.5222484e-02
 -6.9246192e-02 -6.5969608e-02 -6.6108551e-02 -6.8442436e-02 -7.1047170e-02
 -7.2566745e-02 -7.2818249e-02 -7.2605438e-02 -7.2990608e-02 -7.4561188e-02
 -7.7106124e-02 -7.9795279e-02 -8.1619121e-02 -8.1784445e-02 -7.9807591e-02
 -7.5359668e-02 -6.8110028e-02 -5.7786064e-02 -4.4507369e-02 -2.9186746e-02
 -1.3673713e-02 -4.0664462e-04  8.3701502e-03  1.1464174e-02  9.2627247e-03
  3.5824334e-03 -3.0971895e-03 -8.6469802e-03 -1.2063210e-02 -1.3614091e-02
 -1.4352774e-02 -1.5283162e-02 -1.6667312e-02 -1.7869077e-02 -1.7728376e-02
 -1.5263815e-02 -1.0271905e-02 -3.4645960e-03  3.8626051e-03  1.0438461e-02
  1.5537303e-02  1.9116043e-02  2.1587112e-02  2.3366984e-02  2.4533047e-02
  2.4775757e-02  2.3637835e-02  2.0902951e-02  1.6834219e-02  1.2107355e-02
  7.5269971e-03  3.6388899e-03  5.3723311e-04 -2.0918780e-03 -4.6661859e-03
 -7.3861198e-03 -1.0055049e-02 -1.2182103e-02 -1.3257237e-02 -1.3060607e-02
 -1.1795702e-02 -1.0010553e-02 -8.3209047e-03 -7.1316262e-03 -6.4838721e-03
 -6.1431988e-03 -5.7824756e-03 -5.2172078e-03 -4.4764149e-03 -3.7565514e-03
 -3.2136199e-03 -2.8161385e-03 -2.2594886e-03 -1.0763657e-03  1.1836857e-03
  4.7578177e-03  9.5719160e-03  1.5255549e-02  2.1274051e-02  2.7085019e-02
  3.2276900e-02  3.6629850e-02  4.0133315e-02  4.2945584e-02  4.5309367e-02
  4.7472651e-02  4.9569102e-02  5.1551233e-02  5.3211509e-02  5.4249182e-02
  5.4456717e-02  5.3872806e-02  5.2842168e-02  5.1904745e-02  5.1535404e-02
  5.1843188e-02  5.2360266e-02  5.2110521e-02  4.9913820e-02  4.4829224e-02
  3.6568293e-02  2.5704386e-02  1.3494847e-02  1.4898695e-03 -8.9976784e-03
 -1.7260544e-02 -2.3291357e-02 -2.7563404e-02 -3.0653558e-02 -3.2841465e-02
 -3.3960041e-02 -3.3488691e-02 -3.0880439e-02 -2.5860917e-02 -1.8662281e-02
 -9.9864575e-03 -8.1585705e-04  7.9193781e-03  1.5529213e-02  2.1664498e-02
  2.6203876e-02  2.9174435e-02  3.0623659e-02  3.0671146e-02  2.9563122e-02
  2.7788526e-02  2.6008653e-02  2.4902388e-02  2.4870731e-02  2.5869711e-02
  2.7333005e-02  2.8404094e-02  2.8249323e-02  2.6490555e-02  2.3338844e-02
  1.9553977e-02  1.6042246e-02  1.3450878e-02  1.1802561e-02  1.0418411e-02
  8.1518872e-03  3.8713989e-03 -3.0730944e-03 -1.2539660e-02 -2.3627282e-02
 -3.4911534e-02 -4.4911886e-02 -5.2474586e-02 -5.7033311e-02 -5.8593338e-02
 -5.7604910e-02 -5.4729326e-02 -5.0703507e-02 -4.6211615e-02 -4.1890323e-02
 -3.8337613e-02 -3.6081114e-02 -3.5474340e-02 -3.6621056e-02 -3.9301418e-02
 -4.3033522e-02 -4.7156073e-02 -5.1027120e-02 -5.4140139e-02 -5.6211967e-02
 -5.7170495e-02 -5.7094868e-02 -5.6148651e-02 -5.4551690e-02 -5.2543178e-02
 -5.0379894e-02 -4.8309824e-02 -4.6508847e-02 -4.5033241e-02 -4.3780998e-02
 -4.2548102e-02 -4.1132294e-02 -3.9464983e-02 -3.7704457e-02 -3.6258750e-02
 -3.5699462e-02 -3.6612262e-02 -3.9410461e-02 -4.4234760e-02 -5.0879384e-02
 -5.8885293e-02 -6.7658025e-02 -7.6648844e-02 -8.5502480e-02 -9.4138028e-02
 -1.0270147e-01 -1.1141792e-01 -1.2040698e-01 -1.2954026e-01 -1.3837103e-01
 -1.4633825e-01 -1.5291428e-01 -1.5794259e-01 -1.6168349e-01 -1.6479123e-01
 -1.6792008e-01 -1.7141124e-01 -1.7507475e-01 -1.7823349e-01 -1.8011538e-01
 -1.8029125e-01 -1.7895459e-01 -1.7696718e-01 -1.7523304e-01 -1.7411094e-01
 -1.7283760e-01 -1.6953463e-01 -1.6180661e-01 -1.4775405e-01 -1.2702522e-01
 -1.0124521e-01 -7.3680045e-02 -4.8216610e-02 -2.8008372e-02 -1.4463224e-02
 -6.9645432e-03 -3.4204509e-03 -1.3207112e-03  1.2183334e-03  4.9025643e-03
  9.3636779e-03  1.3767632e-02  1.7499560e-02  2.0549439e-02  2.3419747e-02
  2.6692814e-02  3.0611348e-02  3.4893946e-02  3.8965493e-02  4.2359914e-02
  4.5059622e-02  4.7502550e-02  5.0239192e-02  5.3496430e-02  5.6941855e-02
  5.9822716e-02  6.1463646e-02  6.1797812e-02  6.1546308e-02  6.1876957e-02
  6.3649794e-02  6.6634423e-02  6.9189912e-02  6.8678110e-02  6.2520666e-02
  4.9400260e-02  3.0085476e-02  7.3859439e-03 -1.4735657e-02 -3.2542474e-02
 -4.3775722e-02 -4.8225404e-02 -4.7479686e-02 -4.3999085e-02 -4.0036582e-02
 -3.6900700e-02 -3.4776109e-02 -3.3082416e-02 -3.1033452e-02 -2.8057617e-02
 -2.3873509e-02 -1.8285905e-02 -1.0947624e-02 -1.2958247e-03  1.1165359e-02
  2.6418446e-02  4.3496078e-02  6.0383763e-02  7.4348377e-02  8.2640965e-02
  8.3277639e-02  7.5649865e-02  6.0724964e-02  4.0808681e-02  1.8955996e-02
 -1.7150269e-03 -1.8672834e-02 -3.0361603e-02 -3.6364276e-02 -3.7285870e-02
 -3.4454254e-02 -2.9515635e-02 -2.3998382e-02 -1.8989412e-02 -1.4954624e-02
 -1.1795877e-02 -9.0585318e-03 -6.2480214e-03 -3.0829435e-03  3.7437124e-04
  3.7919026e-03  6.7691442e-03  9.0550142e-03  1.0681698e-02  1.1945197e-02
  1.3273418e-02  1.5034296e-02  1.7404763e-02  2.0354216e-02  2.3695874e-02
  2.7236273e-02  3.0832952e-02  3.4447219e-02  3.8100179e-02  4.1809420e-02
  4.5553836e-02  4.9277147e-02  5.2903725e-02  5.6401914e-02  5.9787541e-02
  6.3148545e-02  6.6609800e-02  7.0312005e-02  7.4390587e-02  7.8915896e-02
  8.3900243e-02  8.9280312e-02  9.4892539e-02  1.0055225e-01  1.0608182e-01
  1.1138626e-01  1.1649196e-01  1.2151148e-01  1.2657146e-01  1.3171937e-01
  1.3679693e-01  1.4147701e-01  1.4530409e-01  1.4779802e-01  1.4854550e-01
  1.4728622e-01  1.4396567e-01  1.3865067e-01  1.3153646e-01  1.2291146e-01
  1.1313975e-01  1.0265398e-01  9.1925499e-02  8.1393999e-02  7.1428823e-02
  6.2302578e-02  5.4201695e-02  4.7263358e-02  4.1626508e-02  3.7389637e-02
  3.4573851e-02  3.3041964e-02  3.2480917e-02  3.2463330e-02  3.2570615e-02
  3.2558303e-02  3.2408808e-02  3.2301523e-02  3.2454536e-02  3.2946991e-02
  3.3652256e-02  3.4283654e-02  3.4584403e-02  3.4517570e-02  3.4320588e-02
  3.4412044e-02  3.5122586e-02  3.6424074e-02  3.7806465e-02  3.8392135e-02
  3.7241901e-02  3.3701502e-02  2.7617925e-02  1.9314784e-02  9.3571705e-03
 -1.7212178e-03 -1.3594217e-02 -2.6056140e-02 -3.8794893e-02 -5.1171339e-02
 -6.2207605e-02 -7.0834359e-02 -7.6367442e-02 -7.8863133e-02 -7.9221921e-02
 -7.8806852e-02 -7.8771677e-02 -7.9399557e-02 -7.9781209e-02 -7.8094551e-02
 -7.2387351e-02 -6.1560378e-02 -4.6060361e-02 -2.7959126e-02 -1.0339618e-02
  3.7637624e-03  1.2394386e-02  1.5260649e-02  1.3638890e-02  9.7226424e-03
  5.7342854e-03  3.2359562e-03  2.8639769e-03  4.5379718e-03  7.8710120e-03
  1.2509761e-02  1.8227866e-02  2.4747617e-02  3.1481937e-02  3.7435365e-02
  4.1392592e-02  4.2359914e-02  4.0017236e-02  3.4943192e-02  2.8451581e-02
  2.2084843e-02  1.7023286e-02  1.3663864e-02  1.1594499e-02  9.9852264e-03
  8.1569876e-03  6.0739034e-03  4.4969925e-03  4.7507827e-03  8.1731682e-03
  1.5549263e-02  2.6742059e-02  4.0664462e-02  5.5592881e-02  6.9641915e-02
  8.1248021e-02  8.9501917e-02  9.4247072e-02  9.5988251e-02  9.5655844e-02
  9.4285765e-02  9.2692321e-02  9.1172746e-02  8.9347146e-02  8.6195434e-02
  8.0329945e-02  7.0475571e-02  5.6018502e-02  3.7419536e-02  1.6283900e-02
 -4.9632418e-03 -2.3743361e-02 -3.8068522e-02 -4.7094516e-02 -5.1246966e-02
 -5.1888916e-02 -5.0689437e-02 -4.8969362e-02 -4.7323156e-02 -4.5640015e-02
 -4.3457385e-02 -4.0449893e-02 -3.6770551e-02 -3.3056034e-02 -3.0134722e-02
 -2.8574695e-02 -2.8339020e-02 -2.8711879e-02 -2.8548313e-02 -2.6722713e-02
 -2.2550916e-02 -1.6013754e-02 -7.6706884e-03  1.6216891e-03  1.1065813e-02
  2.0136129e-02  2.8630975e-02  3.6504977e-02  4.3687784e-02  4.9984171e-02
  5.5088114e-02  5.8769215e-02  6.1038025e-02  6.2216399e-02  6.2872419e-02
  6.3597031e-02  6.4791234e-02  6.6537690e-02  6.8625347e-02  7.0707728e-02
  7.2513982e-02  7.3968483e-02  7.5194344e-02  7.6395582e-02  7.7693552e-02
  7.9030216e-02  8.0176932e-02  8.0834711e-02  8.0776672e-02  7.9869148e-02
  7.8040030e-02  7.5111682e-02  7.0691899e-02  6.4168631e-02  5.4894650e-02
  4.2493580e-02  2.7155370e-02  9.7551796e-03 -8.2962820e-03 -2.5437054e-02
 -4.0463963e-02 -5.2879102e-02 -6.2970910e-02 -7.1551936e-02 -7.9482219e-02
 -8.7187379e-02 -9.4433501e-02 -1.0044849e-01 -1.0434416e-01 -1.0561223e-01
 -1.0442154e-01 -1.0156179e-01 -9.8035457e-02 -9.4503852e-02 -9.0859686e-02
 -8.6186640e-02 -7.9135742e-02 -6.8572584e-02 -5.4184108e-02 -3.6784621e-02
 -1.8155756e-02 -5.2856238e-04  1.4091597e-02  2.4399381e-02  2.9976433e-02
  3.1082697e-02  2.8310880e-02  2.2271272e-02  1.3467234e-02  2.4026522e-03
 -1.0234971e-02 -2.3467234e-02 -3.6118048e-02 -4.7064617e-02 -5.5557705e-02
 -6.1403848e-02 -6.4946006e-02 -6.6822611e-02 -6.7687924e-02 -6.8009779e-02
 -6.8048472e-02 -6.7981638e-02 -6.8087165e-02 -6.8783636e-02 -7.0542404e-02
 -7.3657181e-02 -7.8064652e-02 -8.3309297e-02 -8.8738612e-02 -9.3798586e-02
 -9.8309824e-02 -1.0250097e-01 -1.0675543e-01 -1.1118048e-01 -1.1522213e-01
 -1.1756305e-01 -1.1642865e-01 -1.1023427e-01 -9.8301031e-02 -8.1357065e-02
 -6.1497063e-02 -4.1658166e-02 -2.4728270e-02 -1.2669457e-02 -5.9880756e-03
 -3.7380844e-03 -4.0368989e-03 -4.8165606e-03 -4.5330472e-03 -2.4972739e-03
  1.1752260e-03  5.9497344e-03  1.1333673e-02  1.7161877e-02  2.3592107e-02
  3.0880439e-02  3.9063984e-02  4.7754054e-02  5.6185585e-02  6.3456330e-02
  6.8850470e-02  7.2044391e-02  7.3113722e-02  7.2338105e-02  6.9947940e-02
  6.5964332e-02  6.0228992e-02  5.2627599e-02  4.3321960e-02  3.2888951e-02
  2.2195645e-02  1.2099441e-02  3.1003553e-03 -4.8439973e-03 -1.2204967e-02
 -1.9488902e-02 -2.6780752e-02 -3.3409547e-02 -4.4783496e-02 -5.0348236e-02
  0.0000000e+00  0.0000000e+00  0.0000000e+00  0.0000000e+00  0.0000000e+00
