Scaled from
PEER NGA STRONG MOTION DATABASE RECORD
ACCELERATION TIME SERIES IN UNITS OF G
NPTS= 2999.000000, DT= 0.020000, Scalar= 1.000000
 -1.2220869e-02 -6.4557778e-03 -2.7774296e-03 -1.3755171e-03 -3.8518704e-04
 -2.3075408e-03 -3.5691134e-03 -9.6384507e-04  9.5943986e-04 -6.3295310e-04
  7.1806672e-03  1.4438873e-03 -1.9558405e-02 -1.8584245e-02  2.3798865e-03
  2.8474473e-02  2.0749243e-02  6.8864495e-03  1.9835969e-02  8.5230020e-03
 -1.2352846e-02  2.1508515e-03  1.6250918e-02 -1.5260283e-02 -5.4366707e-02
 -4.1172573e-02  2.5811651e-02  2.6560178e-02 -9.4629587e-03  3.8366492e-03
  3.3812653e-02  2.1279301e-02 -6.8692585e-03 -1.0352775e-03  2.7414358e-02
  3.0041366e-02  7.3047651e-03 -1.6781871e-02 -4.0305857e-02 -6.6284046e-02
 -7.6125924e-02 -2.3899146e-02  4.0257508e-02  2.9559658e-02 -4.0631771e-02
 -1.5885071e-02  5.8956360e-02  7.5719428e-02  4.3233709e-02  1.0901993e-03
 -9.1508336e-03  8.4585355e-03  1.4013574e-02 -8.8449761e-03 -3.4238848e-02
 -4.8258510e-02 -7.1831743e-02 -8.4533424e-02 -5.7529144e-02 -7.6238741e-03
  1.9348889e-02  3.5671436e-02  1.3624805e-02  2.9942876e-02  6.6738893e-02
  1.1950468e-02 -5.2273338e-02 -6.0089895e-02 -2.8651756e-02 -4.0422255e-02
 -7.0657021e-02 -6.1372061e-02 -7.2644736e-03  1.0213456e-02  1.9488566e-03
  3.4736672e-02  3.4466272e-02 -2.3089734e-02 -6.3220099e-02 -2.2634887e-02
 -2.4726465e-02 -5.4146446e-02 -4.5332450e-02 -2.3983310e-02 -2.3136293e-02
 -4.6034418e-02 -3.7170281e-02 -2.0059811e-02  2.6309475e-02  2.5009401e-02
  2.2384184e-02  5.3859929e-02  7.5751661e-02 -4.3654531e-02 -8.4211092e-02
 -3.6498755e-02 -3.6547105e-02  1.9425890e-02  4.1391043e-02  4.0712354e-02
  1.1455688e-02 -3.0293860e-02 -5.2966352e-02  6.3134144e-03  3.9754311e-02
  1.0923840e-02 -7.6639865e-02 -5.6968644e-02  2.5064914e-02 -1.6524363e-02
 -9.9779740e-02 -2.8959762e-02  2.7960532e-02 -1.0373010e-02 -4.6501800e-02
 -3.4913955e-02  4.1468044e-02  5.9271529e-04 -3.2842075e-02  1.4978422e-02
  1.4951740e-02 -1.3161363e-02 -2.5682718e-02 -2.2405673e-02 -4.2780653e-02
 -8.1906416e-02 -1.1475744e-01 -2.5328152e-02  9.5981591e-02  6.5657289e-02
 -2.3046756e-03 -2.7792203e-02 -2.6728507e-02 -1.5638307e-02  1.5449385e-02
  1.5422882e-02  4.5726412e-02  9.8968537e-02  1.1338216e-01  2.3225830e-02
 -4.5284100e-02 -9.1427753e-02 -8.8276060e-02 -5.0747632e-02 -3.3869957e-02
 -1.9502892e-02 -4.0791147e-02 -3.7986856e-02  6.7367441e-04  1.5183461e-02
 -2.1365256e-02  1.7581613e-02  4.0262880e-02  1.3709686e-02  1.4677041e-02
  3.7179235e-02  5.7376932e-02  1.0593987e-01  1.2400122e-01  1.2276203e-01
  1.3771466e-01  1.7630321e-01  2.5389037e-01  3.1427395e-01  3.6359078e-01
  3.9902942e-01  3.9659402e-01  3.5820067e-01  2.8610569e-01  1.9304120e-01
  9.2586358e-02  1.9613918e-02  5.3686227e-03  4.1276436e-03 -9.4210555e-03
 -4.6079186e-02 -8.0609924e-02 -1.0856867e-01 -1.0309797e-01 -5.4449080e-02
  3.0161345e-02  1.4612395e-01  2.6667622e-01  4.2243432e-01  5.9606397e-01
  6.8300414e-01  4.9633795e-01  2.6248590e-01  1.5919274e-01  1.1830489e-01
  1.2934656e-01  1.2809305e-01  1.4451587e-01  1.8786598e-01  2.2366277e-01
  2.6696273e-01  1.2813065e-01 -1.7870100e-01 -2.3442508e-01 -2.0138603e-01
 -1.7874219e-01 -2.5267267e-01 -4.8439375e-01 -7.9463854e-01 -1.0000000e+00
 -9.9378615e-01 -8.1702272e-01 -6.2695414e-01 -5.8587468e-01 -3.9152624e-01
 -2.7536128e-01 -1.1026449e-01  5.4524291e-02  6.1058682e-02  6.2032842e-02
  6.3451104e-02  6.2072238e-02 -1.1250470e-01 -1.8759737e-01 -1.2521892e-01
 -8.2787458e-02 -1.8372938e-01 -4.1380298e-01 -5.2601042e-01 -4.2680372e-01
 -2.5107892e-01 -1.2017800e-01  8.6775424e-02  2.4943144e-01  3.2992497e-01
  3.5343732e-01  3.1764053e-01  2.7065165e-01  1.9291585e-01  1.6648282e-01
  4.2014218e-02 -1.7326612e-01 -2.5449922e-01 -2.1442258e-01 -1.1214834e-01
 -1.3622119e-02 -3.1556328e-02 -1.4007485e-01 -1.6907043e-01 -1.3928335e-01
 -1.1986820e-01 -1.3339004e-01 -1.5501495e-01 -1.2800888e-01 -8.3039951e-02
 -5.3131100e-02 -1.0552800e-01 -2.5387246e-01 -4.5450638e-01 -5.3224218e-01
 -3.1660190e-01 -6.9965797e-02  1.0981860e-01  1.9977437e-01  2.0400050e-01
  1.7939581e-01  1.8666619e-01  2.2663539e-01  1.9314865e-01  1.6295865e-01
  1.6853321e-01  1.5846928e-01  1.3865838e-01  1.2549290e-01  1.0573572e-01
  8.4144835e-02  3.8497215e-02  5.5596941e-02  1.8548430e-01  3.0317139e-01
  3.5245241e-01  3.9566284e-01  4.0997081e-01  1.9522590e-01 -9.4942965e-03
 -6.0109593e-02 -5.3958419e-02  1.0433716e-02  9.0480454e-02  1.8285192e-01
  1.8910159e-01  1.3766631e-01  3.4185126e-02 -2.1050087e-02 -3.7039557e-02
  2.3618000e-02  1.2850671e-01  1.7237434e-01  1.8245796e-01  1.5328152e-01
  1.1421306e-01  5.9776516e-02  3.3445553e-02  4.3869420e-02  5.5879878e-02
  2.7154702e-02  4.3380549e-03  2.8410007e-02  8.5242555e-02  1.4409326e-01
  1.9689128e-01  2.4346830e-01  2.7469871e-01  2.9171069e-01  2.6248590e-01
  1.8068514e-01  1.1739878e-01  9.8653367e-02  1.8043443e-01  3.0775567e-01
  3.8567054e-01  4.4548108e-01  4.8489515e-01  5.1707466e-01  5.1759397e-01
  5.0869402e-01  4.4916999e-01  3.0001970e-01  1.2764715e-01 -3.7186398e-02
 -1.8150887e-01 -3.0909872e-01 -3.7938506e-01 -4.2784234e-01 -4.8140322e-01
 -5.7215766e-01 -6.5136185e-01 -6.6710241e-01 -6.2589761e-01 -4.9940010e-01
 -3.8665544e-01 -3.8158767e-01 -4.3210429e-01 -4.3351897e-01 -4.0336300e-01
 -4.0504629e-01 -4.8342675e-01 -5.5174328e-01 -4.9218344e-01 -2.9439679e-01
 -8.4823523e-02  3.0238347e-02  5.6631986e-02  4.3693928e-02 -3.3427645e-03
 -7.9950934e-02 -1.2629515e-01 -1.1702631e-01 -3.6885554e-02  4.4277707e-02
  6.9412460e-02  5.3967373e-02 -7.3187329e-03 -9.2729617e-02 -1.4998299e-01
 -1.6227996e-01 -1.1707645e-01 -4.6809806e-02 -1.1109897e-02 -1.3927439e-03
  4.1471626e-02  1.0416525e-01  1.4285586e-01  1.4766578e-01  1.3273821e-01
  5.2216034e-02 -8.8985191e-02 -1.7217019e-01 -2.0718801e-01 -1.7996884e-01
 -1.0761958e-01 -2.5039844e-02  8.3050696e-02  1.8788389e-01  2.7337357e-01
  3.3939795e-01  3.9356768e-01  4.4800602e-01  4.7986319e-01  5.0935659e-01
  4.4086099e-01  1.7448740e-01 -9.1984671e-02 -2.3852587e-01 -2.7758179e-01
 -2.0332002e-01 -5.3308382e-02  7.6557492e-02  1.5019250e-01  1.7353831e-01
  1.1260140e-01  3.8873270e-02  2.8655337e-02  4.7610264e-02  8.2760597e-02
  9.9310567e-02  8.7776445e-02  5.9905449e-02  2.7616711e-02 -1.2966531e-02
 -3.7379797e-02 -2.7793994e-02  8.7224898e-02  2.5981770e-01  3.4396433e-01
  3.6776319e-01  3.5623086e-01  3.2421252e-01  2.8753828e-01  2.5229662e-01
  2.0049066e-01  1.0925094e-01  3.0365489e-03 -9.7247641e-02 -1.6741758e-01
 -1.9900435e-01 -2.1370628e-01 -2.3540999e-01 -2.4986122e-01 -2.0770732e-01
 -1.3374461e-01 -9.7906631e-02 -1.0626399e-01 -1.2163208e-01 -1.4225418e-01
 -1.6561610e-01 -1.9042673e-01 -2.4010171e-01 -2.9443261e-01 -3.3282596e-01
 -3.1282345e-01 -2.5120427e-01 -1.9080279e-01 -1.3425317e-01 -9.7167058e-02
 -6.2018516e-02 -5.7387676e-02 -8.6821983e-02 -1.0685493e-01 -9.8024820e-02
 -6.3970417e-02 -1.8652293e-02  3.3082034e-02  9.2686639e-02  1.5635084e-01
  2.0863850e-01  2.5430224e-01  2.7709829e-01  2.5491109e-01  1.7746539e-01
  4.1740236e-02 -9.6946797e-02 -1.6989596e-01 -2.1184392e-01 -2.5362176e-01
 -2.8402844e-01 -2.9017066e-01 -2.7203051e-01 -2.3046756e-01 -1.6392923e-01
 -7.8190642e-02  2.9113765e-02  8.6232831e-02  9.9591712e-02  1.0042619e-01
  1.0512329e-01  1.2778683e-01  1.6193614e-01  1.8734667e-01  1.7729886e-01
  1.4450155e-01  1.2885053e-01  1.2550006e-01  1.0652902e-01  9.6074709e-02
  1.0316602e-01  9.9971348e-02  7.0877281e-02  2.0580914e-02 -3.7295632e-02
 -8.2273517e-02 -9.1655176e-02 -4.9674982e-02  4.4394105e-03  2.6334545e-02
  1.3993159e-02  1.2178608e-02  3.2036244e-02  5.7633007e-02  7.5286070e-02
  7.7515535e-02  6.3309636e-02  4.2084057e-02  3.2677328e-02  3.7381588e-02
  4.3690346e-02  5.9835611e-02  9.5326182e-02  1.2584388e-01  1.4052433e-01
  1.3965761e-01  1.2112530e-01  7.5241302e-02  1.6542091e-02 -4.8541447e-02
 -1.1817059e-01 -1.7321956e-01 -1.9925505e-01 -1.9198467e-01 -1.6773991e-01
 -1.3349032e-01 -1.0083448e-01 -5.6932830e-02  9.0611178e-03  6.3671364e-02
  6.3112655e-02  2.5247569e-02  2.4291317e-03 -6.7729169e-03 -1.7254983e-02
 -2.3748724e-02 -6.1551134e-03  2.3669932e-02  4.6276167e-02  6.8216249e-02
  9.7215407e-02  1.2988736e-01  1.5661945e-01  1.8286983e-01  1.9434844e-01
  1.7396630e-01  1.4067475e-01  1.0212918e-01  6.0766793e-02  1.7096682e-02
 -2.2228390e-02 -4.9615887e-02 -4.8020343e-02 -1.2193471e-03  4.3885536e-02
  6.7206275e-02  8.2273517e-02  7.7988289e-02  5.3772183e-02  1.0304783e-02
 -3.8135487e-02 -6.1814372e-02 -6.2801067e-02 -4.6960228e-02 -2.9867665e-02
 -3.8909084e-02 -7.6530631e-02 -1.1612557e-01 -1.4231327e-01 -1.4389091e-01
 -1.3406157e-01 -1.1900686e-01 -8.2278889e-02  7.9592787e-03  9.6214387e-02
  1.1749011e-01  5.0172806e-02 -5.4579804e-02 -1.0253210e-01 -1.1272496e-01
 -9.6115896e-02 -7.1887255e-02 -4.2336551e-02 -1.5612521e-02  6.6067367e-03
  1.6417456e-02  2.4801676e-02  3.2566302e-02  1.9692710e-02  2.6429454e-03
 -1.2286589e-02 -2.0417957e-02 -2.6354243e-02 -3.0872267e-02 -5.0199667e-02
 -9.2598893e-02 -1.3905055e-01 -1.6393102e-01 -1.5822932e-01 -1.0625683e-01
 -1.3626417e-02  5.1257991e-02  7.8265852e-02  9.0048887e-02  8.3450030e-02
  6.4525545e-02  4.3611554e-02  1.9683756e-02 -9.0181401e-03 -3.6960765e-02
 -6.2464409e-02 -7.9700231e-02 -8.0038680e-02 -6.1103451e-02 -4.2304317e-02
 -3.1071038e-02 -2.1376001e-02 -1.4612037e-02 -8.0452340e-03  7.2941998e-03
  2.7009652e-02  3.9113228e-02  4.9970453e-02  5.2481063e-02  3.8787314e-02
  1.7850044e-02  1.0025966e-02  1.1575847e-02  2.0016833e-02  3.4396433e-02
  2.6125029e-02  3.9507190e-03 -1.6799241e-02 -3.0601866e-02 -3.7877621e-02
 -3.7891947e-02 -2.9201511e-02 -1.3933707e-02 -9.1751876e-04  1.3752664e-03
 -7.3185538e-03 -1.5616640e-02 -2.4955679e-02 -3.7356517e-02 -3.9818778e-02
 -4.3572158e-02 -4.6473148e-02 -4.9891661e-02 -4.7024694e-02 -2.9991225e-02
 -1.2696667e-02 -8.8641370e-04  1.0590763e-02  2.9976900e-02  5.1816700e-02
  6.6844546e-02  6.2613040e-02  4.6012929e-02  4.1579070e-02  4.7028276e-02
  4.8426840e-02  4.5914439e-02  3.9213509e-02  2.2180040e-02  1.2948624e-02
  1.3223323e-02  1.3087048e-02  5.5190445e-03 -4.6304819e-03 -6.8631700e-04
  1.1101123e-02  1.6104078e-02  5.3206311e-03 -6.6554447e-03 -7.5531401e-03
 -1.2610533e-03  5.7975037e-03  1.6830579e-02  2.8030371e-02  3.8262629e-02
  4.9298927e-02  6.0802607e-02  7.1738624e-02  8.3251258e-02  9.4373511e-02
  9.7007682e-02  8.2038931e-02  4.8417886e-02  1.3426571e-02 -1.6093512e-02
 -2.9428935e-02 -2.9785291e-02 -2.2223018e-02 -1.7862758e-02 -1.7229733e-02
 -1.6573787e-02 -1.5573483e-02 -1.3833605e-02 -1.1033970e-02 -2.7349892e-03
  2.7693713e-03  5.6239815e-03  4.0685493e-03 -1.3018283e-03 -1.0852390e-02
 -1.0169762e-02  3.6518454e-03  1.7213259e-02  1.8158050e-02  7.4023602e-03
 -4.7610264e-03 -1.8150887e-02 -1.5630786e-02  7.9961678e-04  1.7801873e-02
  1.2809484e-02 -1.5015848e-02 -4.5185610e-02 -5.4278961e-02 -3.4161847e-02
 -1.0270938e-02  9.2854968e-03  2.2803216e-02  3.4441201e-02  3.8137278e-02
  3.0166717e-02  1.4956933e-02  5.2738929e-03  4.4951023e-03  9.6286016e-03
  7.5443655e-03 -6.2378454e-03 -1.7914510e-02 -3.1590352e-02 -4.0642516e-02
 -4.6782945e-02 -5.0102967e-02 -4.7898573e-02 -3.4378526e-02 -1.1573519e-02
  2.3716491e-03 -1.2757552e-03 -1.7290797e-02 -2.2335834e-02 -2.1990223e-02
 -2.7301542e-02 -3.6441452e-02 -4.6256469e-02 -5.2395108e-02 -5.2355712e-02
 -5.1728954e-02 -4.3289222e-02 -2.2061852e-02  6.5223931e-03  3.2985334e-02
  3.9634332e-02  3.5639203e-02  2.9196139e-02  2.7853088e-02  3.9347814e-02
  5.6717941e-02  6.8033594e-02  6.3452895e-02  3.9800870e-02  1.3942661e-02
 -6.5417331e-03 -1.2882725e-02 -4.7420447e-03  8.5344627e-03  2.6982791e-02
  4.7862758e-02  6.7988826e-02  7.3772899e-02  6.0245689e-02  4.0923661e-02
  3.2682700e-02  3.4648926e-02  4.1240621e-02  4.6217073e-02  4.5366474e-02
  3.7592894e-02  2.5371130e-02  1.3215801e-02 -1.1035224e-03 -1.7456619e-02
 -3.4235267e-02 -4.7236001e-02 -5.6648103e-02 -5.8333184e-02 -4.9298927e-02
 -3.8651219e-02 -3.0120158e-02 -1.6518095e-02 -2.8642802e-03  1.2193471e-02
  2.4502623e-02  2.6438408e-02  1.9486775e-02  9.6060384e-03  4.2225525e-03
  1.2282470e-03 -7.7243343e-04 -4.4990420e-03 -4.0280787e-03 -7.2352846e-04
  1.9277259e-03 -2.7890694e-03 -1.7067851e-02 -3.9673728e-02 -6.6597425e-02
 -8.8849095e-02 -1.0043873e-01 -9.5614491e-02 -8.0133589e-02 -6.0252852e-02
 -3.9935175e-02 -1.6330785e-02  1.1403936e-02  3.1747936e-02  3.4305105e-02
  2.3582186e-02  1.5759361e-02  9.5388858e-03  6.6751428e-03  1.2894544e-02
  2.2742331e-02  2.1696542e-02  6.6667264e-03 -9.2865713e-03 -1.6048386e-02
 -9.9462780e-03 -6.0641441e-04  6.8398904e-06 -7.3919739e-03 -1.4268037e-02
 -2.5620042e-02 -4.0474187e-02 -4.9637376e-02 -5.3713088e-02 -5.2606414e-02
 -4.5135469e-02 -2.8143187e-02 -1.5131350e-03  2.1649983e-02  3.4596995e-02
  4.5251867e-02  5.8497932e-02  6.5256165e-02  5.2318106e-02  2.5933420e-02
 -5.1675232e-03 -3.3533299e-02 -5.4212703e-02 -5.9889333e-02 -4.9653493e-02
 -3.0455026e-02 -6.5528356e-03  1.3257705e-02  2.4518740e-02  2.5926258e-02
  2.0666870e-02  1.0818903e-02  4.4800602e-04 -9.0281683e-03 -1.6422291e-02
 -2.0161882e-02 -1.3645220e-02 -3.6375195e-03 -6.0614580e-04  3.0313558e-04
  2.7899647e-03  5.8417349e-03  1.1146607e-02  9.3786150e-03 -5.0221156e-04
 -1.5586376e-02 -3.2774027e-02 -4.0973802e-02 -4.1609512e-02 -3.0121949e-02
 -1.3752843e-02 -2.7926508e-03  4.3710044e-03  6.3768064e-03  3.9772219e-03
 -1.7562452e-03 -3.8151604e-03  5.7985782e-03  1.4019125e-02  2.0638218e-02
  2.2208692e-02  2.3293877e-02  2.2199739e-02  1.5407661e-02  8.6977777e-03
  1.0408288e-03 -1.7785756e-03 -4.9606934e-03 -5.3795462e-03  5.0530953e-03
  2.4497251e-02  4.3745859e-02  5.6655266e-02  6.1762441e-02  5.5115234e-02
  3.5272102e-02  1.2863206e-02 -5.6970435e-03 -1.3314292e-02 -6.2974769e-03
  6.0294039e-03  1.4571209e-02  1.9741060e-02  1.6890210e-02  5.7842523e-03
 -7.2100353e-03 -1.7823899e-02 -2.4670952e-02 -3.3055173e-02 -3.3013986e-02
 -2.3494440e-02 -1.9835969e-02 -2.3147037e-02 -2.7679387e-02 -2.2790681e-02
 -6.8124922e-03  1.6104794e-02  3.9192020e-02  5.0837168e-02  4.8525330e-02
  4.0647888e-02  3.5440431e-02  3.6235517e-02  3.3563741e-02  2.3322529e-02
  8.3090092e-03 -1.4729330e-02 -3.9430188e-02 -6.0942285e-02 -6.6074530e-02
 -4.9669609e-02 -1.8430242e-02  7.9506832e-03  1.7225077e-02  2.2308973e-02
  2.6948767e-02  2.8608778e-02  1.8460684e-02 -2.6329173e-03 -2.1329441e-02
 -2.3999427e-02 -1.2244328e-02 -8.3063231e-04  1.0560679e-03 -4.6825923e-03
 -1.4994717e-02 -2.2486256e-02 -2.0034740e-02 -4.8598750e-03  1.1747578e-02
  1.5190982e-02  5.5638128e-03 -9.2734989e-03 -1.6471357e-02 -1.5274967e-02
 -1.2516520e-02 -8.2592268e-03 -9.2967785e-04  9.1531615e-03  1.6666726e-02
  1.9952366e-02  2.0546890e-02  1.8586036e-02  1.9918342e-02  2.5852837e-02
  2.8870225e-02  2.1247068e-02  1.2207260e-02  1.7875472e-03 -8.2914600e-04
  1.7443547e-03  2.1161112e-03  1.3863868e-03 -3.5529968e-03 -6.4545243e-03
 -7.1024121e-03  2.2867683e-03  1.6438945e-02  2.8583708e-02  3.4416131e-02
  2.5351432e-02  2.7539710e-03 -2.1995595e-02 -4.2225525e-02 -5.2239314e-02
 -5.2624322e-02 -4.3966119e-02 -3.7379797e-02 -3.9380048e-02 -3.6240890e-02
 -2.9074369e-02 -1.9187723e-02 -7.9329549e-03 -2.9819315e-03 -1.8055978e-03
  1.6079544e-04  2.4588579e-03  2.6737460e-03  1.0712533e-04  1.7011980e-03
 -2.1411815e-03 -1.0678151e-02 -1.8034490e-02 -2.3986892e-02 -2.7246029e-02
 -2.9556077e-02 -2.9695754e-02 -3.4604158e-02 -3.9204556e-02 -3.5010655e-02
 -2.2942893e-02 -6.7034364e-03  6.1083753e-03  4.6306610e-03 -9.6893075e-03
 -2.2350160e-02 -2.6037283e-02 -1.8475010e-02 -4.9913149e-03  7.9467435e-03
  1.6839890e-02  2.1560446e-02  2.2985871e-02  2.0281862e-02  1.1791272e-02
  1.5397275e-03 -4.3445015e-03 -2.6862812e-03  3.9603889e-03  8.6257902e-03
  7.6690006e-03  5.9853518e-03  9.3488888e-03  1.5757928e-02  2.7376753e-02
  3.6790645e-02  4.1444765e-02  4.5960998e-02  5.0316065e-02  4.8102717e-02
  4.0549397e-02  3.1586770e-02  2.5743603e-02  2.4558136e-02  2.6207403e-02
  2.7939043e-02  2.3383414e-02  1.4536110e-02  6.9335458e-03  1.1794674e-02
  2.2704726e-02  2.6388267e-02  1.5568111e-02 -1.2795516e-03 -1.1670935e-02
 -8.2814319e-03  7.0852211e-03  2.6352452e-02  3.7315330e-02  3.0034203e-02
  1.6755547e-02  4.0155436e-03 -7.1464642e-03 -1.4146625e-02 -1.6679620e-02
 -1.2470498e-02 -9.1612198e-03 -7.0030263e-03 -9.8191358e-03 -2.0471680e-02
 -3.0274161e-02 -3.3674767e-02 -3.1746145e-02 -2.7543291e-02 -2.1048296e-02
 -1.7108859e-02 -1.8600362e-02 -1.9835969e-02 -1.7224003e-02 -1.3334169e-02
 -3.1225042e-03  8.9463317e-03  1.6079365e-02  1.8265494e-02  1.9039092e-02
  1.8369357e-02  1.3513780e-02  4.2114500e-03 -4.6773991e-03 -9.4975198e-03
 -9.1913042e-03 -6.3540641e-03 -5.6667801e-03 -2.7566571e-03  1.2720663e-03
  1.0900740e-02  2.8137815e-02  3.6158516e-02  3.1876869e-02  2.2633096e-02
  1.0421360e-02  5.7484376e-03  1.2025500e-02  1.5969235e-02  1.4064610e-02
  1.1917161e-02  1.5814337e-02  2.8082302e-02  3.1216088e-02  3.0872267e-02
  3.0714682e-02  2.5621833e-02  1.9884319e-02  1.5538743e-02  1.7690310e-02
  2.6015794e-02  3.0587540e-02  2.9611590e-02  3.4305105e-02  3.4505668e-02
  2.9625916e-02  2.0949806e-02  1.0846659e-02 -1.1663413e-03 -8.4261232e-03
 -1.6918146e-02 -2.8300772e-02 -3.5213008e-02 -3.5402826e-02 -3.0449653e-02
 -2.6329173e-02 -2.4208943e-02 -2.7246029e-02 -3.2772236e-02 -3.8944899e-02
 -4.7248536e-02 -5.6522751e-02 -5.5081210e-02 -3.9260068e-02 -2.9110184e-02
 -2.2183622e-02 -8.8677184e-03  9.5632398e-03  1.7928836e-02  1.7529144e-02
  7.0730441e-03 -1.1350572e-02 -2.5997887e-02 -3.3529717e-02 -2.8153932e-02
 -2.2552513e-02 -1.5431478e-02 -1.9544079e-02 -2.7016815e-02 -2.7890694e-02
 -2.5775836e-02 -2.1653564e-02 -2.0856687e-02 -2.5208173e-02 -3.0628727e-02
 -3.2077431e-02 -2.7312286e-02 -1.3837545e-02  1.4232760e-03  1.5627921e-02
  2.0444819e-02  1.4952635e-02  1.4535215e-02  1.4533424e-02  1.6619988e-02
  1.7774475e-02  1.9450961e-02  1.5992694e-02  8.4463585e-03  4.7692638e-03
  5.1942052e-04  4.0672958e-04  2.3811400e-03 -1.2283724e-03 -2.0324839e-03
  2.1352721e-03  5.9429114e-03  1.2637394e-02  1.0855434e-02  9.2299841e-03
  5.5371309e-04 -1.3850080e-02 -2.2464767e-02 -1.9191304e-02 -1.0869044e-02
 -6.0349551e-04  5.2554483e-03  8.9359454e-03  1.8652293e-02  3.1624375e-02
  4.4354709e-02  2.9976900e-02 -2.5890443e-03 -3.7487241e-02 -3.4288989e-02
  2.3071826e-03  4.7692638e-02  5.5448310e-02  2.7333775e-02  3.1382626e-03
 -1.9692710e-02 -2.9824687e-02 -3.0533818e-02 -2.5415898e-02 -1.6818581e-02
 -5.9065595e-03 -7.8930215e-03 -1.7535591e-02 -2.7396451e-02 -2.5381874e-02
 -1.8115073e-02 -8.9830417e-03  1.8263704e-03  3.3302294e-03  6.0322690e-03
  3.2580628e-03 -2.4653045e-03 -6.2321150e-03  6.7245671e-04  1.0531132e-02
  1.7840911e-02  3.0288487e-02  3.9408699e-02  4.0479559e-02  3.0120158e-02
  1.7682968e-02  1.1789302e-02  8.8755977e-03  4.1106316e-03 -5.1383343e-04
 -6.3293519e-03 -9.2711710e-03 -1.1490608e-02 -8.5736798e-03 -4.5932346e-03
 -4.4354709e-03 -6.9353366e-03 -1.3730638e-02 -2.4964633e-02 -2.9883781e-02
 -2.0348119e-02 -1.4766578e-02 -1.4705335e-02 -1.3780241e-02 -4.2696488e-03
  5.9072758e-03  1.2428415e-02  9.5462278e-03 -4.6600290e-05 -7.3208818e-03
 -8.5102878e-03 -8.7968053e-03 -9.1424171e-03 -5.2210662e-03  1.3806744e-03
  3.1558118e-03  2.0385724e-03  4.3573948e-03 -2.1445839e-03 -9.6787422e-03
 -1.6287986e-02 -1.4205003e-02 -3.0997618e-03  6.9100872e-03  1.9116093e-02
  3.3173361e-02  4.5706713e-02  5.4065863e-02  4.3407410e-02  2.9466540e-02
  2.0598822e-02  1.4620096e-02  1.2391884e-02  2.8515660e-03 -7.8170944e-03
 -1.5384739e-02 -1.4658955e-02 -9.0976488e-03 -6.6928711e-03 -3.3250363e-03
 -9.8782300e-03 -1.6687499e-02 -1.5714951e-02 -1.4388016e-02 -1.6888240e-02
 -2.2717261e-02 -2.8581917e-02 -2.8333005e-02 -1.8994323e-02 -1.1044536e-02
 -3.5103773e-03  2.9910642e-03  9.3299071e-03  1.5842451e-02  2.1028598e-02
  1.8564547e-02  9.7073939e-03  9.1479684e-04 -4.0395394e-03 -2.2477302e-04
  1.2030872e-02  1.9561986e-02  2.3476532e-02  2.2081550e-02  2.0337374e-02
  1.5808248e-02  8.5955267e-03  8.5421628e-03  1.2458858e-02  1.7622441e-02
  1.7205200e-02  1.0369608e-02 -3.2621815e-04 -1.0599180e-02 -1.6523109e-02
 -1.2916570e-02 -9.6400623e-03 -1.5389037e-02 -2.6139355e-02 -3.4296152e-02
 -3.9739985e-02 -3.9926222e-02 -3.6513081e-02 -3.2113246e-02 -2.4327131e-02
 -1.3806386e-02 -3.3343481e-03 -3.6722597e-04 -4.9891661e-04  1.1240979e-02
  2.8057232e-02  3.6441452e-02  4.3117311e-02  4.2227316e-02  3.3078452e-02
  2.2036782e-02  9.3125369e-03  1.1469656e-03  3.7646616e-03  1.3167631e-02
  1.9402611e-02  1.9096395e-02  1.4975019e-02  1.1538062e-02  8.1666458e-03
  5.7747614e-03  5.9246459e-03  3.3588811e-03 -2.5566320e-03 -5.5673943e-03
 -7.9549809e-03 -8.7593790e-03 -5.0101177e-03 -7.0716115e-03 -1.0950522e-02
 -1.5353581e-02 -1.4963738e-02 -1.3251258e-02 -1.1852157e-02 -1.3667604e-02
 -1.7779847e-02 -1.8738248e-02 -2.0163673e-02 -2.2497001e-02 -2.5132962e-02
 -1.9191304e-02 -1.1769604e-02 -4.0998872e-03  3.1278764e-03  5.1505113e-03
  2.4114034e-03 -2.7534337e-03 -6.3551385e-03 -1.0528983e-02 -9.8687391e-03
 -2.7450173e-03  6.5283026e-03  1.0711101e-02  1.5492542e-02  1.9250398e-02
  1.9289795e-02  1.9896854e-02  1.9370378e-02  2.1458374e-02  1.8942392e-02
  1.2105546e-02  4.8125996e-03  4.3278477e-04  5.7093996e-04  1.2138137e-03
  2.1941873e-03  7.2698458e-03  1.1820998e-02  1.9291585e-02  2.0869223e-02
  1.5706355e-02  1.5171105e-02  1.0644844e-02  3.7963576e-03 -2.8461938e-03
 -1.0369966e-02 -1.6867468e-02 -2.2624143e-02 -2.8923947e-02 -2.8664291e-02
 -2.5949537e-02 -2.2670702e-02 -1.7808857e-02 -1.4697455e-02 -1.1318876e-02
 -1.2058987e-02 -1.4836595e-02 -1.7966442e-02 -1.7718246e-02 -1.4534499e-02
 -8.0973443e-03 -4.7604892e-03 -3.8063858e-03 -5.4341636e-03 -1.2091041e-02
 -2.1427932e-02 -1.8971044e-02 -1.2958294e-02 -6.4923088e-03 -5.0409183e-04
 -4.1659653e-04  3.1987895e-03  2.9446842e-03  1.0775746e-03  3.3766094e-03
  1.0017012e-02  1.2297692e-02  1.1412173e-02  1.0634457e-02  6.8816145e-03
 -7.5252046e-04 -4.8057948e-03 -5.5586197e-03 -3.7569615e-03 -1.9579894e-03
 -2.7333775e-03 -1.7689415e-03  3.4288989e-03  6.0514299e-03  6.0242107e-03
  7.9474598e-03  1.1903372e-02  1.5364146e-02  1.2924986e-02  1.1714808e-02
  1.0952850e-02  1.1372061e-02  1.1255842e-02  1.1338216e-02  1.1888509e-02
  1.0862597e-02  7.5848361e-03  3.6124492e-03  1.5379725e-03 -2.1141414e-05
  2.7043676e-03  4.0841287e-03  3.5209426e-03  4.8412514e-03  6.6513260e-03
  1.2470856e-02  1.4722705e-02  1.5974070e-02  1.6989954e-02  1.7576241e-02
  1.9676593e-02  1.7504790e-02  1.7111008e-02  1.1647834e-02  9.8719625e-03
  8.5735007e-03  1.0763390e-02  1.3679423e-02  1.0319288e-02  1.0384113e-02
  4.2796770e-03  5.6171767e-04 -8.2191143e-04 -2.5184893e-04 -2.4275200e-03
 -5.8180972e-03 -5.0212202e-03 -7.5359490e-03 -1.1187436e-02 -1.2903676e-02
 -9.8707090e-03 -6.4711781e-03 -3.2972799e-03 -3.0145229e-03 -3.0677077e-03
 -5.7421700e-03 -3.9931594e-03  2.1438676e-03  6.4529126e-03  9.8519062e-03
  9.7611160e-03  9.4602725e-03  8.0547249e-03  5.4894973e-03  7.1942768e-03
  6.0258224e-03  5.8945615e-03  8.5332092e-03  1.0933868e-02  1.4956037e-02
  1.4554018e-02  1.0292606e-02  6.7147180e-03  4.7916480e-03  3.3273642e-03
  3.3056963e-03  2.7160074e-03  3.3771466e-03  5.1583905e-03  1.9767921e-03
 -6.0734559e-03 -1.0623534e-02 -1.4791648e-02 -1.8355031e-02 -2.0339165e-02
 -2.1941873e-02 -1.8915531e-02 -2.0425120e-02 -2.4611858e-02 -2.3938542e-02
 -1.8623641e-02 -1.2404061e-02 -7.6978314e-03 -8.0733485e-03 -1.1990402e-02
 -1.5386888e-02 -1.1228623e-02 -4.3167452e-03 -9.3284745e-04  1.6642193e-03
  3.4417922e-03  5.6266676e-03  8.3367656e-03  1.1998639e-02  1.1653744e-02
  8.4316745e-03  5.7475422e-03  6.8060455e-03  5.6347259e-03  5.9371810e-03
  5.0495138e-03  1.6503053e-03 -2.5129381e-03 -1.3218308e-03  5.9618932e-03
  8.1576921e-03  9.1714270e-03  9.7664882e-03  9.3157603e-03  7.2216751e-03
  3.5341941e-03  2.7111724e-03  4.3908816e-03  5.3109611e-03  2.1341977e-03
 -4.7092742e-04 -1.3175331e-03 -2.3304622e-03 -6.3436778e-03 -8.8705836e-03
 -1.1654639e-02 -1.0792400e-02 -7.4482030e-03 -4.5036979e-03 -1.1601991e-03
 -5.5398170e-04 -3.7582150e-04 -2.2323299e-03 -2.3027058e-03 -4.5590316e-03
 -8.5348208e-03 -1.1898000e-02 -1.5701162e-02 -1.2352488e-02 -1.1276078e-02
 -1.0278638e-02 -6.4679548e-03 -6.1239547e-03 -6.8853751e-03 -6.9682861e-03
 -5.5777806e-03 -4.6594918e-03 -8.1292194e-04  9.2117186e-04 -2.6169797e-03
 -4.5923392e-03  3.4088426e-04  3.0030622e-03  3.8294862e-03  5.7210393e-03
  8.0341314e-03  1.2851029e-02  1.3271672e-02  1.0447863e-02  1.1845352e-02
  9.2151210e-03  3.8971760e-03  8.1406801e-04 -7.4328027e-04 -3.3395412e-03
 -6.6962735e-03 -9.3340258e-03 -1.1252261e-02 -1.1605394e-02 -1.4492953e-02
 -1.7274681e-02 -2.1198718e-02 -2.2640259e-02 -2.4633347e-02 -2.5449922e-02
 -2.1861290e-02 -1.4460004e-02 -6.1837652e-03 -1.1397310e-03  7.1169171e-03
  1.1425425e-02  1.3054993e-02  1.1272496e-02  9.3941944e-03  8.9484806e-03
  7.6718658e-03  4.9716169e-03  1.6834697e-03  3.9281557e-03  3.9768637e-03
  6.1948678e-03  7.3353867e-03  9.0374801e-03  1.0978995e-02  1.0212918e-02
  6.2688251e-03 -7.9286571e-04 -5.8370790e-03 -5.7751195e-03 -3.8241140e-03
  1.1774081e-03  1.1413964e-02  1.5847465e-02  1.6029404e-02  1.3101015e-02
  1.0130365e-02  9.7877979e-03  6.3785971e-03 -5.2004728e-04  2.3222248e-04
  3.2354995e-03  3.6615153e-03  4.8129578e-03  5.0391276e-03  3.9170532e-03
  8.5129739e-04  3.3336318e-03  3.4734882e-03  1.7234747e-03 -3.3936214e-03
 -9.4101320e-03 -8.5611446e-03 -6.9077593e-03 -2.9916015e-03  6.2716903e-04
  1.6280107e-03  2.6133983e-03 -2.5032681e-04 -7.3699479e-03 -1.3711119e-02
 -1.3803700e-02 -8.9640600e-03 -4.0796519e-03 -2.6307684e-03 -3.2333506e-03
 -2.7887112e-03 -6.1492040e-03 -8.0147915e-03 -5.2429132e-03 -7.3497126e-03
 -8.8406783e-03 -9.2683058e-03 -6.2118797e-03 -3.0881221e-03 -2.9496983e-03
 -5.2361084e-03 -9.8553086e-03 -1.3362821e-02 -1.4412908e-02 -1.4962663e-02
 -2.1859499e-02 -2.0487796e-02 -1.3038698e-02 -7.9850653e-03 -5.4252100e-03
 -4.0853822e-03 -7.5506330e-04  3.5956163e-03  7.2668016e-03  8.2332611e-03
  7.6874452e-03  6.4960693e-03  6.5506867e-03  5.3730996e-03  6.0302992e-03
  8.7959100e-03  1.0206830e-02  1.1516036e-02  1.0176387e-02  6.8081944e-03
  5.5605895e-03  6.4821016e-03  5.7160253e-03  1.1963541e-03 -4.8014971e-04
  8.7029708e-04  5.7504074e-03  9.6979030e-03  1.1721075e-02  1.3605465e-02
  1.1298462e-02  1.2582598e-02  1.0088283e-02  1.1154487e-02  1.4496177e-02
  1.7382125e-02  1.6273481e-02  1.2097309e-02  9.5080852e-03  4.7737407e-03
  7.9610694e-03  1.0349730e-02  9.4624214e-03  7.3454148e-03  6.5035904e-03
  6.5075300e-03  8.4769801e-03  7.2017979e-03  2.6395430e-03 -5.8134413e-04
 -5.0711817e-03 -6.1907491e-03 -1.3171033e-02 -1.8935229e-02 -1.7669538e-02
 -1.0695880e-02 -2.9624125e-03 -7.8507602e-05 -3.0997618e-04 -2.2706516e-03
  2.8730548e-04  5.2386154e-03  1.0697133e-02  1.0819082e-02  5.2849954e-03
 -4.8915710e-04 -3.7673477e-03 -2.6590620e-03  6.3553176e-04  2.0905037e-03
  2.4239385e-03  1.8331752e-03 -3.3730280e-03 -5.9232133e-03 -6.5805920e-03
 -5.6897015e-03  2.8692943e-03  3.7336819e-03 -1.3263972e-03 -5.5808248e-03
 -8.6519349e-03 -8.4825314e-03 -8.5265835e-03 -5.2697742e-03 -5.7953548e-03
 -4.3085078e-03  7.6285300e-04  4.5078166e-03  8.4585355e-03  6.8022850e-03
  3.3719535e-03  3.5936465e-03  7.1770858e-03  6.3565711e-03  6.4529126e-03
  9.5793564e-03  7.8299876e-03  8.3086510e-03  5.7652705e-03  3.8944899e-03
  4.2721559e-03  4.3385921e-03  3.4285407e-03  2.3138084e-03  3.7922390e-03
  5.7674194e-03  9.3272210e-03  7.6355139e-03  5.7803127e-03  7.3375356e-03
  1.0278280e-02  9.9482478e-03  6.0315527e-03  3.6061816e-03  4.7579822e-03
  7.2999302e-03  4.2956145e-03  4.2571137e-04 -4.3736905e-03 -6.4194259e-03
 -2.1067994e-03 -1.8482173e-03 -7.5921781e-03 -1.2200455e-02 -1.4995792e-02
 -1.3534731e-02 -9.1571012e-03 -6.9584370e-03 -2.5722114e-03  1.4668087e-03
  4.4189961e-03  6.8690794e-03  2.6533317e-03 -3.0793475e-03 -4.5735365e-03
 -5.4868112e-03 -4.4401268e-03 -3.3125011e-03 -8.2135630e-03 -1.1450674e-02
 -1.5079777e-02 -1.5524059e-02 -1.5600523e-02 -1.2780295e-02 -4.9212972e-03
 -7.5764196e-03 -7.8851423e-03 -1.0819440e-02 -1.2633096e-02 -9.9052701e-03
 -8.5615028e-03 -3.7277725e-04  4.4829253e-03  1.0627294e-02  1.3874792e-02
  1.5044142e-02  1.9142954e-02  1.6191107e-02  1.3537059e-02  1.0797235e-02
  4.6192003e-03 -9.9312358e-04 -4.1661444e-03 -4.0429418e-03 -1.7729886e-03
  2.5834930e-03  2.4072847e-03  3.0986874e-03  3.0575005e-03  2.1060831e-03
  4.0669377e-03  2.4801676e-03  2.4710349e-03  6.8871658e-04 -1.6748921e-03
 -4.1946171e-03 -5.5127769e-03 -6.9904912e-03 -6.8413230e-03 -1.6150816e-03
  4.8913919e-03  1.1617571e-02  1.0207009e-02  8.2563616e-03  6.9627348e-03
  4.3149544e-03  2.6277242e-03  1.1639239e-03 -6.0387157e-04 -2.4611858e-03
 -2.2167505e-03 -4.9384883e-03 -5.4037211e-03 -1.1972315e-03 -1.3471518e-03
  4.8725892e-04  1.2418566e-03  2.6413337e-03  1.7613667e-03 -2.0131440e-04
  4.5506151e-04  2.0031159e-03  5.7867593e-03  5.2301990e-03  6.7863474e-03
  6.2987304e-03  3.7596476e-03 -2.3455044e-04 -1.8467847e-03 -2.1700124e-03
 -7.4514263e-03 -8.3245886e-03 -7.0739394e-03 -7.7540605e-03 -8.2133840e-03
 -9.3585588e-03 -7.4533961e-03 -7.3674409e-03 -7.3866017e-03 -4.8539656e-03
 -1.9805526e-03  7.9039450e-04  2.7743853e-03  5.2776534e-03  6.2161775e-04
 -2.5645112e-03 -5.5802876e-04  2.2715470e-04 -3.3227083e-04 -3.7582150e-03
 -3.5621295e-03 -2.2020665e-03 -4.5196354e-03 -6.7576957e-03 -9.8400874e-03
 -6.1037194e-03 -5.2520459e-03 -8.0443386e-03 -6.9661372e-03 -4.7443726e-03
 -4.7357771e-04  1.2111634e-03  2.1866662e-03  3.2967427e-03  4.1288971e-03
  1.7921673e-03  6.9543184e-04 -2.0086672e-03 -5.8886521e-03 -5.5752735e-03
 -4.9411744e-03 -2.4300270e-03 -3.8980714e-03 -4.7617427e-03 -5.1625092e-03
 -5.9926938e-03 -1.9044464e-03 -4.6546568e-03 -1.3387533e-03  1.4494207e-03
  2.5607507e-03  5.0174597e-03  6.4812062e-03  7.7177086e-03  2.9201511e-03
 -2.4060312e-05  7.4498147e-04  5.2912630e-04 -6.1475924e-04  1.8906577e-04
  3.5619505e-04  1.0314453e-03 -1.5826155e-03 -4.7574450e-03 -8.0751392e-03
 -7.2956324e-03 -2.9312537e-03 -3.9904733e-03 -5.5279981e-03 -4.7171534e-03
 -3.4962305e-03 -1.3154558e-03 -3.1049550e-05  2.1159322e-03  3.3012195e-03
  6.0902888e-03  6.5395842e-03  9.9498594e-03  1.3427645e-02  1.1111688e-02
  7.4498147e-03  4.1258528e-03  4.3029565e-03  5.4411475e-03  7.0264850e-03
  8.6506814e-03  9.4174740e-03  6.1228802e-03  5.0489766e-03  3.0172090e-03
  2.0779686e-03  4.6874273e-03  6.2919256e-03  6.6901850e-03  8.5953477e-03
  9.3193417e-03  5.7663449e-03 -2.7109933e-03 -5.0883728e-03 -1.1078918e-04
 -1.4537543e-03  7.6659563e-04  4.7474169e-03  1.4694769e-03 -2.6785810e-03
 -1.8652293e-03 -3.4435829e-03 -1.5066705e-03  2.8306144e-03  4.2315062e-03
  6.0510718e-03  2.8424333e-03 -7.0730441e-04 -2.7339147e-03 -5.9181992e-03
 -4.6387193e-03 -2.6243218e-03 -1.6111957e-03 -3.7351145e-03 -8.3081138e-03
 -8.0488154e-03 -6.9656000e-03 -1.0216142e-02 -1.2020486e-02 -1.0669198e-02
 -7.6319324e-03 -4.6100675e-03  1.9880737e-04  1.1884927e-03 -2.7824436e-06
  2.1168275e-03  2.2248088e-03  3.7857923e-03  6.4427054e-03  7.5558262e-03
  8.0198055e-03  6.7790054e-03  5.3655785e-03  3.6513081e-03 -1.6212954e-03
 -3.1090737e-03 -1.6601723e-03 -5.5942553e-04  2.3902727e-03  7.0696417e-03
  1.0688538e-02  1.2530666e-02  7.0825350e-03  3.5784252e-04 -2.8703687e-03
 -1.5465860e-03 -1.5305231e-03 -9.4554376e-04 -1.5349462e-03 -4.5602851e-03
 -4.9109109e-03 -5.1693140e-03 -4.0721308e-03 -3.9177695e-03 -6.5768315e-04
 -1.5831886e-03  3.1540211e-04  3.2482137e-03  3.9292302e-03  6.3277403e-03
  4.5731784e-03  2.6853858e-03  7.5130276e-04 -1.2948624e-03 -1.1910177e-03
  6.8137457e-04 -3.0250882e-04 -5.1415576e-03 -8.6462045e-03 -9.1451032e-03
 -7.5359490e-03 -5.1446018e-03 -6.0310155e-03 -4.7925434e-03 -1.3170138e-03
 -9.7756209e-05 -3.6624107e-04  1.1868632e-03  3.5456548e-03  4.0635353e-03
  1.6339559e-03 -1.4396791e-04  1.7907168e-03  4.4721809e-03  2.4622603e-03
 -3.3991727e-03  5.5652454e-04  6.5882922e-04  7.8076035e-04 -4.8953316e-04
 -3.2192038e-03 -4.9802124e-03 -9.4694053e-03 -7.6018480e-03 -6.4491521e-03
 -5.9241087e-03 -3.1087155e-03 -2.0251419e-03 -2.1300790e-03 -8.0910768e-05
  2.3019895e-03  3.0247300e-03  5.9069176e-03  7.5635263e-03  1.1164336e-02
  1.4104901e-02  1.4210734e-02  1.2823451e-02  1.0340419e-02  8.9219777e-03
  7.4918969e-03  9.2400122e-03  7.6159948e-03  6.3327543e-03  3.1475744e-03
  3.3327364e-04 -1.9019394e-03 -3.0949268e-03 -3.4446573e-03 -2.7922927e-03
 -1.2256147e-03 -4.3027774e-04  4.4508712e-04  4.5445266e-04 -1.5784969e-03
 -3.7809573e-03 -3.4181545e-03 -6.9360529e-03 -1.0016117e-02 -9.9367871e-03
 -7.7501209e-03 -5.2224988e-03 -4.0526118e-03 -2.5482155e-03 -2.6293358e-03
 -2.5870745e-03 -5.7051018e-03 -8.4578192e-03 -1.0503913e-02 -1.3174615e-02
 -9.8101821e-03 -6.6840965e-03 -6.1825117e-03 -3.7746898e-03 -7.3391473e-04
  4.7877084e-04  2.9036764e-03  4.5567036e-03  4.4891929e-03  5.3414036e-03
  3.3157244e-03  5.0319646e-04 -4.3448597e-03 -6.6017227e-03 -4.2134198e-03
 -2.7290797e-03 -2.1377791e-03 -2.9554286e-03 -2.4744373e-03 -2.5575274e-03
 -2.2300020e-03 -8.0645739e-04 -1.6611751e-03 -5.2497180e-04 -4.8331931e-04
 -3.9987107e-04  3.7847179e-03  4.2456530e-03  4.5205308e-03  4.7687266e-03
  7.2632201e-03  7.2001862e-03  4.3760185e-03  6.0802607e-03  6.7213438e-03
  5.4511756e-03  3.6554268e-03 -4.6913669e-04 -5.4945114e-03 -6.0804398e-04
  8.6458464e-03  1.2055047e-02  6.6006482e-03  1.4927386e-03 -1.6804255e-03
 -1.2195262e-03  1.0319467e-04 -4.5918020e-03 -7.2395824e-03 -5.8030550e-03
 -7.8265852e-04  1.0118547e-03 -6.6667264e-04 -3.7784503e-03 -6.5467471e-03
 -5.6243397e-04  2.6024748e-03 -2.4065684e-03 -3.0104042e-03 -1.7696399e-03
 -2.5586018e-03 -1.8457103e-03 -1.2040363e-03  4.0970220e-04  2.0383934e-03
  2.7910392e-03  4.0506420e-03  3.5325824e-03  4.0599538e-03  4.5622549e-03
  5.5106280e-03  6.4425264e-03  4.2666046e-03  1.9393657e-03 -5.0194295e-03
 -5.2036961e-03 -3.2722096e-03 -4.1251365e-03 -1.5317766e-03 -2.5426643e-03
  1.3252512e-03  7.0089358e-03  1.1733789e-02  1.1776409e-02  1.0109414e-02
  8.7248178e-03  6.6450585e-03  3.1507978e-03  3.0893756e-03  1.7029350e-03
 -8.8712999e-04  1.8879716e-04 -2.5641531e-03 -2.3306413e-03 -1.5939509e-03
 -2.6257543e-03 -4.5346776e-03 -7.1568505e-03 -8.6487116e-05  3.3153663e-03
  3.6781692e-03  5.9373601e-03  2.4923446e-04 -4.1115270e-03 -6.0251061e-03
 -6.9193990e-03 -6.7431907e-03 -2.9389539e-03  4.2211199e-04  3.5316871e-03
  4.5015490e-03  3.0028831e-03  4.4374407e-03  4.7873502e-03  3.9312000e-03
  1.5660333e-03  8.0284011e-05  1.7753344e-04  7.1353616e-04  3.2720305e-04
  1.9080279e-03  2.7246029e-03  3.8199953e-04  3.7737944e-03  3.4380316e-03
  3.0970757e-03  4.9671400e-03  5.5466218e-03  7.4098813e-03  5.1005498e-03
  2.3625163e-03  3.3672976e-03  4.2520996e-03  4.5812367e-03  1.4625647e-04
  7.3898250e-04  1.4679548e-03 -1.0165285e-03 -3.5538922e-03 -7.6410651e-03
 -9.4613470e-03 -9.0115144e-03 -6.7068388e-03 -1.6520961e-03 -4.8074065e-04
  5.0273087e-04  2.0353491e-03  1.2815930e-03  2.8463729e-03 -4.8713357e-04
 -1.3399352e-03 -1.0431388e-03  2.1728775e-03  4.5148004e-03  4.8274627e-03
  8.4986480e-03  1.1116523e-02  1.0421002e-02  8.0169404e-03  5.0514836e-03
  1.1482191e-03 -2.6413337e-04  2.4497251e-03 -3.4634601e-04 -1.5373816e-03
  1.6585427e-03  1.9884319e-03 -3.2421252e-03 -2.2511326e-03 -2.6021166e-04
  2.5263686e-03  4.6290493e-03 -1.1816521e-03 -2.7469871e-03 -3.8255466e-03
 -4.5108608e-03 -6.7467722e-03 -8.6263274e-03 -8.0989560e-03 -6.0777537e-03
 -4.4000143e-03 -4.6256469e-03 -2.1889941e-03 -4.3821070e-03 -8.1000304e-03
 -8.6510395e-03 -7.8948122e-03 -3.7813155e-03 -1.7736153e-03 -3.4740254e-03
 -5.5876296e-03 -4.1099153e-03  2.1445839e-04  4.4977884e-03  1.7546335e-03
 -2.7212005e-04  4.5814158e-03  3.5949000e-04 -3.8303816e-04 -1.5264581e-03
 -5.7409165e-03 -6.8069409e-03 -8.2493777e-03 -7.8736816e-03 -8.2799993e-03
 -6.2589761e-03 -8.0669018e-03 -3.6606200e-03 -6.9584370e-03 -6.6609960e-03
 -3.8225024e-03 -5.1383343e-03 -4.0354207e-03 -1.1680963e-03  2.6721344e-03
  1.1924144e-03  4.0434790e-03  2.5652275e-03  3.1878660e-03  3.3776839e-03
  1.0323944e-03 -1.7592178e-03 -4.4426338e-03 -1.9911180e-03  3.9367512e-04
 -8.3840410e-04  2.8882761e-04  8.4266605e-04 -2.0466307e-03 -2.3549953e-03
  2.4237595e-03  1.9798363e-03  6.2553946e-03  5.5179700e-03  1.8310263e-03
  3.3757141e-04 -3.6185377e-03  1.5327794e-03  5.3793672e-03  6.7118529e-03
  5.8241857e-03  3.0605447e-03 -1.8414125e-03 -3.3150081e-03 -4.2793188e-03
 -5.5247748e-04  4.0973802e-03  2.6291567e-03  3.1839264e-04  5.0840750e-05
  2.4090754e-03  4.2050033e-03  9.8733951e-04  9.8440270e-04  7.7177086e-04
  2.1221997e-04  4.3804953e-03  1.9533335e-03  2.9604427e-03  8.4277349e-04
 -1.0625325e-03 -3.0265208e-03 -3.6212238e-03  4.3799581e-03  1.7978977e-03
 -4.6106047e-03 -7.4677220e-03 -6.1352363e-03 -5.6544240e-03 -8.9078309e-03
 -8.6897194e-03 -5.9072758e-03 -6.2570062e-03 -5.6997296e-03 -3.6824669e-03
 -2.5193847e-03  1.0602224e-03  1.1879913e-03  7.2374335e-03  9.0312125e-03
  5.2928747e-03  1.0200204e-03 -1.5714235e-04  4.0440163e-04 -5.9418369e-04
  1.9175188e-03  3.2277994e-03  3.9786544e-03  1.0382143e-03 -4.3726161e-03
 -6.2208334e-03 -2.7605967e-03  9.9324893e-04  7.6100854e-03  1.3092778e-02
  1.9638988e-02  2.9781709e-02  2.3933170e-02  7.4218792e-03 -1.5936465e-02
 -3.8319933e-02 -4.4974303e-02 -4.2019591e-02 -3.7483660e-02 -3.3191268e-02
 -1.6719016e-02  2.6696273e-03  1.9714199e-02  2.8148559e-02  2.6608527e-02
  2.0154719e-02  4.7003205e-03 -5.8089644e-03 -9.4056551e-03 -4.8317605e-03
 -3.0947478e-03 -3.2200992e-03 -1.5191877e-03  2.8436868e-03  8.9481224e-03
  1.4166861e-02  1.1974285e-02 -4.4608993e-04 -9.7236896e-03 -1.8526942e-02
 -2.2851566e-02 -2.6202031e-02 -2.9609799e-02 -2.6275451e-02 -1.1743638e-02
  4.2599789e-03  1.3192880e-02  1.8317426e-02  2.0088462e-02  1.5373637e-02
  9.2228211e-03  5.4379242e-03  5.5348029e-05 -3.5744856e-03 -5.2540157e-03
 -5.1168454e-03 -5.2853536e-04  7.5640635e-03  1.4078936e-02  1.3445553e-02
  1.2603012e-02  8.9511667e-03  9.8848558e-04 -7.2623247e-03 -8.1840159e-03
  2.3668141e-03  1.0234228e-02  1.1421843e-02  8.9637018e-03  3.1346812e-03
  4.9519188e-03  1.1249933e-02  1.2785667e-02  1.1246710e-02  9.1588919e-03
  8.6746772e-03  7.4442634e-03  6.6144369e-03  6.9414251e-03  1.1116702e-02
  1.0581810e-02  7.1464642e-03  1.0283831e-02  1.3150619e-02  1.1620794e-02
  6.7052272e-03  3.9034436e-03 -2.3528464e-03 -3.6851530e-03 -4.4043121e-03
 -7.1079634e-03 -1.0916498e-02 -1.2941103e-02 -8.3666708e-03 -7.4428308e-03
 -2.6959511e-03 -2.4663790e-03 -8.8421109e-04 -2.7367799e-03 -8.6540838e-03
 -9.4463048e-03 -1.0206293e-02 -5.7783429e-03 -3.7342192e-03 -5.1077127e-03
 -4.5235750e-03 -4.5894741e-03  8.3254839e-04  4.3998353e-03 -2.6048028e-03
 -5.7135183e-03 -4.9121645e-03 -5.2722812e-03 -2.4685278e-03 -6.0951238e-04
 -2.8161094e-04 -1.8942392e-03 -3.0548144e-03 -5.2903676e-03 -4.2170012e-03
 -3.0472933e-03 -1.1301148e-03 -5.5068675e-04  2.7557617e-03  3.3193059e-03
  3.2910123e-03  1.9493938e-03  1.8949555e-04 -3.6163888e-04 -1.3599556e-03
 -2.8630267e-03 -5.1331411e-03 -8.4945293e-03 -6.6917966e-03 -2.6712390e-03
  6.2577225e-04  8.8605555e-03  5.7989363e-03  4.6202747e-03  5.5036441e-03
  7.7923822e-03  9.9366080e-03  7.1751160e-03  5.8352882e-03  1.5521551e-03
 -3.6353706e-03 -4.9361603e-03 -2.0939061e-03  1.6986552e-03  1.0129828e-03
  2.9427144e-03  6.9109826e-03  5.5930018e-03  6.8114177e-03  4.6974554e-03
  5.1915191e-03  2.1549702e-03 -4.7447308e-04  2.1678635e-03  6.7261788e-04
  1.2590119e-03  4.3292803e-03  4.5441685e-03  4.3615135e-03  1.2352130e-03
 -2.3309994e-03 -1.2119514e-03 -3.9444514e-03 -3.1869706e-03 -5.0634815e-03
 -3.8977132e-03 -3.3481367e-03 -3.4047240e-03 -3.4631019e-03 -6.4577476e-03
 -8.4529843e-03 -9.8200312e-03 -9.5738051e-03 -8.9794603e-03 -1.0873699e-02
 -9.5761331e-03 -5.6155651e-03 -3.5134216e-03 -4.3928514e-03 -6.7276113e-03
 -5.5702595e-03 -5.6399191e-03 -6.0478484e-03 -6.5882922e-03 -8.3258421e-03
 -5.9275111e-03 -5.2278710e-03 -6.2179682e-03 -3.5744856e-03 -1.1277152e-03
  1.7848969e-03  1.1240442e-03  1.4094515e-03  3.9027273e-03  4.8398188e-03
  6.3866554e-03  6.8415021e-03  6.1706928e-03  7.2152284e-03  1.1657325e-02
  1.4912523e-02  1.3096359e-02  7.7957846e-03  2.8949018e-03  3.4958724e-03
  1.9560196e-03 -2.2452232e-03 -6.5311677e-03 -7.4705872e-03 -1.1217521e-03
  3.4795767e-03  4.1550418e-03 -8.2812528e-04 -2.6123238e-03 -2.5825976e-03
  8.8433644e-04  3.4013216e-03  4.2979424e-03  5.0575721e-03  5.8016224e-03
  7.6892359e-03  2.8259585e-03 -1.9180560e-03 -2.0321258e-03 -3.1099690e-04
 -5.5459055e-04 -5.7414537e-04 -8.8447970e-04  5.8642981e-04 -3.0603657e-03
 -7.9861397e-03 -7.3772899e-03 -4.6073814e-03 -4.1118851e-03 -3.4403596e-03
  4.7955876e-04  2.6406174e-03  4.6577011e-03  6.8517093e-03  2.6520781e-03
  7.6192182e-04  3.1438139e-03  3.8074602e-03  1.5539280e-03  2.0888921e-03
  3.7553498e-03  3.6219401e-03  1.8856437e-03  3.5594434e-04 -9.6934262e-04
 -5.3906488e-03 -4.9449349e-03 -4.7701592e-03 -2.8297190e-03 -2.6902208e-03
 -4.9270276e-03 -1.7178518e-03 -1.5099833e-03 -4.6713106e-03 -3.3495693e-03
 -1.2802858e-03 -3.5644575e-04 -2.3490858e-03 -3.1871497e-03 -7.3618896e-04
  1.6697706e-03  4.4189961e-03  7.6466164e-03  7.8299876e-03  1.7519653e-03
  1.7948534e-03  8.3432122e-04  1.0783267e-03  1.2181115e-03 -1.4696023e-03
 -1.2382573e-03  1.9871783e-03  4.9415325e-03  5.3956628e-03  3.7299214e-03
  1.0035994e-03  1.5122039e-03 -1.6260946e-03 -8.7978798e-04 -7.8876493e-04
 -3.3180524e-03 -2.3476532e-03 -4.0612073e-03 -3.8978923e-03 -2.7043676e-03
  9.9695575e-04  1.3824472e-03  1.3758931e-03  1.0088104e-03  7.4412191e-04
  2.3729026e-04  1.7540247e-03 -4.8829755e-04 -4.1797540e-03 -2.6318428e-03
 -3.5517433e-03 -4.5645828e-03 -9.3223860e-03 -6.4840714e-03 -3.3363179e-03
 -8.9932489e-04  2.5408735e-03  1.0685314e-03 -1.2824884e-03 -1.1113837e-03
  3.3450925e-03  5.4081980e-03  5.1374389e-03  2.3476532e-04 -3.1280554e-03
 -2.4391598e-03 -3.8208907e-03 -4.4811346e-03 -4.5627921e-03 -4.0167971e-03
 -3.4246011e-03  5.9538349e-04  5.3560876e-04  1.8716759e-03  3.2023709e-03
  8.2203678e-04  2.7706248e-03  1.2481242e-03 -2.3397740e-04  9.5852658e-05
  2.1508515e-03  6.9199362e-03  6.7177623e-03  5.7795964e-03  1.2424834e-03
 -1.5080852e-03 -1.0021310e-03 -1.4196766e-03  2.1073366e-03  3.4210196e-03
 -5.9122898e-04 -6.5845316e-04  1.5054528e-03 -1.2472467e-04  4.0517164e-04
  2.2987662e-03  2.3147037e-04  2.1152159e-03  2.1954408e-03  2.3641280e-03
  1.3033863e-03  1.5703848e-03  1.8115073e-04 -1.1696721e-03  3.6543524e-04
 -1.8659456e-03 -7.7698190e-04 -4.8838709e-03 -5.4354172e-03 -2.7512849e-03
 -1.4342353e-03  1.5946851e-03  1.2304138e-03  9.8653367e-04  4.4406640e-03
  1.9418728e-03  1.6930860e-03  7.8367924e-04 -2.2260624e-04  3.5606970e-04
  1.9150117e-03  5.0896263e-03  9.4457676e-03  8.4810988e-03  3.6804971e-03
  4.4161309e-03  3.0240138e-03 -1.8018373e-04  9.4540050e-04  1.1582293e-03
  1.3398098e-03  3.4580879e-03  1.3627312e-03  9.2566660e-05  8.1677202e-05
  2.8257794e-03  5.0276669e-03  2.6517200e-03  1.6453629e-03  4.4112960e-03
  6.3558548e-03  5.6118045e-03  4.7450889e-03  6.0064825e-03  3.0874058e-03
  3.1395161e-03  5.4866322e-03  6.0471321e-03  1.0364235e-02  8.0552621e-03
 -5.3576993e-03 -1.3828233e-02 -2.0503913e-02 -1.9723152e-02 -1.2235195e-02
 -6.2731229e-03 -2.2316136e-03 -8.3725803e-03 -1.1411636e-02 -6.8644235e-03
  9.0990814e-05  1.6255753e-03 -9.5947567e-04 -6.6008273e-03 -5.6640940e-03
 -4.7830525e-03 -4.0313020e-03 -4.5198145e-03 -2.5462457e-03  3.6869438e-03
  7.8598929e-03  1.0562470e-02  9.7736511e-03  2.2391347e-03 -8.0914349e-03
 -1.0339523e-02 -9.7987214e-03 -7.8518346e-03 -8.2903855e-03 -8.4624752e-03
 -5.8213205e-03 -2.7797575e-03 -1.4382286e-03 -2.4622603e-03 -1.3853303e-03
 -1.7034901e-03 -3.4989166e-03 -6.2256684e-03 -8.5661587e-03 -9.4556166e-03
 -5.4705156e-03  6.2614831e-04 -1.1346812e-03 -1.9377541e-05 -3.8910875e-04
  1.8107910e-03  2.3449671e-03  1.1897283e-03 -2.1035761e-03 -2.7709829e-03
 -1.7056211e-03 -1.0975234e-03 -7.5518865e-04 -3.1554537e-03 -1.8421288e-03
 -1.8612897e-03  5.6220117e-04  7.7363322e-05 -1.9597801e-03 -2.1487026e-03
  5.7410956e-04  5.4884229e-03  5.5573662e-03  5.6255932e-03  4.2778862e-03
 -1.3444478e-03 -6.0313737e-03 -7.0177104e-03 -2.7530756e-03  3.5352685e-03
  6.7037946e-03  2.2719052e-03 -1.9744641e-03 -2.4255502e-03 -9.5098759e-04
 -1.8974625e-03 -7.1731461e-04  2.0272908e-03  4.5986068e-03  2.6108912e-03
  2.8811131e-03  3.5200473e-03  4.0246763e-03  5.4821553e-03  5.4126748e-03
  5.7855058e-03  4.8910338e-03  6.1108823e-03  3.7170281e-03  4.3400247e-03
  4.3459341e-03  3.3689093e-03  1.7125871e-03  4.8867360e-03  3.6366241e-03
  7.0060706e-04  6.3995487e-04  7.6342603e-04  6.1139265e-03  6.4471823e-03
  5.0812098e-03  4.0236019e-03  8.6728865e-04 -8.6422649e-04 -1.7383199e-03
 -3.3782211e-03  1.6240173e-03  1.4449797e-03  8.8406783e-04  1.2763820e-04
 -3.1764053e-03 -1.4166503e-03 -7.2188099e-04 -5.4273588e-04  9.5829379e-05
 -7.9565926e-04 -1.5321526e-03 -1.6973479e-03 -2.6347080e-03 -1.1109897e-03
  2.7604176e-04  1.4188708e-03  4.9904196e-04  7.3534731e-04 -1.2322583e-03
  1.1339828e-03  4.8355210e-03  7.0612252e-03  6.1166126e-03  4.9075086e-03
  6.4249772e-03  5.8075318e-03  7.3103164e-03  5.6436796e-03  6.4072489e-03
  3.7997600e-03  1.6175528e-03 -1.3661515e-03 -4.3729742e-03 -3.8457819e-03
 -5.0471859e-03 -5.1091453e-03 -5.1605394e-03 -2.9355515e-03 -2.3322529e-03
 -4.9746611e-03 -3.2283366e-03 -7.9238221e-04  1.3134144e-03  1.4351127e-03
 -2.9996598e-04 -1.6406712e-03 -2.9491610e-03 -4.7295095e-03 -5.1009079e-03
