Scaled from
PEER NGA STRONG MOTION DATABASE RECORD
ACCELERATION TIME SERIES IN UNITS OF G
NPTS= 2999.000000, DT= 0.020000, Scalar= 1.000000
 -5.3896736e-03 -5.0536534e-03 -4.2011879e-03 -2.7979637e-03 -3.4907167e-03
 -1.0281244e-02 -1.6825963e-02 -1.7514723e-02 -9.7780246e-03  1.3395887e-03
  1.1434418e-02  9.0811539e-03  4.9928878e-04  2.4997504e-03  1.2821921e-03
 -9.8258135e-03 -8.8254891e-03 -1.3583051e-03 -1.0122529e-02 -1.6229537e-02
 -6.3937413e-03  1.5092833e-02  1.2729587e-02  2.9840038e-03  1.1541226e-02
 -7.5008734e-05 -1.1784039e-02 -6.9456229e-03  1.4704781e-02  2.7898533e-02
  1.6158415e-02 -6.3078958e-03 -9.0500848e-03 -1.1450389e-02 -4.8389150e-02
 -3.6889848e-02  2.1111998e-03  2.5401777e-02  4.1011180e-02  1.0417249e-02
 -3.1696696e-02 -6.2619784e-03  2.3874526e-02  4.2862847e-03 -6.6577660e-03
 -1.4193202e-02 -2.8363945e-02 -4.1502795e-02  1.4045967e-03  5.2716361e-02
  4.7076512e-03 -4.1283190e-02 -3.2386704e-02 -2.1337842e-02 -1.2119310e-02
  2.5561489e-02  5.8527151e-02  5.2978389e-02  4.2668197e-02  2.0834997e-02
 -4.1819724e-02 -6.5109054e-02 -6.8571571e-02 -4.4187962e-02  2.1195598e-02
  1.7690657e-02  4.2341286e-03  5.2126173e-03 -8.9594979e-03 -2.5699990e-02
 -2.8944151e-02 -4.0537033e-02 -4.2872829e-02 -3.7755790e-02 -2.1417698e-03
  4.8883260e-02  3.8851318e-02  4.0745408e-02  4.4749451e-03 -3.3072969e-02
 -5.9138551e-02 -6.4592484e-03  3.0278000e-02 -4.1565183e-02 -7.0264773e-02
 -2.0017718e-02  2.2030345e-02 -2.8814384e-02 -3.7917998e-02 -1.5193901e-02
  1.3324765e-02 -7.3812138e-03 -2.5837243e-02  2.7033839e-03  5.0542773e-02
  4.0173937e-02  2.7964664e-02  6.2074516e-02  4.1603863e-02 -2.0257287e-02
 -6.5092833e-02 -7.5713715e-03  7.2764025e-02  2.4745458e-02 -5.3680874e-02
 -7.5511579e-02 -3.0536285e-03  1.2587343e-02 -5.0883410e-02 -5.4274805e-02
  1.8374426e-02  6.7510980e-02 -2.3953134e-02 -8.4605211e-02 -5.4878718e-03
  8.0344131e-02 -1.5369834e-02 -1.3988571e-01 -1.5659313e-01 -4.9006788e-02
  3.0954282e-02  4.6954232e-02  9.9383610e-02  1.0257037e-01 -1.4112098e-02
 -9.2671941e-02 -7.0984727e-02 -7.2594330e-03 -1.3392144e-02 -1.4704781e-02
  6.2436365e-02  7.8420094e-02  3.2230735e-02 -1.7628269e-02 -3.1645538e-02
 -7.1173138e-02 -5.1793023e-02  3.4425534e-02  3.5358854e-02 -1.6376772e-02
  2.5910860e-02  6.6658764e-02  6.8002595e-02  3.0003494e-02  9.7385955e-03
 -1.6086045e-02 -6.4099621e-02 -6.9536085e-02 -5.3603514e-02 -5.5714714e-02
 -8.3794170e-02 -2.6764324e-02 -8.1126472e-03 -5.1816730e-02 -5.2323318e-02
  3.2470303e-04 -1.0021960e-02 -2.8509932e-02 -1.0877795e-02 -1.8515422e-02
 -5.6353564e-02 -7.5831004e-02 -4.8820872e-02 -1.6074815e-02  2.9027750e-02
  8.0473897e-02  1.3489469e-01  1.7548413e-01  2.3573817e-01  3.0113296e-01
  3.6269715e-01  4.1052356e-01  4.2849122e-01  4.4130565e-01  4.4564783e-01
  4.6806997e-01  4.9160262e-01  5.0298213e-01  5.3307796e-01  5.8471002e-01
  6.0788081e-01  5.7359253e-01  5.3338990e-01  5.0250799e-01  4.5464414e-01
  3.1468357e-01  8.0007237e-02 -1.7676932e-01 -4.1928279e-01 -6.0483629e-01
 -7.2882561e-01 -8.3903973e-01 -8.6304652e-01 -8.0530046e-01 -7.6162907e-01
 -6.7651976e-01 -7.1057097e-01 -2.2182571e-01  5.9321970e-01  7.6301407e-01
  6.6290677e-01  5.5883160e-01  5.3430076e-01  4.6275454e-01  2.2699142e-01
 -9.4027001e-02 -3.4430525e-01 -4.8137103e-01 -6.9761929e-01 -9.7760281e-01
 -1.0000000e+00 -8.0784588e-01 -7.1170643e-01 -6.9376373e-01 -6.1534238e-01
 -5.2486774e-01 -4.8016071e-01 -3.2923238e-01  2.4720503e-02  3.1775304e-01
  3.7869335e-01  2.9850020e-01  1.4092134e-01  3.0835746e-02 -7.6592134e-02
 -1.7152875e-01 -2.7952186e-01 -3.1419695e-01 -1.6595129e-01 -3.1806498e-02
 -1.1928529e-02 -1.3755241e-02  1.1461120e-02  7.9732731e-02  1.4299261e-01
  2.0107556e-01  9.9721751e-02 -9.5898632e-02 -1.9296516e-01 -2.1702186e-01
 -1.2278773e-01 -4.2171591e-02 -6.9411310e-03  6.9170493e-02  1.3047764e-01
  1.4721002e-01  1.6646287e-01  2.0103813e-01  2.6180375e-01  3.2129667e-01
  3.4915901e-01  3.6735127e-01  3.7521212e-01  3.7612298e-01  2.7300858e-01
  7.7812438e-02 -3.7470054e-02 -7.3638700e-02 -6.0565981e-02 -8.8731533e-03
  6.1698942e-02  1.0557871e-01  1.5417249e-01  1.8384408e-01  2.1405221e-01
  1.8995808e-01  7.2639249e-02 -1.4176981e-02 -5.2186065e-02 -6.1159912e-02
 -8.3636953e-02 -1.7514723e-01 -1.7412408e-01 -7.2409663e-02 -3.2724845e-02
 -1.1460870e-02  2.7465562e-02  1.2069275e-01  1.1750474e-01  3.6993412e-02
  8.1444650e-03  2.2027850e-02  8.8904971e-02  1.5055400e-01  1.7119185e-01
  1.1221426e-01  6.1657766e-02  5.3202985e-02  1.6360551e-02 -6.3664155e-02
 -1.1287557e-01 -1.2199790e-01 -1.2715861e-01 -1.3439559e-01 -1.3503194e-01
 -7.8183021e-02 -3.9945598e-02 -2.5784837e-02  5.9757437e-03  7.9716510e-02
  1.2935466e-01  1.2755790e-01  1.3334747e-01  1.5861449e-01  1.7870333e-01
  1.7941455e-01  1.7202785e-01  1.4944350e-01  1.1390372e-01  3.6530495e-02
 -8.4512877e-02 -1.8972100e-01 -2.4940108e-01 -2.5918347e-01 -2.2303604e-01
 -1.8082452e-01 -1.3331004e-01 -8.9411559e-02 -4.0223847e-02  2.1617339e-03
  3.7523707e-02  7.3044769e-02  1.0593182e-01  9.7398433e-02  4.3118636e-02
 -2.4413556e-03 -2.7536684e-02 -3.0183170e-02 -2.4890198e-02 -1.8794919e-03
  5.2063785e-02  1.3145089e-01  2.1554951e-01  3.0762128e-01  3.7790727e-01
  4.1509034e-01  3.2878319e-01  1.4289279e-01 -2.2543172e-02 -1.2760781e-01
 -1.5181423e-01 -9.5817528e-02  1.9463715e-02  1.0868062e-01  1.0319051e-01
  2.6854163e-02 -5.6075314e-02 -1.4103364e-01 -2.0543023e-01 -2.6271461e-01
 -2.9301008e-01 -2.8922939e-01 -2.6885356e-01 -2.3178279e-01 -2.0523058e-01
 -2.0630365e-01 -2.2011629e-01 -2.1116989e-01 -1.6487822e-01 -1.3530645e-01
 -1.2385831e-01 -8.8932422e-02 -7.7592833e-02 -1.2626023e-01 -1.8383160e-01
 -1.8017568e-01 -1.4622430e-01 -1.3337243e-01 -1.0917723e-01 -6.0763126e-02
 -8.0473897e-03 -4.5412008e-03 -4.6732132e-02 -6.3928678e-02 -3.2562637e-02
  3.4034987e-02  9.1261978e-02  1.1635681e-01  1.1250749e-01  1.0727316e-01
  1.2083874e-01  1.5532042e-01  1.8268367e-01  1.9864244e-01  2.1215562e-01
  1.4110850e-01 -2.2247455e-02 -1.7694400e-01 -2.9621681e-01 -3.6639050e-01
 -3.9268067e-01 -3.8384658e-01 -2.5301956e-01 -8.0594929e-02  7.7385706e-02
  2.0262278e-01  2.4534588e-01  2.6217808e-01  2.8189259e-01  3.1944999e-01
  3.3946396e-01  3.2470303e-01  2.8907966e-01  2.8684618e-01  2.7913506e-01
  2.4545818e-01  2.3505191e-01  2.3102166e-01  2.0228589e-01  1.3578059e-01
  6.4390347e-02  1.0473024e-02 -3.2239469e-02 -6.6353064e-02 -9.0902625e-02
 -7.9828808e-02 -3.5939060e-02 -3.3620733e-02 -8.2751048e-02 -1.1648408e-01
 -1.1815482e-01 -1.2157242e-01 -1.3694101e-01 -1.5137752e-01 -1.0719954e-01
 -2.4577011e-02  2.9440757e-02  6.6561439e-02  1.0912358e-01  1.4607457e-01
  1.6007437e-01  1.6198343e-01  1.3887502e-01  8.8274855e-02  4.2437363e-03
 -9.2260182e-02 -1.5092833e-01 -1.7356259e-01 -1.8923438e-01 -2.0802555e-01
 -2.1913056e-01 -2.1364045e-01 -1.8423088e-01 -1.3906219e-01 -9.1148433e-02
 -4.6037133e-02  1.4628668e-03  2.6518517e-02  2.9948593e-02  3.0510082e-02
  3.2934468e-02  4.2761779e-02  4.8180775e-02  3.8650429e-02  2.1648533e-02
  2.8267868e-02  4.0147734e-02  3.4268317e-02  2.5370583e-02  3.0455181e-02
  4.8768467e-02  6.5010481e-02  5.6772809e-02  2.9425784e-02  1.3288581e-02
  4.4114344e-03 -1.5580705e-02 -5.4616690e-02 -9.3109902e-02 -1.0201138e-01
 -8.0860701e-02 -3.8541875e-02  1.0163206e-02  3.5256538e-02  4.4365143e-02
  4.9211419e-02  5.8869036e-02  4.2386205e-02 -3.1495808e-02 -9.7387203e-02
 -1.1876248e-01 -1.2224122e-01 -9.7261180e-02 -4.7297365e-02 -2.3167049e-02
 -2.0607906e-02 -1.1074566e-02  3.1166400e-02  5.5738421e-02  6.0031943e-02
  8.1971202e-02  1.0680899e-01  1.0881538e-01  8.3231433e-02  6.6026153e-02
  6.6130964e-02  7.0419495e-02  7.0176183e-02  6.9890447e-02  4.5946047e-02
  4.1115991e-04 -1.7131663e-02 -6.4327960e-03  8.0077111e-03  1.3483230e-02
  2.7829906e-02  5.3214214e-02  7.4433520e-02  7.9697794e-02  5.3799411e-02
  1.8356957e-02 -1.3211220e-02 -4.5053903e-02 -6.8628968e-02 -7.5920842e-02
 -4.9018018e-02 -5.9511629e-03  3.4504143e-02  6.8806149e-02  8.0643592e-02
  5.9638900e-02  1.3054003e-02 -1.1419570e-02 -2.1265472e-02 -3.3255141e-02
 -4.6445149e-02 -5.4813835e-02 -5.9421791e-02 -6.7862847e-02 -7.1647285e-02
 -6.8053753e-02 -6.2332801e-02 -6.0227840e-02 -5.2903524e-02 -3.4603963e-02
 -8.9764674e-03  1.5130266e-02  4.4589738e-02  7.6755590e-02  9.5307197e-02
  9.7046566e-02  6.8761230e-02  3.4541575e-03 -7.0152476e-02 -1.2707127e-01
 -1.5950040e-01 -1.7031843e-01 -1.4725993e-01 -1.0252296e-01 -7.2145139e-02
 -4.3602765e-02 -2.0937313e-03  5.4186215e-02  1.1131089e-01  1.3514424e-01
  1.3583051e-01  9.6532492e-02  3.5698243e-02 -2.1644789e-02 -6.8849820e-02
 -8.7670942e-02 -8.3912707e-02 -4.4119335e-02  1.0158340e-02  6.4351667e-02
  8.7596077e-02  9.4457477e-02  9.8143342e-02  8.2538930e-02  5.9396836e-02
  4.3997055e-02  3.5426233e-02  1.9985277e-02  2.9070174e-03 -5.5678529e-03
  2.0662807e-03  1.7936464e-02  2.4020513e-02  1.8683869e-02  1.6238271e-02
  1.5696746e-02  1.6545219e-02  1.8232182e-02  2.2776502e-02  2.6434917e-02
  2.3078459e-02  2.0048912e-02  2.1277950e-02  2.7284638e-02  2.6469854e-02
  4.8517668e-03 -2.6291425e-02 -5.6994909e-02 -7.7156119e-02 -8.1912557e-02
 -8.8299810e-02 -1.0000749e-01 -1.0623253e-01 -1.0012977e-01 -8.6851168e-02
 -7.4312488e-02 -5.6893841e-02 -3.8007836e-02 -2.9719006e-02 -3.1483330e-02
 -3.0384059e-02 -2.2299860e-02 -1.3647934e-02 -1.1110875e-02 -9.3132362e-03
  1.8420593e-03  2.8023308e-02  5.7990617e-02  8.0319175e-02  9.8535137e-02
  1.1355435e-01  1.0642094e-01  5.2229736e-02 -2.9434518e-03 -2.7252196e-02
 -3.9295518e-02 -4.8736025e-02 -5.6660511e-02 -5.4994759e-02 -3.8641695e-02
 -2.2009134e-02 -1.1287932e-02 -3.4446746e-03 -4.6442653e-03 -1.2786983e-02
 -1.9914155e-02 -2.1639798e-02 -2.0329657e-02 -1.6101018e-02 -7.1553703e-03
  2.8921691e-03  5.1499800e-03  5.6872629e-03  1.7900279e-02  4.3475494e-02
  6.1742613e-02  5.7461569e-02  2.5561489e-02 -2.6769315e-03 -1.0990717e-02
 -1.7744310e-02 -2.2858854e-02 -1.8497954e-02  2.5940807e-04  2.7238471e-02
  4.9611948e-02  5.8181523e-02  5.3491216e-02  4.6581154e-02  4.3011330e-02
  3.6959722e-02  2.6246506e-02  1.7434867e-02  1.8917199e-02  2.9936115e-02
  3.5625873e-02  3.3266371e-02  3.1989918e-02  3.4601467e-02  3.0662308e-02
  9.8701088e-03 -3.4824815e-03  1.7655720e-03  9.7580605e-03  6.3428329e-03
 -5.6016670e-03 -1.9366390e-02 -3.3392394e-02 -3.7438860e-02 -2.5561489e-02
 -8.6720154e-03  4.2817928e-03  1.0099696e-02  9.4074416e-03 -1.2561140e-02
 -4.4425035e-02 -5.7778499e-02 -5.6373528e-02 -5.3539878e-02 -5.9169744e-02
 -6.2670942e-02 -5.7880815e-02 -5.2891046e-02 -5.5003494e-02 -4.9620683e-02
 -3.3886504e-02 -1.6012428e-02 -1.9433769e-03  5.0526552e-03  9.0479637e-03
  1.6792274e-02  3.6110002e-02  5.6438411e-02  6.8914704e-02  6.9136804e-02
  5.6762827e-02  3.4360651e-02  1.1423687e-02 -1.8898483e-03 -6.0235326e-03
 -9.7704133e-03 -1.9861749e-02 -3.0346626e-02 -3.0199391e-02 -2.2196297e-02
 -1.2889299e-02 -9.1678728e-04  1.2142019e-02  1.4289279e-02 -2.7721352e-03
 -2.2208774e-02 -2.9999750e-02 -2.9894939e-02 -2.9817578e-02 -2.7778748e-02
 -2.1224296e-02 -1.0797315e-02  2.6122979e-03  1.4871980e-02  2.9667848e-02
  4.2442354e-02  4.4410062e-02  3.6330854e-02  3.1717908e-02  3.0254292e-02
  2.1606109e-02  1.3999800e-02  1.1119360e-02  1.6677481e-02  1.7398682e-02
  1.4943102e-02  1.8970852e-02  2.2973647e-02  2.1485077e-02  1.9749451e-02
  2.4968806e-02  2.9994759e-02  3.0518816e-02  2.4863995e-02  1.2898034e-02
  4.5086345e-04 -1.2889299e-02 -3.2652476e-02 -4.9957576e-02 -6.2431374e-02
 -6.4150779e-02 -6.1026402e-02 -5.2857357e-02 -3.4418048e-02 -8.5308944e-03
  1.6646287e-02  3.0281743e-02  3.6584149e-02  4.0397285e-02  4.2505989e-02
  4.0785336e-02  3.0893142e-02  1.4311739e-02 -4.4979038e-03 -1.4067179e-02
 -9.8188261e-03 -7.2876323e-04  1.5705480e-03 -6.6551457e-03 -1.6328109e-02
 -2.7554153e-02 -3.4213416e-02 -3.0214364e-02 -1.5972500e-02 -3.2134658e-03
  4.0717958e-03  6.4301757e-03  3.0748403e-03 -3.1727890e-03 -1.1252870e-02
 -2.3031044e-02 -3.5291475e-02 -3.8863795e-02 -2.9168746e-02 -1.4646137e-02
 -9.9185217e-03 -1.4773408e-02 -1.6542723e-02 -5.0796067e-03  1.0559368e-02
  2.0239818e-02  2.4937612e-02  2.5546516e-02  1.7424885e-02  3.8825115e-03
 -4.7845129e-03 -7.2155121e-04  8.1707926e-03  6.6965712e-03 -3.8476991e-03
 -9.8958125e-03 -1.2737073e-02 -1.7745558e-02 -1.9388850e-02 -1.4395338e-02
  8.0639848e-04  1.6582651e-02  2.3988071e-02  2.2710371e-02  1.6049860e-02
  4.5685267e-03 -8.6272210e-03 -1.8661409e-02 -1.6195847e-02  4.1560192e-03
  2.5459173e-02  3.4766171e-02  3.8700339e-02  4.1144690e-02  3.9390347e-02
  2.8851817e-02  1.3506938e-02 -3.0221851e-03 -2.0453184e-02 -2.9219904e-02
 -2.4003045e-02 -1.4654871e-02 -1.0306074e-02 -1.0475519e-02 -1.7194051e-02
 -2.4646886e-02 -2.9395837e-02 -3.3225195e-02 -3.8749002e-02 -4.3373178e-02
 -4.4124326e-02 -4.0715462e-02 -3.1885107e-02 -1.8265871e-02  1.4448992e-03
  2.2755290e-02  3.7331553e-02  4.6497554e-02  5.3437562e-02  5.2075015e-02
  3.6963466e-02  2.2261180e-02  1.2420892e-02  2.7317079e-04 -1.1896087e-02
 -1.9297764e-02 -1.7624526e-02 -1.6671242e-02 -1.8104911e-02 -1.9765672e-02
 -1.8264624e-02 -9.9857756e-03 -6.8192254e-03 -8.1518267e-03 -5.7746057e-03
  8.1658016e-04  8.5271511e-03  1.2024855e-02  1.5750399e-02  1.6319375e-02
  1.6049860e-02  1.6706179e-02  1.5261280e-02  1.1579158e-02  4.4623428e-03
 -6.5695498e-03 -1.7347524e-02 -2.6892843e-02 -3.6926033e-02 -4.3459273e-02
 -4.3228439e-02 -3.3439808e-02 -2.1547465e-02 -1.0482132e-02 -2.6996406e-03
  5.2577860e-03  1.4858255e-02  2.4026752e-02  3.2212018e-02  3.2217009e-02
  2.5919595e-02  1.6913306e-02  8.6706428e-03  7.9882462e-04 -2.5678778e-03
  7.5605161e-04  3.1938760e-03  3.8160062e-03  6.6350569e-04 -2.3425334e-03
 -5.1402476e-03 -6.4769665e-03 -1.7165352e-03  5.5702236e-03  1.1981683e-02
  1.2811939e-02  5.3376422e-03 -6.0100569e-03 -1.4444001e-02 -1.6064833e-02
 -9.3521661e-03 -1.9966560e-03 -2.0969754e-03 -3.3077960e-03  1.0949167e-03
  1.2493761e-02  2.3298063e-02  2.8523657e-02  2.6124226e-02  1.3281094e-02
 -1.3339738e-03 -1.0024082e-02 -9.1220803e-03 -3.5026951e-03 -1.4275554e-03
 -3.2953184e-03  2.1264224e-04  6.8792424e-03  1.6593881e-02  2.7877321e-02
  3.2194550e-02  2.4488421e-02  6.1813735e-03 -6.4186963e-03 -6.0684518e-03
  2.7333300e-03  1.3314783e-02  2.0579207e-02  2.1750848e-02  1.7850369e-02
  1.0694749e-02  6.1505540e-03  6.6087293e-03  5.9103613e-03  1.3345977e-03
 -6.1183619e-03 -1.4394091e-02 -2.4755440e-02 -3.4557796e-02 -3.9315482e-02
 -4.0406019e-02 -3.5523558e-02 -2.7451837e-02 -2.1678479e-02 -2.2936215e-02
 -2.6362547e-02 -2.4278798e-02 -1.8601517e-02 -1.1081553e-02 -5.0006239e-03
 -3.0693502e-03 -3.6092533e-03 -5.1121731e-03 -4.0356109e-03  1.1578409e-03
  7.0833749e-03  1.2965412e-02  1.8859802e-02  2.5677530e-02  2.7228489e-02
  2.1346576e-02  1.4789629e-02  1.1370533e-02  1.0236325e-02  5.7953184e-03
  1.8197245e-03  1.8713815e-03  6.2443851e-04 -2.2510731e-03 -8.9531344e-03
 -1.2905520e-02 -9.8110900e-03 -8.4378119e-03 -9.6155670e-03 -7.0582951e-03
  1.9066930e-03  9.7482032e-03  1.1502296e-02  9.4290278e-03  7.9442004e-03
  9.8958125e-03  1.1056972e-02  1.1968582e-02  1.8433070e-02  2.7516720e-02
  3.4189709e-02  3.8922440e-02  3.9757187e-02  3.4593981e-02  2.7347025e-02
  2.3286834e-02  1.7479786e-02  6.8242164e-03 -3.1873877e-03 -1.2414030e-02
 -2.1362797e-02 -2.6437413e-02 -2.5521561e-02 -1.8751248e-02 -1.1959099e-02
 -1.0493237e-02 -1.3453284e-02 -1.8625225e-02 -2.3921941e-02 -2.9662857e-02
 -3.3487223e-02 -3.3202735e-02 -2.9847524e-02 -2.9287283e-02 -3.1017918e-02
 -3.2596327e-02 -3.0426482e-02 -2.4323717e-02 -1.6395488e-02 -7.7733829e-03
 -4.0258784e-03  3.2505241e-03  1.5039179e-02  2.6182871e-02  3.2444101e-02
  3.1480834e-02  2.3429078e-02  1.2674686e-02  1.9569774e-03 -7.2444600e-04
  6.9033240e-03  1.4707277e-02  1.8904722e-02  2.4126572e-02  2.7121182e-02
  1.9552306e-02  9.4926632e-03  2.0266021e-03 -2.1739619e-03 -4.4714514e-03
 -4.5720204e-03 -1.3322270e-03 -1.3788930e-03 -2.9963566e-03 -4.7554402e-04
  9.0877670e-04 -9.5287233e-04 -5.4529347e-03 -1.1822345e-02 -1.7438611e-02
 -1.8597774e-02 -1.5256289e-02 -1.1015672e-02 -2.4574516e-03  4.5382062e-03
  7.8970353e-03  1.0416875e-02  6.1901078e-03  2.4995009e-03  1.1972824e-03
  2.1767069e-03  4.7757786e-03  8.8359703e-03  1.0975619e-02  8.0601168e-03
  6.9793122e-03  6.2085746e-03  9.8712318e-03  1.3753993e-02  1.5666800e-02
  1.5117788e-02  1.0720079e-02  7.0818776e-03  5.6514524e-03  5.1942753e-03
  7.1139449e-04 -5.0421741e-03 -1.1066830e-02 -1.4238121e-02 -1.2401053e-02
 -8.7739569e-03 -5.6430924e-03 -8.1554452e-03 -6.6459124e-03 -3.6411958e-03
 -1.8774955e-03  3.6173637e-03  6.4843282e-03  4.6880615e-03  2.0363346e-03
  2.6679477e-03  4.2280146e-03  7.3557596e-03  9.2832901e-03  8.9827061e-03
  5.7925734e-03  3.8526902e-03  7.5698742e-03  1.2653474e-02  7.8916700e-03
 -4.1451637e-03 -1.0185791e-02 -1.0867189e-02 -6.9794370e-03 -3.9649880e-04
  8.4747455e-03  6.9972799e-03  5.0203384e-04 -4.4498652e-03 -6.4004791e-03
 -4.2185316e-03 -4.1406718e-03 -1.9639649e-03  7.5631364e-04 -1.1340961e-03
 -4.3836095e-03 -5.2685167e-03 -1.7487273e-03  4.6621082e-03  5.7067279e-03
  5.0184668e-03  7.9908664e-03  1.2632262e-02  9.7941206e-03  4.9198942e-03
  7.5358105e-03  1.0222350e-02  1.0314933e-02  1.5354861e-02  1.7217758e-02
  1.1366540e-02  3.4670094e-03 -3.7242963e-03 -8.9822070e-03 -1.6397984e-02
 -1.8836095e-02 -1.2465063e-02 -3.2892044e-03 -2.1794520e-04 -3.0969255e-04
 -1.3083949e-03 -5.5573717e-03 -7.1470104e-03 -1.2607307e-03  6.4077161e-03
  2.4679327e-03 -6.0202885e-03 -1.0519690e-02 -7.4060441e-03 -7.5487872e-03
 -9.6496307e-03 -4.9145288e-03  1.1052481e-03  9.7734079e-03  2.0600419e-02
  3.3457277e-02  3.8878768e-02  3.3920194e-02  2.3220703e-02  8.2976892e-03
 -5.4676582e-03 -1.6491565e-02 -2.7431873e-02 -3.4166001e-02 -3.2334298e-02
 -2.1826961e-02 -9.0746656e-03  1.4820823e-03  4.3701338e-03  2.0083849e-03
  8.1242513e-04 -2.5840986e-03 -7.3742264e-03 -1.1461869e-02 -1.2539928e-02
 -1.2554901e-02 -9.5793821e-03 -8.9135806e-03 -9.7981134e-03 -1.3199990e-02
 -1.4818327e-02 -1.0738296e-02 -5.5843232e-03  2.1007187e-03  7.2321072e-03
  1.0857082e-02  1.2279896e-02  1.2685915e-02  1.4125824e-02  1.2421267e-02
  7.4620683e-03 -5.7772260e-04 -7.1753344e-03 -1.2055800e-02 -1.1314883e-02
 -7.9750200e-03 -2.7103713e-03 -2.8297814e-03 -1.5931324e-02 -3.3834099e-02
 -3.4139798e-02 -1.4179477e-02  1.1011180e-03  4.1537732e-03 -1.6008684e-03
 -7.6159164e-03 -1.5591935e-02 -1.5871431e-02 -1.1813735e-02 -1.1185491e-02
 -8.0320423e-03 -2.3570074e-03 -5.9426782e-03 -1.3108904e-02 -1.0269016e-02
 -1.7806698e-03  5.5904372e-03  1.5509583e-02  2.6260232e-02  3.1903823e-02
  2.8398882e-02  1.9350170e-02  7.3971851e-03 -2.2183819e-03 -9.1449142e-04
  3.1495808e-03  2.7263426e-03 -2.9283540e-03 -1.0194899e-02 -1.0210870e-02
 -6.7434867e-03 -6.8758734e-03 -1.2384458e-02 -1.5107806e-02 -1.1435416e-02
 -1.1967334e-02 -1.3464514e-02 -1.2567379e-02 -6.3125125e-03  1.0762253e-03
  1.1425060e-02  1.6007437e-02  1.2813186e-02  8.1309892e-03  5.6865143e-03
  1.0570473e-02  1.6691206e-02  2.1487572e-02  2.4003045e-02  2.0098822e-02
  1.2014374e-02  8.9512627e-03  6.8762478e-03  4.4972799e-03  1.8147335e-03
  3.1771561e-04 -1.2348647e-03 -4.0932571e-03 -2.3477740e-03  4.1586394e-04
 -1.4925634e-03 -5.3100669e-03 -7.7177331e-03 -1.1898583e-02 -1.0669170e-02
 -7.6855410e-03 -3.4104861e-03  2.9964813e-03  7.6461120e-03  8.1372280e-03
  5.2973398e-03  2.3028549e-03 -4.6583649e-04 -6.2994111e-04 -2.2850120e-04
  3.0156967e-04 -7.7977141e-03 -1.8247155e-02 -2.0843731e-02 -1.7021861e-02
 -1.0388176e-02 -3.1575664e-03  2.0567978e-03  5.6699191e-03  7.9858754e-03
  5.9188461e-03  1.9720753e-03 -3.4929627e-03 -6.3944899e-03 -8.9770912e-03
 -1.0914978e-02 -8.1944999e-03 -3.2723598e-03  9.6531244e-04  3.2689908e-03
 -1.3450789e-03 -9.6068327e-03 -1.6170892e-02 -2.0005241e-02 -1.8618986e-02
 -1.1516895e-02 -3.1969954e-03  2.3291825e-03  6.5453434e-03  1.1706179e-02
  1.3949890e-02  1.1516645e-02  8.7738321e-03  7.7624027e-03  8.2923238e-03
  9.7031593e-03  1.2874326e-02  1.6056099e-02  1.5547015e-02  1.3932422e-02
  1.1653648e-02  6.5312438e-03  1.8097425e-03 -1.0767618e-03 -3.4852266e-03
 -7.2918746e-03 -6.0846726e-03 -2.6396237e-03  4.1391745e-03  7.7418147e-03
  1.2587343e-02  1.5875175e-02  1.3800160e-02  1.3797664e-02  1.3518167e-02
  1.5549511e-02  1.6702436e-02  1.7970154e-02  1.8441805e-02  1.5391046e-02
  1.1802006e-02  7.7930974e-03  3.1842683e-03  1.3428329e-03 -8.5316430e-04
 -3.9703534e-03 -9.5223598e-03 -1.1924785e-02 -1.1134084e-02 -9.2473548e-03
 -7.7762527e-03 -9.4573518e-03 -1.1633560e-02 -1.4677331e-02 -1.4591236e-02
 -8.4552805e-03 -1.8017568e-03  4.8880765e-05 -1.6368038e-03 -6.5806548e-03
 -1.1203084e-02 -1.2147759e-02 -1.1267718e-02 -8.4257087e-03 -5.6943751e-03
 -3.3740517e-03  8.0218107e-04  9.3081204e-04  4.3545368e-03  8.8125125e-03
  1.0021586e-02  9.3375674e-03  8.1982432e-03  6.9076912e-03  5.5105810e-03
  5.3982831e-03  4.6150679e-03  1.9643392e-03 -2.4423538e-03 -6.0950289e-03
 -6.1464364e-03 -5.2705131e-03 -4.7459573e-03 -3.4509134e-03 -4.4028249e-03
 -4.4703284e-03 -6.3479487e-03 -6.2176832e-03 -1.0298962e-03  4.7286135e-03
  7.8895488e-03  7.7011380e-03  8.2127171e-03  1.0304202e-02  1.3881264e-02
  1.6824716e-02  1.6404222e-02  1.0860326e-02  3.2384208e-03 -2.2583100e-03
 -4.2741815e-03 -3.0909363e-03 -2.8786934e-03 -4.4487423e-03 -7.9884957e-03
 -1.0882287e-02 -1.2456952e-02 -1.6031144e-02 -1.6674985e-02 -1.7909014e-02
 -1.5281244e-02 -1.3765223e-02 -1.0973123e-02 -6.8055001e-03 -8.7242963e-03
 -9.7498253e-03 -1.0727441e-02 -1.0624376e-02 -8.0949291e-03 -2.4473448e-03
  3.0525055e-03  7.9891196e-03  1.2549910e-02  1.4593731e-02  1.4699790e-02
  1.6024905e-02  1.6576412e-02  1.6188361e-02  1.5527051e-02  1.3639199e-02
  1.2967908e-02  1.4321721e-02  1.1447145e-02  9.8288081e-03  1.0568227e-02
  1.0338765e-02  4.9183969e-03 -1.6230785e-03 -7.2595578e-03 -8.6406967e-03
 -8.0895638e-03 -8.5353863e-03 -8.5109303e-03 -1.2571122e-02 -1.3724047e-02
 -1.3825115e-02 -1.1173263e-02 -7.2342284e-03 -4.0751647e-03 -5.3514923e-04
  2.3991815e-03  7.0816281e-03  8.7013376e-03  8.1702935e-03  6.4986774e-03
  1.0981109e-03 -3.0500100e-03 -4.4120583e-03 -8.7391445e-04  4.2228988e-03
  7.8753244e-03  7.8846826e-03  4.8829607e-03  3.9355410e-03  2.2394690e-03
 -3.4532841e-04 -2.6386255e-03 -4.7949940e-03 -5.2196047e-03 -6.0256538e-03
 -4.8193252e-03 -5.0262028e-03 -4.3484228e-03 -4.9200190e-03 -4.3864793e-03
 -4.9734228e-04  1.6709922e-03  4.7660461e-03  6.4692304e-03  6.5848972e-03
  2.4563286e-03 -1.3237423e-03 -7.3978089e-03 -1.1102141e-02 -1.4155770e-02
 -1.5938810e-02 -1.6913306e-02 -1.7221501e-02 -1.4312987e-02 -1.2164479e-02
 -1.0506588e-02 -9.4182971e-03 -7.5291974e-03 -3.8645438e-03  2.4745458e-03
  8.7601068e-03  1.2047190e-02  1.0653698e-02  6.2879317e-03  3.3861549e-03
  3.1977441e-03  3.3875275e-03  6.0598423e-03  7.5924586e-03  6.0089339e-03
  5.2324566e-03  6.4724745e-03  5.0783590e-03  4.6961719e-03  5.8424835e-03
  6.7391196e-03  9.7166351e-03  1.1057097e-02  1.3324765e-02  1.4606209e-02
  1.4103364e-02  1.2640996e-02  1.1758335e-02  1.1019041e-02  6.5967508e-03
  1.0969630e-03 -4.7322320e-03 -9.3686365e-03 -9.5202386e-03 -7.5749900e-03
 -6.6779796e-03 -5.5038431e-03 -6.3062737e-03 -8.9819575e-03 -8.0390297e-03
 -4.8889499e-03 -3.5668297e-03 -2.8593532e-03 -1.1184867e-03 -1.9746955e-04
  6.4168247e-04  5.8240168e-04 -2.9501897e-03 -9.0470902e-04  2.4037982e-03
  4.9463466e-03  8.8348473e-03  1.0212118e-02  1.0335771e-02  8.1675484e-03
  4.9311240e-03  3.8405869e-03  4.9970054e-03  5.4992264e-03  4.4967808e-03
  4.0645588e-03  5.7805949e-03  6.9687063e-03  7.2593082e-03  9.9987522e-03
  1.1556448e-02  8.8345977e-03  3.5776852e-03 -2.0117538e-03 -4.6856908e-03
 -6.2166850e-03 -7.2010381e-03 -7.7325814e-03 -7.5218357e-03 -9.8568826e-03
 -1.3404622e-02 -1.5039179e-02 -1.3092683e-02 -1.0014599e-02 -9.6317878e-03
 -6.4567528e-03 -3.0804552e-03 -8.6994660e-04  4.0011729e-04  3.0153224e-03
  8.2703633e-03  1.2779497e-02  1.7594580e-02  1.9961569e-02  1.9330206e-02
  1.7019365e-02  1.3273608e-02  9.2238970e-03  4.9573268e-03  1.4405320e-03
 -2.5759882e-03 -6.7854113e-03 -7.7762527e-03 -6.6932022e-03 -5.9354412e-03
 -6.3227441e-03 -7.0499351e-03 -6.4617439e-03 -7.7455580e-03 -6.2060791e-03
 -4.9155271e-03 -3.8311040e-03 -2.9883709e-04  2.8527401e-03  4.8780944e-03
  4.0052905e-03  3.6836195e-03  2.3375424e-03 -1.0177056e-03 -4.3423088e-03
 -4.6734628e-03 -5.4654123e-03 -8.2460321e-03 -8.8561839e-03 -7.9217409e-03
 -5.4288531e-03 -5.7017369e-03 -8.6436914e-03 -8.8636704e-03 -9.7311090e-03
 -9.5261030e-03 -8.3316281e-03 -7.0037682e-03 -3.3802905e-03 -3.3248902e-03
 -2.5051158e-03 -1.9831803e-03 -3.9668597e-04  9.9998752e-04  7.1306648e-04
  7.1757087e-04 -8.6836195e-04 -3.4341935e-03 -4.1356808e-03 -5.4748952e-03
 -7.6026902e-03 -7.5897135e-03 -7.5451687e-03 -6.0149231e-03 -3.4205929e-03
 -4.0776602e-03 -6.9700789e-03 -8.7436365e-03 -4.4355161e-03  3.6491815e-04
  3.7749551e-03  5.5089589e-03  7.6910311e-03  8.5713216e-03  7.2132661e-03
  6.7975145e-03  2.3476492e-03 -1.6441655e-03 -3.8903723e-03 -2.2616790e-03
 -1.6708674e-03  2.9827560e-04 -1.5115292e-03 -2.4900180e-03 -1.3720303e-04
  1.4834548e-03  4.1587642e-03  1.7011879e-03 -1.2626023e-03 -2.4006788e-03
 -1.6845927e-03 -1.6022410e-03  1.0531044e-03  3.9084648e-03  2.4955081e-03
  1.4508884e-03  2.3597524e-03  4.9814085e-03  6.8791176e-03  6.3881264e-03
  6.1275953e-03  7.6105510e-03  1.1212567e-02  1.1037632e-02  1.1388875e-02
  1.1110252e-02  7.3470254e-03  1.2215387e-03 -2.5461669e-03 -6.0778099e-03
 -7.1452635e-03 -7.4771661e-03 -7.3189509e-03 -4.2547165e-03 -5.9501647e-03
 -5.9774905e-03 -5.7048563e-03 -3.2007387e-03  1.3370932e-03  4.0392294e-03
  7.3298063e-03  7.6362547e-03  6.5538281e-03  5.6540727e-03  4.1884608e-03
  2.7148632e-03 -2.1265472e-03 -7.2026602e-03 -8.8197495e-03 -9.9943851e-03
 -9.8452785e-03 -9.2121681e-03 -7.2213765e-03 -2.9030246e-03 -7.8030795e-04
  3.1543222e-03  9.2811689e-03  1.1708799e-02  1.2010381e-02  9.3092434e-03
  7.3764723e-03  6.4593731e-03  5.4425784e-03  7.2022859e-03  6.7476043e-03
  4.6787033e-03  2.3359203e-03  2.4903923e-03  3.1173887e-03  2.4181473e-03
  1.5870184e-03  1.5649331e-03  4.0453434e-04 -2.7468057e-03 -4.3260880e-03
 -4.7036584e-03 -7.0348373e-03 -7.0979736e-03 -6.0003244e-03 -6.3212468e-03
 -6.0060641e-03 -7.5927081e-03 -7.6599621e-03 -5.2212268e-03 -3.8141346e-03
 -3.5751897e-03 -5.3160561e-03 -8.5481134e-03 -7.8925434e-03 -5.7872080e-03
 -3.6022659e-03 -2.4993761e-03 -5.0563985e-03 -5.5436464e-03 -5.2801208e-03
 -3.5428728e-03 -3.1047864e-03 -4.3497954e-03 -1.8324516e-04  2.5952036e-03
  3.7164354e-03  4.1752346e-03  7.5328159e-03  9.6336594e-03  7.2405919e-03
  4.9075414e-03  3.8202486e-03  2.7496756e-03  3.3738022e-04 -1.8764973e-03
 -1.8585296e-03 -6.7064284e-06  2.3686115e-03  6.2824416e-03  2.8365193e-03
 -2.9851268e-03 -6.9579756e-03 -4.3927181e-03  1.0250549e-03  3.4268317e-03
  4.4583500e-03  3.1930026e-03  2.6829207e-03  4.0042923e-03  4.2497255e-03
  4.1269465e-03  3.7536185e-03  3.2258185e-03  3.6706428e-03  4.4100619e-03
  8.9019764e-03  9.1013675e-03  7.4226392e-03  5.2502995e-03  2.3354212e-03
  9.6646037e-04  6.9345179e-05 -2.9730236e-03 -3.6324616e-03 -3.8530645e-03
 -3.0956778e-03 -9.3884757e-04  2.2388451e-03  4.3738770e-03  5.7542673e-03
  6.0316430e-03  5.5269265e-03  4.4458724e-03  1.2710870e-03  9.0761629e-04
  4.3479237e-04  7.6654522e-04 -2.8232931e-04 -1.8153574e-03 -8.9684817e-04
  8.5803055e-04 -1.2704632e-04 -7.3132112e-04 -1.6969455e-03 -6.6375524e-04
  1.3472000e-03  3.0249301e-03  3.4107357e-03  2.6186614e-03  6.9780645e-04
  4.6500050e-05  2.2817678e-03  5.6726642e-03  7.9594230e-03  7.8473747e-03
  7.2566880e-03  4.7529447e-03  4.1524007e-03  2.3887003e-03  1.5301208e-03
  1.1776303e-03  1.4128319e-03 -1.3190008e-04 -6.0738171e-04 -5.5149481e-05
 -1.2091735e-05 -3.7118187e-04 -9.7361000e-04 -1.6688710e-03 -3.0058395e-03
 -3.2013625e-03 -5.4868736e-03 -6.5294969e-03 -6.6280695e-03 -7.1947994e-03
 -8.5653324e-03 -9.1036135e-03 -9.4643392e-03 -8.9525105e-03 -8.3923937e-03
 -8.0526303e-03 -5.4736474e-03 -3.1197594e-03 -1.7651976e-03  4.7641745e-05
  2.0846227e-03  3.4421791e-03  3.3724296e-03  3.5481134e-03  4.0659313e-03
  4.5713965e-03  4.1665003e-03  5.7699890e-03  9.0411010e-03  1.1674985e-02
  1.1800759e-02  1.0462667e-02  7.7688910e-03  5.7862098e-03  5.7621282e-03
  4.7026602e-03  5.1647035e-03  7.4176482e-03  7.3586295e-03  6.8999551e-03
  8.2069774e-03  6.4676083e-03  3.2973148e-03 -2.6804252e-04 -2.7975893e-03
 -2.5747405e-03 -2.3208225e-03 -2.2752795e-03 -3.1700439e-03 -2.4196446e-03
 -1.0516944e-03 -1.1632187e-03 -1.0457926e-03 -2.5027451e-03 -5.9706279e-03
 -4.7583100e-03 -5.6522010e-03 -6.5021711e-03 -4.0077860e-03 -3.4273308e-03
 -3.6385756e-03 -5.3840587e-03 -3.3080455e-03 -2.8825614e-03 -2.1698443e-03
 -3.4706279e-03 -5.2950938e-03 -5.4594230e-03 -4.8832102e-03 -3.4333200e-03
 -3.4434268e-03 -2.2956179e-03 -1.2097974e-03 -3.3225195e-04  5.4504392e-04
  6.8507936e-04 -5.5533789e-04 -2.9299760e-03 -2.5481633e-03 -1.4220653e-03
 -7.0645338e-04 -3.8600519e-04 -2.6516021e-04  1.0734927e-03  8.7936714e-04
  1.3842583e-03  1.5550759e-03  1.4918147e-03  2.1521262e-03  3.6602865e-03
  5.7032342e-03  4.3643941e-03  2.1759583e-03  7.9785137e-04  3.1329856e-04
 -1.4795867e-03 -2.4980036e-03 -1.6137203e-04  3.2142144e-04 -5.4454482e-05
  5.8539629e-04  3.5915352e-03  5.0960771e-03  5.6241266e-03  3.9256838e-03
  2.6236524e-03 -9.2884059e-04 -6.4954332e-03 -5.3412607e-03 -4.9737972e-03
 -5.4478189e-03 -4.4585995e-03 -3.3140347e-03 -1.5981234e-03 -2.2203783e-03
 -3.0019715e-03 -3.2752296e-03 -4.0686764e-03 -6.6945748e-03 -8.3799162e-03
 -6.7515971e-03 -7.2373478e-03 -8.7480036e-03 -7.2785237e-03 -6.4686065e-03
 -5.8997554e-03 -6.2344031e-03 -5.3552356e-03 -2.3508934e-03 -2.1639798e-03
 -2.2709124e-03 -2.9514374e-03 -1.5087842e-03 -8.6686464e-05  1.7071771e-03
  4.3240916e-03  4.7293621e-03  7.1733380e-03  5.7343033e-03  3.4122330e-03
  1.9493661e-03  1.7327560e-03 -4.2185316e-04 -2.2414654e-03 -7.1632312e-04
  4.6886854e-04  1.2008260e-03  1.3373428e-03  2.3094680e-03  6.3339738e-04
  1.7791725e-03  3.3731783e-03  4.7047814e-03  5.3426333e-03  4.1419195e-03
  3.0787083e-03  1.3770214e-03  1.0806299e-03  1.3619235e-03  1.5272509e-03
 -1.1125724e-03 -2.0203633e-03 -3.1796516e-03 -1.9350170e-03  1.2017244e-04
  9.1476592e-04  2.0617888e-03  1.7510980e-03  4.1880864e-03  3.6343332e-03
  3.5593432e-03  3.5730685e-03  4.0480884e-03  2.1845678e-03  4.1204582e-04
  5.7489020e-04  8.6025155e-05 -3.7638501e-04  2.4359902e-04  2.7742563e-03
  4.1149681e-03  2.0042673e-03 -5.3611000e-04 -3.4108605e-03 -9.9479687e-03
 -1.2316954e-02 -1.0492988e-02 -6.9144290e-03 -3.3443552e-03  5.0466660e-04
  8.2365492e-04  6.1257237e-04 -1.8172290e-04 -4.2463566e-04 -2.9115093e-04
 -4.7652975e-04 -1.9939110e-05 -1.2758285e-04  5.8485975e-04  8.0992963e-05
 -1.7928978e-04 -1.9049461e-03 -1.7433619e-03 -1.0178304e-03 -6.2881813e-04
  6.2934218e-04 -1.0714589e-03 -1.6002446e-03 -9.2252695e-04 -3.5599671e-03
 -6.5382312e-03 -7.0071372e-03 -7.2605560e-03 -6.3209972e-03 -4.6350319e-03
 -4.1160910e-03 -2.8109403e-03 -2.3360451e-03 -8.2071022e-04 -7.1639798e-05
  5.5691006e-04 -1.3993562e-04  1.5867688e-03  3.7356508e-03  4.5148732e-03
  4.7258684e-03  4.7638002e-03  3.4501647e-03  2.4681823e-03  2.5032442e-03
  2.9009034e-03  3.9508884e-03  3.4228389e-03  5.0193402e-03  4.9744210e-03
  2.9323468e-03  1.4103364e-03  1.5555750e-03  4.1224546e-03  7.1909313e-03
  8.9347924e-03  1.0360476e-02  1.0892019e-02  8.5390048e-03  4.8979337e-03
  2.6137952e-03 -1.0041176e-03 -3.0332901e-03 -6.7097974e-04  5.7507736e-04
  1.6716161e-03  6.4273058e-04 -1.8999551e-03 -4.0087842e-03 -5.2822420e-03
 -5.8595778e-03 -6.3388401e-03 -5.2529197e-03 -2.9410811e-03 -1.1683345e-03
  1.3785187e-03  4.1734877e-03  5.0066131e-03  5.3891745e-03  5.0202136e-03
  4.5681523e-03  1.7160361e-03  1.0397784e-03 -9.4492414e-05 -2.6803005e-03
 -3.5662058e-03 -5.1886604e-03 -7.4222649e-03 -1.0237323e-02 -8.2415402e-03
 -5.6060341e-03 -6.5888900e-03 -5.2564135e-03 -2.7708874e-03 -2.5164704e-03
 -1.7467309e-03 -1.6546466e-03 -2.8966610e-04  2.1880615e-03  1.4956828e-03
  1.7507237e-03  2.5900878e-03 -4.2235227e-04 -3.5746906e-03 -2.4855261e-03
 -2.3877021e-03 -6.0128020e-04  1.1761205e-04 -2.1351567e-04  9.3320773e-04
  2.8427580e-04 -1.0442828e-03 -1.0448068e-03 -1.9720753e-03 -3.8957377e-03
 -1.4367888e-03 -4.5808794e-04 -6.6939509e-04 -3.4532841e-04 -2.3687363e-03
 -2.0030196e-03 -1.4270563e-03 -1.5749152e-03 -1.0167948e-03 -1.0797315e-03
  5.0069874e-04  2.3582551e-03  4.4680825e-03  6.7553404e-03  9.1561439e-03
  8.9004791e-03  9.5831254e-03  8.3237672e-03  6.6553953e-03  6.5434718e-03
  6.4424037e-03  4.1741116e-03  2.0330904e-03  1.0233704e-05 -2.6775554e-03
  4.5263526e-04  1.8774955e-03  5.1211569e-03  6.3267369e-03  6.9229138e-03
  1.0222475e-02  1.0066880e-02  9.0281244e-03  6.2448842e-03  5.4043971e-03
  4.6291675e-03  3.6209822e-03  3.9009782e-03  3.8207477e-03  6.5923837e-03
  8.2702386e-03  7.7043821e-03  4.6178129e-03  7.7474296e-04 -1.6132212e-03
 -2.4609453e-03 -2.6441156e-03 -3.5876672e-03 -3.8579307e-03 -5.3808145e-03
 -6.4034737e-03 -9.2310092e-03 -1.0653574e-02 -1.0680525e-02 -1.1176882e-02
 -1.0298837e-02 -1.1163531e-02 -1.1220553e-02 -1.1149181e-02 -1.0962143e-02
 -1.1602740e-02 -1.0674536e-02 -1.0434094e-02 -9.3883510e-03 -7.8834348e-03
 -7.2548163e-03 -7.1129467e-03 -6.0628369e-03 -7.2397185e-03 -9.5712717e-03
 -8.2727341e-03 -5.7860850e-03 -4.0710471e-03  1.4275554e-05  4.4114344e-03
  6.1151178e-03  5.9213416e-03  4.5817528e-03  6.0096826e-03  2.2573118e-03
  2.8523657e-03  3.3208974e-03  2.9203683e-04 -1.7922739e-03 -2.2108954e-03
  3.6218557e-04  2.2752795e-04 -2.0392044e-03 -1.4148283e-03  7.8687113e-04
  1.2137153e-03  7.3825863e-04  2.2877570e-04  1.2244710e-03  2.2901278e-04
  3.1195099e-03  4.7700389e-03  5.0726193e-03  7.0797564e-03  1.0894016e-02
  1.3415851e-02  1.0394914e-02  9.5795069e-03  1.0196147e-02  1.0838865e-02
  1.1267469e-02  1.0112547e-02  1.0153474e-02  9.7485776e-03  7.6380016e-03
  7.5879667e-03  6.4562537e-03  3.9460222e-03  2.6615841e-03  2.8121881e-03
  1.8725045e-03  2.5341885e-03  2.9826313e-03  2.2267419e-03  1.9760681e-03
  3.2923238e-03  2.9425784e-03  4.1119734e-03  6.9882961e-03  7.7873578e-03
  8.1467109e-03  8.6561689e-03  5.4253594e-03  3.4643891e-03  1.1143192e-03
 -2.9909912e-03 -1.4725993e-03 -1.8942154e-03 -9.2579607e-04 -9.3990817e-04
 -7.9450739e-04 -5.5452685e-04 -1.4113346e-03 -4.3660162e-04 -1.8297065e-03
 -2.4845278e-03  4.3959623e-04  1.3957377e-03  8.1912557e-04 -1.0831254e-03
 -2.6026902e-03 -5.6445897e-03 -7.9961070e-03 -7.0433220e-03 -5.2886055e-03
 -3.0431473e-03 -2.7646486e-03 -1.4850769e-03  2.5867189e-03  3.3336245e-03
 -7.5786085e-04 -7.0801308e-03 -9.2462318e-03 -8.6055101e-03 -1.0346002e-02
 -9.6966710e-03 -9.2826662e-03 -8.6992164e-03 -9.2026852e-03 -8.1198842e-03
 -5.9504143e-03 -7.1674735e-03 -6.9682072e-03 -5.7079756e-03 -4.3031294e-03
 -1.1907442e-03 -3.5538531e-04  8.1338591e-04  2.0554252e-04 -1.1763950e-03
 -1.3631713e-03 -5.2760032e-04 -2.3174536e-03 -2.0304702e-03  3.0715961e-03
  4.8024805e-03  4.5468157e-03  2.6476093e-03  1.4980535e-03  1.0982856e-03
  8.4673837e-04 -7.1727141e-05 -1.2863096e-03 -2.1789529e-03  1.1768941e-03
  2.9889948e-03  4.4322719e-03  2.5012478e-03  1.7055550e-03  6.0997704e-04
 -1.6449142e-03  2.1397734e-03  4.9539579e-03  7.0665302e-03  8.4762428e-03
  8.6803753e-03  6.6618836e-03  4.4683320e-03  2.2539429e-03 -1.2770763e-03
 -2.3568826e-03 -1.5434718e-03 -1.5530795e-03 -9.0488371e-04 -2.0639100e-03
 -1.3858804e-03 -8.9209423e-04 -1.5694250e-04  6.2175584e-04 -2.2437113e-04
 -1.2160736e-03 -4.0908864e-03 -5.1129217e-03 -3.2752296e-03  6.8641445e-05
  7.1562438e-04  2.7051308e-04  5.4645388e-04 -6.2546167e-04 -1.7094230e-03
 -1.9989020e-03 -3.4585247e-03 -3.9863246e-03 -3.2404172e-03 -3.6328359e-03
 -2.3424087e-03 -2.2660461e-03 -2.1103264e-03 -1.6783540e-03 -2.3094680e-03
 -5.7164604e-04  2.7077510e-04 -1.3127620e-03 -3.7684668e-03 -4.0645588e-03
 -3.4502895e-03 -4.3460521e-03 -3.7053304e-03 -2.9655370e-03 -2.0753893e-03
 -3.9417798e-03 -4.5590437e-03 -2.8146836e-03 -3.1188860e-03 -2.6285187e-03
 -6.1570423e-04 -1.7342533e-03 -4.0530795e-03 -4.0540777e-03 -2.4332452e-03
 -1.2088116e-03 -3.9472699e-03 -1.8753743e-03 -6.3447045e-04  1.3686614e-03
  8.8443302e-04 -1.7630765e-03 -1.9819325e-03  4.7176333e-04  5.4419545e-03
  7.5686265e-03  8.6612847e-03  5.4155021e-03 -1.8166051e-04 -2.5289479e-03
 -2.3067229e-03 -2.0858704e-03 -7.0101318e-04 -4.7802705e-04 -6.6163406e-04
 -5.0578958e-04 -1.1162657e-03 -5.0507836e-04 -3.2945698e-04 -1.3758984e-03
  6.9192953e-04 -1.3019066e-03 -3.8783939e-04  1.4988022e-03  2.8844330e-03
  3.4037483e-03  6.7812937e-04 -2.1943003e-04  5.7329307e-04  1.3153823e-03
 -2.3999301e-04 -1.2664704e-03 -4.8647435e-03 -8.3144091e-03 -8.2281893e-03
 -7.6288930e-03 -5.1773058e-03  5.7657467e-04  2.0641595e-03  2.9694051e-03
  4.0684268e-03  4.7635506e-03  4.3186015e-03  4.7070274e-03  6.9074416e-03
  6.4087143e-03  4.6719655e-03  5.0447944e-03  4.7417149e-03  2.5239569e-03
  9.1582651e-04  1.7171591e-03  2.2076512e-03  4.4700789e-04 -1.0852715e-03
 -4.0691755e-03 -2.6497305e-03 -1.5347375e-03 -2.0369585e-03 -2.4424785e-03
 -3.1016670e-03 -3.4963316e-03 -2.9173737e-03  2.4474696e-04  1.9684568e-04
  1.0254167e-03  2.9838790e-03  9.8989319e-03  1.9017019e-02  1.8283340e-02
  1.0154098e-02 -1.0534787e-03 -9.2270164e-03 -1.2674686e-02 -1.5721701e-02
 -1.3729038e-02 -6.6450389e-03 -9.9812837e-04  9.2288880e-04  1.7150379e-03
  2.7968407e-03  3.1312388e-03  2.4386105e-03  6.2012128e-03  9.6286684e-03
  7.7773757e-03  4.6018417e-03  2.3241915e-03  1.7649481e-03 -7.2609303e-05
  1.3924935e-03  2.0318427e-03 -2.8186764e-03 -2.9133809e-03  1.1571297e-03
  4.6933021e-03  5.0566480e-03  1.9216660e-03 -2.8675883e-04 -3.3589539e-03
 -7.4018018e-03 -8.0100819e-03 -6.9353913e-03 -6.9619685e-03 -6.8312038e-03
 -4.8716061e-03 -2.0541775e-03 -6.8816131e-04  1.5735426e-03  4.1938261e-03
  4.4103114e-03  2.9772659e-03 -2.1633560e-04 -2.7302106e-03 -8.6596626e-04
  1.8446796e-03  2.5456678e-03  3.7189309e-04 -1.7238970e-03 -2.3830854e-03
 -2.7108704e-03 -4.0764125e-03 -2.6060591e-03 -2.4508385e-03 -1.6383011e-03
  2.1214314e-03  6.0235326e-03  6.8264624e-03  5.9466710e-03  5.1554702e-03
  4.7606808e-03  5.1507287e-03  3.4116091e-03  2.9634159e-03  2.2046566e-03
  5.3432571e-04 -1.7459822e-03 -1.5114045e-03 -4.0709223e-04  3.1128968e-03
  5.0068626e-03  3.7405171e-03  3.3179028e-03  1.2161859e-03  7.6744360e-06
 -2.9762677e-03 -5.4857506e-03 -5.2711370e-03 -2.5763625e-03  2.5965762e-04
 -3.4580256e-04 -1.8002595e-03 -3.7917998e-03 -3.4467958e-03 -6.6887103e-04
  3.5846726e-04 -5.3617239e-04  4.5137502e-04  4.9426033e-04 -1.5247554e-03
 -2.6152925e-03 -3.1614344e-03 -3.7491266e-03 -3.8437063e-03 -3.6640297e-03
 -2.5520313e-03 -1.1920668e-03 -2.9443252e-03 -1.7698143e-03 -1.4543821e-03
 -3.8340986e-03 -4.5659064e-03 -4.0110301e-03 -4.4126822e-03 -3.8367189e-03
 -4.4690807e-03 -5.1937762e-03 -4.0178928e-03 -4.9494660e-03 -4.9599471e-03
 -4.7700389e-03 -1.5880166e-03  1.8698842e-03  5.0410511e-03  8.0278000e-03
  9.0309942e-03  7.0519315e-03  4.3512927e-03  3.7678429e-03  4.4144290e-03
  2.9007786e-03  5.5676033e-05 -2.0144989e-03 -2.1940507e-03 -2.2580605e-03
 -3.9632412e-04  1.6592633e-03  3.1432172e-03  3.7567379e-03  4.2775504e-03
  6.0796816e-03  5.6180126e-03  6.5998702e-03  6.1476842e-03  6.2554901e-03
  5.2323318e-03  5.1462368e-03  3.5375075e-03  2.5949541e-03  4.8607506e-03
  3.6479337e-03  4.6015921e-03  5.2458075e-03  3.4829806e-03  2.7836145e-03
  4.0921342e-03  4.5233580e-03  3.4353164e-03  2.4112847e-03  3.1595628e-03
  3.3293821e-03  1.5981234e-03  1.1884358e-04  1.4783390e-03  3.9400329e-03
  4.6095778e-03  4.6506289e-03  4.0776602e-03  3.9588740e-03  1.5020463e-03
 -2.2625524e-03 -3.2057297e-03 -2.8657167e-03 -3.2208275e-03 -2.5704981e-03
 -3.6111250e-03 -3.6309643e-03 -4.3119884e-03 -4.6384009e-03 -2.6587143e-03
 -1.6270713e-03 -9.9849022e-04 -2.7324566e-03 -2.0141246e-03 -3.9410311e-03
 -4.6266720e-03 -6.0988970e-03 -5.6279946e-03 -5.3330256e-03 -6.4914404e-03
 -4.0388551e-03 -3.0445199e-03 -2.1340337e-03 -2.5701238e-04  6.1178628e-04
  5.3292823e-05 -1.1683345e-03 -8.0155720e-04  1.3413356e-05  1.4773408e-03
  1.2796965e-03 -8.8573068e-04 -1.5871431e-03 -2.9327211e-03 -3.5613396e-03
 -2.9065183e-03 -3.5357606e-03 -4.5797564e-03 -4.2313835e-03 -3.6035137e-03
 -3.3401128e-03 -5.0797315e-03 -6.8062488e-03 -6.3533140e-03 -3.3215213e-03
 -1.2886804e-03 -1.7448593e-03 -2.0569225e-03 -2.7826163e-03 -3.6373278e-03
 -4.3738770e-03 -4.8090936e-03 -4.7354761e-03 -3.9611200e-03 -5.0988221e-04
  1.1597999e-03  1.5842733e-03  1.4325464e-03  1.4568776e-03  2.7289629e-03
  4.5403274e-03  4.0096576e-03  1.0363471e-03 -1.5961270e-04 -6.5997455e-04
  3.4642643e-04 -1.0290103e-04 -6.6524007e-05  1.5866440e-03 -2.0731433e-04
 -1.0510456e-03 -1.1681224e-03 -1.6985676e-03 -1.9201687e-03 -6.1680226e-04
  1.2273283e-03  1.5971252e-03  2.6670743e-03  3.5343881e-03  1.5599421e-03
  1.3675384e-04 -1.2353763e-05  1.1822719e-03  1.3196247e-03  2.5502845e-03
  2.7721352e-03  2.4154023e-04 -2.2181324e-03 -3.6430675e-03 -3.4364394e-03
 -3.7103214e-03 -2.7888551e-03 -3.7623528e-03 -2.3301807e-03 -2.7056299e-03
 -1.9467459e-03 -8.6932272e-04  1.1649905e-03  2.2370982e-03  4.2572120e-03
  6.1037632e-03  5.5404023e-03  5.8711819e-03  5.6730385e-03  5.0968257e-03
  3.4345678e-03  2.9773907e-03  2.2709124e-03  1.5545768e-03  3.6809992e-04
 -2.9909912e-05  9.4675833e-06 -1.5422240e-04 -1.5593182e-03  2.0241066e-04
  2.4185217e-03  1.9464963e-03  2.2131413e-03  1.8999551e-03  5.0379317e-04
  9.2417399e-04 -2.5111050e-04  2.4311240e-03  2.9082651e-03  1.8616490e-03
  3.2142144e-03  2.7879816e-03  1.3544370e-03  8.4003793e-04  1.3453284e-03
  1.2215013e-03 -5.8937662e-04 -1.6726143e-03 -9.7326063e-04 -2.6674486e-03
 -1.2413531e-03 -2.9004043e-04 -1.5348622e-06 -1.5111549e-03 -4.5538032e-03
 -5.6523258e-03 -6.2523707e-03 -5.5987972e-03 -3.1903823e-03 -2.5648832e-03
 -2.2337293e-03  3.9782142e-04  1.4199441e-03  2.1668497e-03  3.7150629e-03
  4.4610950e-03  4.6013426e-03  4.4249102e-03  3.5247804e-03  3.6098772e-03
  1.8811140e-03 -2.4596975e-04 -1.0254916e-04  2.3401627e-04  1.8358205e-03
  4.1310641e-04 -2.5595179e-03 -2.4868986e-03 -2.2429627e-03 -1.8497954e-03
  7.8312787e-04  1.7512228e-03  5.2897285e-04  1.7817928e-03  3.3161559e-03
 -9.1353064e-05 -5.4619185e-04  1.7776752e-04 -3.6936015e-04  6.5529547e-04
  3.8639199e-03  4.3295818e-03  3.7153124e-04 -6.4274306e-05  1.2757037e-04
  5.1718157e-04  6.1228539e-04  4.8875774e-05 -1.3344729e-03 -3.0266770e-03
 -1.5998702e-03  8.8875025e-04  1.8655171e-03  2.5884658e-03  2.0657816e-03
  4.1108505e-04 -1.9386355e-03 -3.1233779e-03 -2.6320124e-03 -1.3768966e-03
 -1.5993711e-03 -3.2285636e-03 -3.3378668e-03 -2.9461968e-03 -3.3416101e-03
 -2.2786484e-03 -8.4373128e-04 -2.4369884e-03 -8.3553354e-04 -1.1909812e-05
 -1.6887103e-04 -1.3176283e-03 -2.2495758e-03 -2.2519465e-03 -3.0337892e-03
 -3.1433420e-03 -3.6137453e-03 -4.8974346e-03 -6.5804053e-03 -6.8816131e-03
 -6.9350170e-03 -5.0892144e-03 -4.6574915e-03 -4.2238970e-03 -1.3102665e-03
  1.7619535e-04 -1.5281244e-04 -3.6474346e-04  7.2974895e-04  6.1791276e-04
  9.8641196e-05  1.4266820e-03  2.2343532e-03  2.0272260e-03  3.2926981e-03
  7.6494809e-03  6.6727391e-03  5.1084298e-04 -1.9620932e-03 -2.6454881e-03
 -1.8706329e-03 -3.2636255e-03 -2.0303454e-03  1.8234678e-03  2.2798962e-03
  1.3252396e-03  2.9610451e-05 -1.3741515e-03 -9.0779098e-04 -3.7276652e-04
  4.1520264e-04  2.1601118e-03  1.2779497e-03  5.7575115e-04  1.6878369e-04
 -1.9984029e-04  9.1617588e-04  3.5237822e-03  2.1370283e-03  4.5587942e-04
 -1.1421317e-03 -8.6732631e-05  1.9073168e-03  3.6645288e-03  2.2137652e-03
  3.5348872e-03  4.6195598e-03  4.2071771e-04 -9.6788281e-04 -1.6736125e-03
  1.2553653e-04  1.7352515e-03  3.3203983e-03  4.3087443e-03  4.3030046e-03
  5.3210471e-03  6.8017568e-03  6.1423188e-03  4.7283639e-03  2.0722699e-03
  9.9906418e-04  7.4348672e-04  1.1965961e-03  1.6879617e-03  1.4735975e-03
  1.1206952e-03  1.5715462e-03  3.2074765e-03  3.4622679e-03  1.7953933e-03
  3.6988421e-03  6.7241465e-03  6.7791725e-03  6.4999251e-03  4.1759832e-03
  4.4726991e-03  5.5376572e-03  5.1643292e-03  3.5023208e-03  1.5105310e-04
  1.0783714e-03  1.0691630e-03 -3.8080206e-04  5.9834797e-04  4.1653773e-04
 -1.9348922e-04  1.0954657e-04 -6.2194300e-05 -1.8495458e-04  6.0159213e-04
  1.2353888e-04 -6.7902775e-04 -3.0753394e-03 -3.8263625e-03 -4.0856458e-03
 -4.0701737e-03 -3.9978040e-03 -4.4169245e-03 -3.8435816e-03 -4.0581952e-03
 -4.2784238e-03 -5.1427431e-03 -4.5947295e-03 -3.5477391e-03 -3.6685217e-03
 -4.0248802e-03 -3.9985526e-03 -3.2083500e-03 -1.7246456e-03 -1.0545768e-03
 -2.3901976e-03 -4.1114743e-03 -4.2199042e-03 -5.0102316e-03 -4.4791875e-03
 -1.8630216e-03 -7.7888551e-04 -1.0970254e-03 -1.6407966e-03 -1.3420842e-03
 -9.1908315e-04 -2.5753643e-05 -7.9710272e-04 -7.8316530e-04 -2.3387902e-03
 -2.8745758e-03 -2.4067928e-03 -2.7938461e-03 -9.6005939e-04  2.5751148e-04
  6.7227740e-04  1.0354612e-03 -1.0966386e-03 -2.7725095e-03 -3.2926981e-03
 -4.1538980e-03 -2.1996656e-03 -5.9744959e-04 -1.0223972e-03 -9.2362498e-04
 -4.7983629e-04 -3.4567778e-04  5.1200339e-04 -1.2043072e-04 -3.4047465e-04
  9.0999950e-04  5.6044121e-04 -3.1241266e-04 -1.9295269e-04 -7.3486474e-04
 -4.4819325e-05  1.6938261e-03  2.7547914e-03  4.0089090e-03  2.6739369e-03
  1.4804602e-03  1.7068028e-03  3.0712218e-03  3.5724446e-03  3.1594380e-03
  2.0627870e-03 -3.7294121e-04 -2.6132961e-04  6.3640447e-05 -1.2626023e-04
  2.0708974e-03  4.3370683e-03  4.1998153e-03  4.4945348e-03  4.1922040e-03
