Scaled from
PEER NGA STRONG MOTION DATABASE RECORD
ACCELERATION TIME SERIES IN UNITS OF G
NPTS= 2999.000000, DT= 0.020000, Scalar= 1.000000
  8.7999160e-04  1.7064727e-03  4.8107421e-03  2.0449656e-02  3.3599152e-02
  1.1315450e-02 -1.5671933e-02 -1.6966671e-03 -4.2557258e-03 -3.3311988e-02
  2.9202646e-02 -2.9829003e-02 -7.7613240e-03 -3.0155188e-02 -5.6524219e-02
  1.0237836e-01  3.0130174e-03  4.5344847e-02  4.0541108e-03 -4.0249942e-03
  6.2983901e-02  1.3866904e-03  9.4104640e-02  3.3053841e-02  1.6381337e-01
  1.0580031e-01 -4.1548683e-02  3.3964360e-02 -1.3496693e-01 -7.2705442e-02
  2.4461943e-01  2.4131755e-01  1.2078885e-02 -5.8687452e-02 -4.4659456e-02
 -2.2543850e-01 -1.3369621e-01  1.3838888e-01  3.3811272e-02 -2.1130044e-01
 -5.9303803e-02 -9.9885935e-02 -3.9051259e-01 -1.2118908e-01  2.8073002e-01
  2.8330148e-01  1.4305154e-01 -5.7161582e-02 -1.5296719e-02 -9.6807180e-02
 -1.1713677e-02  5.7477762e-02  3.0747526e-03  2.4250823e-01  1.8093313e-01
  4.3982070e-02 -1.3419649e-01 -2.0318582e-01 -1.8745685e-01 -8.4892389e-02
 -2.0031418e-02  8.2923266e-02  1.5338743e-01  6.6733038e-02 -4.3263660e-02
 -2.3671493e-01 -1.0500986e-01 -3.4878881e-03 -1.3301582e-01  6.4040503e-02
  1.7125762e-01  1.7014698e-01  9.8229991e-02  2.2565863e-02 -1.4149065e-01
 -1.6842600e-01  2.4349879e-01  4.5243789e-01  1.3680798e-01 -4.0394025e-02
 -4.0700199e-02 -1.3836887e-01 -1.6260268e-01 -1.5175650e-01 -1.1288434e-01
 -9.0589636e-02  9.5739572e-02  5.8758492e-02 -1.8035280e-01 -2.6503107e-01
 -9.4401809e-02  6.8263910e-02  3.5108012e-02  3.7963639e-02 -1.4525279e-02
 -1.9387051e-03  8.1179272e-02  7.8377675e-02  1.9743254e-01  3.4098436e-01
  2.1140050e-01  2.1550284e-02 -1.8726674e-01 -3.4224508e-01 -2.5699649e-01
 -1.5409784e-01 -4.2380157e-02  1.3975966e-01  1.1224398e-02 -1.5224678e-01
 -2.3401339e-02  1.6118187e-01  3.0466366e-01  5.3451467e-01  2.8890468e-01
 -2.9686922e-01 -1.2950382e-01  3.8241798e-01  4.2575268e-01  3.0371312e-01
  2.0266552e-01 -1.9072872e-01 -4.3740932e-01 -6.8683149e-01 -1.0000000e+00
 -9.1528171e-01 -7.3186716e-01 -6.1069810e-01 -4.0513092e-01  1.4497263e-02
  4.0875299e-01  4.3490790e-01  3.1530973e-01  2.2583873e-01  1.6942657e-01
  3.9102288e-01  6.1747196e-01  4.9080976e-01  2.9173629e-01  2.6240957e-02
 -3.0959647e-01 -7.1426713e-01 -6.2120409e-01 -3.7127162e-01 -2.9734949e-01
 -9.7968842e-02 -2.2075583e-03 -1.6024134e-01 -2.3147194e-01 -3.0227230e-01
 -5.2476912e-01 -2.9678917e-01  2.0658776e-01  7.7776333e-01  9.3158100e-01
  8.5384669e-01  7.1610818e-01  3.9178332e-01 -7.5084798e-02 -1.4671363e-01
  2.3030127e-01  3.0596440e-01  1.9013838e-01  4.3442762e-03 -9.8102919e-02
 -1.2342035e-01  9.4243719e-03  1.9365038e-01  1.8173359e-01  5.7343686e-02
 -6.5035070e-02 -1.7549003e-01 -3.0645468e-01 -3.9987793e-01 -1.5579881e-01
 -4.7314970e-02 -2.4354882e-01 -7.8552775e-02  1.1882773e-01 -3.0260248e-02
 -1.6510411e-01 -9.0670682e-02 -1.3633771e-01 -4.4757512e-02  2.5642616e-01
  4.0316981e-01  4.8408593e-01  5.4585114e-01  2.9760964e-01 -1.2473110e-01
 -3.3173909e-01 -3.5215073e-01 -1.2539147e-01 -1.0074743e-02  6.1150856e-02
 -6.6554936e-02 -4.8751789e-01 -2.7393614e-01  1.3665790e-01  1.6283281e-01
  8.2346938e-02  1.1559589e-01  9.5506439e-02 -7.0036921e-03  3.8396886e-02
  1.6732538e-01  9.9055462e-03 -1.7367900e-01 -1.3405641e-01 -4.5315830e-02
 -5.7752919e-02 -1.8453519e-01 -2.5859740e-01 -1.3697808e-01  2.2713947e-02
 -8.7228720e-02 -1.6357324e-01  5.4188888e-02  1.5480824e-01  2.2135617e-01
  2.9284692e-01  7.7104950e-04 -1.6792572e-01 -1.3015419e-01  4.1427614e-01
  4.5395876e-01 -2.4666060e-01 -3.8698058e-01 -4.9853416e-02  3.8316841e-01
  4.4100137e-01  2.8276117e-01  9.4856068e-02 -2.9637894e-02 -8.4364088e-02
 -1.9201945e-01 -4.1272525e-01 -2.6221947e-01  1.8089311e-01  3.4172478e-01
  2.6379036e-01  4.9108992e-02 -4.4612429e-02 -6.6154708e-02 -1.7106751e-01
 -2.4294848e-01 -2.7970943e-01 -8.1533474e-02  1.8404491e-01  1.6819587e-01
 -1.0321883e-01 -2.8814424e-01 -1.0092753e-01  1.6259268e-01  1.6893629e-01
 -2.4253825e-02 -7.0009906e-02 -3.6508810e-03  1.1672653e-03 -6.5377265e-02
 -1.3907928e-01 -7.7670272e-02  1.1785718e-01  2.4275837e-01  2.5814714e-01
  1.4652352e-01  5.9799085e-02  1.0537006e-01  1.2284002e-01 -3.8892169e-02
 -2.3681498e-01 -3.8668041e-01 -3.8951202e-01 -2.6312998e-01 -2.1989534e-01
 -1.9203946e-01 -9.9357634e-02  1.9021842e-01  3.8094714e-01  1.5472820e-01
 -1.2927369e-01 -2.3878611e-01 -2.4638044e-01 -3.8355863e-02  3.1910189e-01
  4.8807820e-01  4.4321263e-01  3.0282261e-01  1.9605175e-01  1.4905496e-01
  1.0035720e-01  1.0413936e-02 -1.3741833e-01 -2.5898762e-01 -2.8324145e-01
 -2.5233383e-01 -1.8176361e-02  1.7573017e-01  7.2833515e-02 -6.0849684e-02
 -1.5866044e-01 -8.9011737e-02 -1.3237545e-02 -2.2036561e-01 -4.0634161e-01
 -4.3638874e-01 -3.6234654e-01 -9.9318612e-02  1.9830303e-01  4.5414886e-01
  5.5781796e-01  3.2066278e-01 -4.7672173e-02 -2.5157340e-01 -2.6932351e-01
 -3.4993947e-02  2.3578440e-01  2.4326866e-01  1.9017840e-02 -1.9188938e-01
 -7.2010046e-03  1.9803288e-01  2.5312428e-01  3.0582432e-01  2.2216663e-01
  6.2608687e-02 -7.9414266e-02 -5.4079826e-02 -6.5902564e-02 -1.1116336e-01
 -7.8997028e-02 -7.3439861e-03  1.0685091e-01  4.5315830e-02 -1.0983260e-01
 -3.4857869e-01 -4.3759943e-01 -2.9122600e-01 -2.3206228e-02  2.3331299e-01
  1.6389342e-01  7.2156129e-04 -1.4889487e-01 -1.6062155e-01  2.5570575e-02
  1.4309156e-01  1.6018130e-01  1.7427934e-01  2.1200084e-01  1.9682219e-01
  8.7218715e-02 -9.8011867e-02 -1.3921936e-01 -9.6221846e-03  1.8557578e-02
 -4.1339564e-02  2.2620894e-02  1.6353321e-01  2.3898622e-01  1.3489689e-01
 -5.0862992e-03  3.3925337e-02  2.1985532e-01  2.9770969e-01  1.7774131e-01
  9.5071191e-02  3.2025254e-02  2.8297129e-02  2.8819427e-02  5.1828542e-02
  2.3103169e-02 -1.3708814e-01 -2.8277118e-01 -3.1243809e-01 -2.9128603e-01
 -3.0173199e-01 -2.3154198e-01 -1.2282001e-01 -4.9948471e-02  3.3109873e-02
  4.2696337e-02 -9.0363507e-03 -5.8072101e-02 -7.7570215e-02 -3.8173759e-02
  2.0885905e-02 -1.6304293e-02 -9.7047317e-02 -1.1341465e-01 -8.3668691e-02
 -5.1791521e-02 -9.6029737e-02 -6.9789780e-02 -1.8269414e-02 -2.2802998e-02
 -5.7336682e-02 -8.8397387e-02 -7.7571216e-02 -4.9951472e-02  2.5947790e-02
  1.0896211e-01  1.9379046e-01  2.1345167e-01  2.2963089e-01  2.4486958e-01
  2.5228380e-01  2.4924207e-01  2.0099457e-01  1.6066158e-01  1.3554726e-01
  9.8050889e-02  1.7765126e-02 -4.6659596e-02 -7.7038912e-02 -8.6556337e-02
 -1.0442952e-01 -1.2462103e-01 -1.3719820e-01 -1.4400208e-01 -1.8323444e-01
 -2.2533844e-01 -1.6680508e-01 -1.5530853e-01 -1.9225959e-01 -1.8822729e-01
 -1.7924217e-01 -1.6325305e-01 -1.2479113e-01 -6.6950162e-02 -4.3751939e-02
 -2.6830293e-02 -8.8374373e-04  9.7211411e-03  2.1282131e-02  3.5527251e-02
  8.2843221e-02  8.9181834e-02  1.0708104e-01  1.5413786e-01  1.7551004e-01
  1.5206668e-01  1.1816736e-01  1.3651782e-01  1.2943378e-01  1.6939656e-01
  1.3241548e-01  2.3341305e-02 -3.6881022e-02 -5.4114845e-02 -3.0635462e-02
  4.8146443e-02  9.1791321e-02  8.3442562e-02  9.6505008e-02  1.1107331e-01
  1.5592888e-01  9.8267012e-02  3.6255666e-02  1.9386050e-02 -1.3991975e-02
 -7.8165554e-03 -2.9519826e-02 -7.5821218e-02 -1.1846753e-01 -1.3604755e-01
 -9.5493431e-02 -6.9601673e-02 -7.3528911e-02 -5.3276368e-02 -6.3594249e-02
 -5.8264211e-02 -4.6058253e-02 -9.3764446e-02 -9.5894660e-02 -4.0453058e-02
 -2.5067288e-03 -8.9054761e-03 -7.5180853e-02 -1.2303013e-01 -1.0502987e-01
 -4.9934463e-02 -4.4011086e-02 -8.1447425e-02 -1.0464965e-01 -9.5549463e-02
 -4.3695907e-02  1.3680798e-02  4.3511802e-02  3.1592007e-02  5.6424162e-02
  9.9161522e-02  1.0690093e-01  1.1598611e-01  1.1171368e-01  1.2583172e-01
  1.3481685e-01  1.1866764e-01  1.1780715e-01  1.1413506e-01  1.3531713e-01
  1.6455380e-01  1.5050579e-01  1.1736690e-01  9.5082197e-02  8.0613950e-02
  3.1264821e-02 -3.3766247e-02 -3.5292117e-02 -1.1557588e-02  1.8743684e-02
  3.4370591e-02  1.9824300e-03 -6.4473750e-02 -1.2380057e-01 -1.5592888e-01
 -1.9437079e-01 -2.1251113e-01 -1.5115616e-01 -9.7523588e-02 -7.3780055e-02
 -3.8794113e-02 -4.9788379e-02 -8.8909679e-02 -8.0416838e-02 -1.0984261e-02
  1.7394915e-02  2.1580301e-02  3.0045126e-02 -6.2614690e-03 -1.0873198e-02
  1.4526280e-02  2.4580011e-02  4.1221496e-03 -1.2804298e-02 -5.7553806e-02
 -4.6773661e-02 -2.4791131e-02 -9.7276448e-02 -8.9257877e-02 -6.1175870e-03
 -1.5451808e-02 -7.0477172e-02 -2.4660056e-02  2.2180643e-02  6.5805509e-02
  7.8765897e-02  2.3124181e-02  2.3888617e-02  5.0980059e-02  3.6725934e-02
 -3.3048838e-02 -1.9054861e-02  7.6273476e-02  1.0379917e-01  1.0637063e-01
  9.3762445e-02  6.6985182e-02  4.9546241e-02  7.2179142e-02  7.4013188e-02
  3.7024104e-03 -4.4565402e-03  4.0565122e-02  5.7311668e-02  6.1376985e-02
  3.1069710e-02 -7.2212161e-03 -5.1275227e-02 -2.0424642e-02  1.7736110e-02
  2.1362176e-02  6.2154428e-02  5.8879561e-02  3.6245660e-03 -6.3253054e-02
 -5.3553526e-02 -1.3560730e-02 -1.0786148e-02 -7.0255045e-03 -3.9609577e-02
 -2.9703931e-02 -6.0365408e-02 -1.0648069e-01 -8.0682989e-02 -6.6880122e-02
 -9.3723422e-02 -9.7208409e-02 -7.0965450e-02 -5.3857699e-02 -9.1614220e-03
 -2.1802427e-02 -3.8715068e-02 -2.7340584e-02  3.5574277e-02  6.5885555e-02
  5.3330398e-02  8.9703131e-02  1.4057012e-01  1.4014989e-01  1.1738691e-01
  1.3498694e-01  1.1915792e-01  9.8357064e-02  4.4447335e-02 -7.2392264e-03
  4.0122870e-03  1.4335171e-02  1.2799296e-02 -3.5418188e-02 -9.3284172e-02
 -1.0181804e-01 -7.5425993e-02 -5.2482915e-02 -4.5300821e-02 -3.1185776e-02
 -3.4039402e-02 -6.4441732e-02 -6.6132696e-02 -4.6511512e-02 -3.0391323e-02
 -2.1406202e-02 -2.4234814e-02 -1.6133196e-02 -3.7579420e-03 -2.3971664e-02
 -5.4113845e-02 -8.7908108e-03  3.4696777e-02  3.9845712e-02  1.1533574e-02
  7.6701720e-03  7.7444143e-03  2.7012397e-02  6.6039643e-02  8.2145823e-02
  9.4244719e-02  7.1713877e-02  4.4399308e-02  2.8012967e-02  2.1488248e-02
 -2.2722952e-03  1.4960528e-03  4.3327697e-03 -2.7946930e-03 -2.3500395e-02
 -5.0534805e-02 -4.5160742e-02 -4.0550114e-02 -3.1643037e-02 -2.3727525e-02
 -6.0011206e-02 -8.2677126e-02 -9.9555747e-02 -9.0422541e-02 -6.3335101e-02
 -4.5546962e-02 -1.6443373e-03  9.7444543e-03  2.1451227e-03 -5.1613420e-03
  8.0882103e-03  2.1902484e-02  4.8390583e-02  5.1966621e-02  1.2059874e-02
 -2.3377325e-02 -4.2890448e-02 -9.5613500e-03  3.0256246e-02  4.1582702e-02
  3.7078135e-02  1.7201805e-02  6.4752909e-03  3.2331429e-02  5.8698458e-02
  6.0519496e-02  5.9202746e-02  6.3592248e-02  2.7924917e-02 -1.4909498e-02
 -2.9586865e-02  5.9515924e-03  4.4115146e-02  5.4452038e-02  5.8251203e-02
  3.6983080e-02  4.6165314e-03 -8.7327777e-03  8.0770039e-03 -4.4785528e-03
 -3.4619733e-02 -1.6710525e-02 -1.0727114e-02 -3.8043685e-02 -4.4785528e-02
 -5.6633281e-02 -6.0736620e-02 -5.6801377e-02 -6.9511622e-02 -8.4279039e-02
 -8.3797765e-02 -8.4390102e-02 -8.5131525e-02 -8.9605075e-02 -7.3107671e-02
 -3.6852006e-02 -8.0883103e-03  5.6607266e-03  1.4822449e-03 -1.2118908e-02
  2.1648340e-02  9.7433537e-02  1.1904786e-01  9.2900954e-02  6.7807650e-02
  9.5982710e-02  1.4204096e-01  1.3581742e-01  1.0600042e-01  1.0193810e-01
  1.0371912e-01  1.0257847e-01  6.9502616e-02  2.2134617e-02 -1.3140490e-02
 -1.3120479e-02  1.1947810e-02 -2.9000530e-03 -3.1797124e-02 -3.2263390e-02
 -3.7339283e-02 -6.0930731e-02 -5.5637713e-02 -5.5951893e-02 -4.1797825e-02
 -1.2303013e-02  9.7774732e-04  1.7871187e-03  2.0775842e-02  3.3736230e-02
 -1.9676215e-04 -3.3007814e-02 -5.1996638e-02 -6.1319952e-02 -7.5662127e-02
 -6.6712026e-02 -3.4547692e-02 -7.7359095e-03  1.8886765e-02 -2.1756401e-02
 -6.1592108e-02 -4.5937184e-02 -3.8019671e-02 -3.3760243e-02 -2.3456370e-02
 -3.1682059e-03  7.8251603e-03 -1.4469247e-02 -3.2959787e-02 -3.6868015e-02
 -4.3165604e-02 -1.1219395e-02  1.8260408e-02  2.2229671e-02  6.8052790e-03
 -1.4729396e-02 -1.8163353e-02  5.0395726e-03  1.7446945e-02  2.1723382e-02
  3.7132165e-02  2.9133606e-02  2.0514693e-02  1.8957806e-02  2.8441211e-02
  3.2598581e-02  4.8510651e-02  6.6933152e-02  6.3502196e-02  6.5485327e-02
  6.8977317e-02  5.6744344e-02  3.5858439e-02  3.0187207e-02  3.2290406e-02
  1.7826161e-02 -5.4434027e-03 -5.3417448e-03 -4.1806830e-03 -2.5337442e-02
 -3.7730506e-02 -2.8344156e-02 -1.4818447e-02 -3.9868725e-03  1.8593598e-03
 -1.3999980e-02 -4.1203486e-02 -3.4043405e-02 -2.2242678e-02 -1.2967391e-02
 -1.8767698e-02 -3.2086289e-02 -2.7788840e-02 -2.2054571e-02 -3.4953924e-02
 -4.9640295e-02 -2.7854877e-02 -1.5095604e-02 -2.2998109e-02 -3.1261819e-02
 -4.9473200e-02 -6.2726754e-02 -6.3657285e-02 -4.9640295e-02 -4.5199764e-02
 -3.7892599e-02 -1.3843891e-02 -1.0031718e-02 -1.1548583e-02 -5.2296809e-03
  7.6199434e-04  1.4636343e-03  2.0147484e-02  2.2026555e-02  2.0377615e-02
  1.6524419e-02  2.3992676e-02  3.3322994e-02  3.6641886e-02  4.2840419e-02
  3.1118738e-02  2.5289415e-02  2.9660907e-02  3.3467076e-02  2.0099457e-02
  2.0791851e-02  1.2099897e-02  3.3663188e-03  1.7688082e-03  1.4283141e-02
  2.0610748e-02 -1.0662077e-03 -9.4891088e-03 -2.5099307e-02 -3.5680338e-02
 -4.0347998e-02 -5.1691464e-02 -2.5460512e-02  2.1204086e-02  4.4160171e-02
  4.2399168e-02  3.8837137e-02  5.0540808e-02  3.6643887e-02  1.7967241e-02
  2.4336872e-02  3.7978648e-02  4.5917173e-02  2.3762545e-02  8.9861221e-03
  1.0092753e-02  1.6341315e-02  3.0029117e-02  4.6826691e-02  5.4238916e-02
  3.7650461e-02  3.2190348e-02  4.7721201e-02  5.1033089e-02  3.2757672e-02
  7.1168566e-03 -1.3481685e-02 -1.0949241e-02 -9.0723713e-03 -1.5971104e-02
 -2.5296419e-02 -3.5328137e-02 -4.6481494e-02 -5.6400148e-02 -6.7236325e-02
 -6.0633561e-02 -4.4974636e-02 -4.7594129e-02 -4.0781245e-02 -2.5736670e-02
 -2.6439070e-02 -3.3238946e-02 -2.0843881e-02 -1.4819447e-02 -1.0431946e-02
 -1.1597611e-02 -2.8896471e-02 -2.5596590e-02 -1.0974255e-02  1.9244970e-04
  6.5915572e-03  6.1802227e-03  8.7923116e-03  1.0428944e-02  1.7534995e-02
  3.8152747e-02  5.4288945e-02  4.0718209e-02  1.9148915e-02  1.1345467e-02
  2.8194071e-02  4.3536816e-02  4.0553115e-02  2.2713947e-02 -2.7118458e-03
 -1.1001271e-02 -7.1005473e-03 -7.1968022e-03 -7.7613240e-03  1.0442952e-02
  1.3131485e-03 -2.8954504e-02 -2.4859170e-02 -1.8815725e-02 -2.2736960e-02
 -1.9631190e-02 -8.6194131e-03  3.8755090e-03 -3.4218505e-03 -1.2052870e-02
 -1.1644637e-02 -1.6895631e-02 -1.9088881e-02 -2.2483816e-02 -9.6703121e-03
  7.6806780e-03  1.1446525e-02  6.3150996e-03 -4.4249222e-03 -1.3116476e-02
 -1.3544720e-02 -1.1165364e-02 -9.7415527e-03 -1.7567013e-04  4.0717209e-03
 -5.1084118e-04 -1.1386490e-02 -1.2118908e-02 -1.0712106e-02 -2.8364168e-03
  3.0827572e-03  5.6893429e-03  1.1248412e-02  5.8235194e-03  1.1559589e-02
  9.9912950e-03  1.5040573e-02  2.9915052e-02  2.7488669e-02  1.9039853e-02
  1.6019131e-02  7.0984461e-03  5.1266222e-03  1.0468967e-02  6.6116687e-03
 -3.0067138e-04 -1.4369190e-02 -3.1190779e-02 -3.3215933e-02 -2.3113175e-02
 -1.2427083e-02 -8.9719140e-03 -1.3985972e-02 -9.6204837e-03 -2.2807000e-02
 -3.6570845e-02 -3.4507669e-02 -3.5546261e-02 -3.3689203e-02 -2.8391183e-02
 -1.6489399e-02  3.0521397e-04  1.6785568e-02  1.1255416e-02  9.5004152e-03
  2.2412775e-02  2.9495813e-02  3.3200925e-02  2.5625607e-02  2.1994537e-02
  9.2528741e-03 -6.1388992e-04 -2.4928209e-03  1.2107902e-02  2.8789410e-02
  3.4044405e-02  2.6275977e-02  6.9315510e-03  6.1941307e-03  1.5840029e-02
  2.7004393e-02  1.7407923e-02  1.9603174e-03 -7.6775762e-03 -5.7400718e-04
  1.6900633e-02  2.1562291e-02  2.3777553e-02  2.1018981e-02  1.2215963e-02
  6.2540648e-03  7.3092663e-03  7.2767477e-03  5.2822109e-03  1.2069880e-03
 -1.0669081e-03  3.4660757e-03 -1.4146063e-03 -2.4706082e-03 -4.9222057e-03
  1.8119328e-03  1.2272996e-02  2.5873748e-02  2.1184075e-02  5.9459892e-03
  5.5277508e-04 -6.3115976e-03 -5.1515364e-03 -8.2704141e-03 -5.6740342e-03
 -5.6287084e-03 -6.7961738e-03 -1.8989824e-02 -3.1584003e-02 -2.9345727e-02
 -2.2090592e-02 -1.3499695e-02 -5.7353692e-03 -1.8381477e-03 -3.4484656e-03
 -1.6259268e-02 -2.1475241e-02 -1.4907497e-02 -2.2530843e-02 -2.7478663e-02
 -1.5237685e-02 -1.6492401e-02 -1.7009696e-02 -1.3837888e-02 -6.5642416e-03
 -3.5092002e-04 -9.4786028e-03 -1.4155068e-02 -1.0714107e-02  2.8866454e-03
  1.0128773e-02  1.2765276e-02  8.7947130e-03 -7.0679287e-04  6.8433007e-03
  1.6343316e-02  1.4678367e-02  1.1068309e-02  1.0099757e-02  6.3181013e-03
  4.1725784e-03  7.9230161e-03  1.5103609e-02  1.6364328e-02  1.7999260e-02
  1.1713677e-02  1.0620053e-02  1.3419649e-02  5.6305094e-03 -3.2530542e-04
 -2.5317431e-03  1.2018851e-03 -5.2002642e-04  1.0840179e-02  1.6179222e-02
  5.0116566e-03 -5.8477332e-03 -1.3746836e-02 -1.2973395e-02 -4.5989214e-03
  1.7945229e-02  2.0813864e-02  7.4803638e-03  6.0463464e-03  7.0500185e-03
  2.9109592e-03  4.0825270e-03  2.0631760e-02  2.2877040e-02  1.8403490e-02
  1.2813304e-02  5.5398577e-03  1.3317591e-03  1.5529852e-04 -6.9905846e-03
 -9.0691694e-03 -4.2512232e-03 -8.9149815e-03  3.8870156e-03  7.7790340e-03
 -4.9794383e-03 -2.3029127e-02 -2.9511822e-02 -1.7272846e-02 -6.5212171e-03
 -1.5706953e-02 -2.4308856e-02 -1.9393054e-02 -2.0695797e-02 -2.4051709e-02
 -3.1174770e-02 -3.0985662e-02 -3.4122450e-02 -3.0940636e-02 -2.8830433e-02
 -3.1380887e-02 -3.4429625e-02 -2.2940076e-02 -1.8988824e-03 -3.1849154e-03
 -5.8808521e-03 -1.4890488e-02 -1.0803158e-02  4.0859290e-03  1.1081316e-02
  3.8343856e-03 -1.0298870e-02 -1.6700519e-02 -2.9339724e-03  9.5648520e-03
  1.2724253e-02  2.8045986e-02  4.7073832e-02  5.0887006e-02  3.5437199e-02
  2.6161912e-02  1.3284572e-02  7.2434288e-03  9.4607927e-03  1.6768558e-02
  1.3621764e-02  1.4636343e-02  2.6546131e-02  2.2801997e-02  2.1080016e-02
  2.5724663e-02  2.3678497e-02  1.6928649e-02  1.1238406e-02  7.2407272e-03
  1.0547012e-02 -2.8414196e-04 -6.8728175e-03 -1.3142491e-02 -9.6344917e-03
  5.9545941e-03  1.8851745e-02  1.7484966e-02  7.6336512e-03  4.5110713e-03
  9.5566473e-03  1.6467386e-02  7.1839949e-03 -5.0758933e-03 -1.4714387e-02
 -2.3572436e-02 -3.1367880e-02 -2.4028696e-02 -1.8590597e-02 -1.9729246e-02
 -1.5844031e-02 -2.1509260e-02 -2.8640325e-02 -2.0402629e-02 -1.9987393e-02
 -2.2110603e-02 -1.2207959e-02 -4.4764516e-03  2.4069720e-03  1.2962389e-03
 -5.7795944e-03 -8.9151817e-03 -1.5640915e-02 -2.1219095e-02 -5.2772080e-03
  1.3226539e-03 -1.4670362e-02 -7.8164554e-03 -5.8704462e-03 -4.2139019e-03
  1.1517565e-02  2.0664779e-02  2.2323725e-02  1.7322874e-02  1.7537997e-02
  6.4758913e-03  9.0193410e-03  1.7532994e-02  2.7192500e-02  2.5011256e-02
  1.7225819e-02  1.1662648e-02  9.1332059e-03  1.8336452e-02  2.4479954e-03
  6.6458882e-03  1.5463814e-02  1.6482395e-02  9.2130514e-03 -1.1933802e-02
 -2.0214522e-02 -2.9757962e-02 -2.1431216e-02  4.0541108e-04  9.8302032e-03
  1.7291856e-02  2.0218525e-02 -9.6922246e-03 -3.3926338e-02 -6.2233473e-02
 -6.1319952e-02 -3.8715068e-02 -1.8028276e-02  8.6536326e-03  1.4560299e-03
 -1.1419509e-02 -3.7291256e-02 -3.3294978e-02 -7.4133256e-03  2.3666490e-02
  1.8880762e-02 -2.0045426e-02 -3.3681198e-02 -3.2708644e-02 -1.5437800e-02
  2.7706793e-02  2.0697798e-02  7.1067508e-03  1.5305724e-02 -7.3440861e-04
 -6.4008485e-03 -9.4310757e-03  6.5494332e-03  7.9896541e-03 -2.4691074e-04
 -9.1102929e-03 -1.3859900e-03  8.0784047e-03  8.4633241e-03  2.9359735e-02
  3.3836287e-02  2.7855878e-02  8.2427984e-03 -5.4110843e-03  1.7460953e-02
  3.0420340e-02  2.6872317e-02  3.7564412e-02  4.4793532e-02  3.4195491e-02
  1.9073872e-02  2.0107461e-03 -1.4090031e-02 -1.5301722e-02 -1.3596750e-02
 -2.2463804e-03  3.2482515e-03  1.3509701e-02  3.2879741e-02  3.1550984e-02
  1.8829733e-02  1.9888336e-03 -1.1190379e-02 -1.2465105e-02 -6.0745625e-03
 -5.2297810e-03  1.2756271e-03  6.2371552e-03  1.0049728e-02  1.6852606e-02
  7.8610808e-03 -6.6928149e-03 -1.6481394e-02 -2.7711796e-02 -4.9021943e-02
 -5.4581111e-02 -4.0919324e-02 -2.0991965e-02 -4.3624866e-03  2.1204086e-03
  6.4671863e-03  8.5312628e-03  1.2567163e-02  4.6865713e-03  1.8175360e-03
  2.6729236e-03  1.3280570e-02  9.5495432e-03  2.5789700e-03  3.5310127e-03
  1.0130775e-02  5.8278219e-03 -6.8648129e-03 -5.7050519e-03 -9.4483856e-03
 -3.7776533e-03 -1.1438520e-02 -8.8752589e-03 -4.2402169e-03 -3.7618443e-03
 -1.5176651e-03 -1.2521137e-02 -1.0574027e-02 -2.7981950e-03 -4.6453478e-03
 -9.8130935e-03  1.0200814e-02  2.5276408e-02  2.7128463e-02  3.7003092e-03
 -8.3539618e-03 -6.3944448e-03 -1.4669362e-02 -1.9128903e-02 -1.9509120e-02
 -1.5343746e-02 -1.3044435e-02  6.9847813e-03  1.9074873e-02  2.2908058e-02
  2.2200654e-02  2.6247961e-03 -2.6214943e-02 -3.2469508e-02 -2.6122890e-02
 -1.7528992e-02 -1.0633061e-02  8.7160682e-03  2.1098026e-02  6.9369541e-03
 -8.2198853e-04 -1.1853757e-02 -9.8625216e-03  8.9058763e-04  1.5643917e-04
  1.2603184e-02  1.6013127e-02  1.7384909e-02  2.2289705e-02  1.3686801e-02
  1.2512132e-02  1.6536426e-02  1.9222957e-02  1.8851745e-02  1.9220956e-02
  2.1225098e-02  2.0034420e-02  1.8661637e-02  1.9070870e-02  1.6606466e-02
  1.8390483e-02  1.8464525e-02  1.4642346e-02  1.0325886e-02  4.7727205e-03
  3.3359015e-03  5.8185166e-03  1.1683660e-02  7.3536916e-03  1.4747406e-03
 -5.6292086e-03  1.4485257e-03  7.2858529e-03 -3.7202205e-03 -1.1348469e-02
 -2.2248682e-02 -2.8943498e-02 -2.5325435e-02 -2.6873318e-02 -3.3584143e-02
 -2.5216373e-02 -1.1327457e-02 -1.0248842e-02 -5.4745205e-03  1.7481965e-03
 -7.5737170e-03 -2.5436499e-02 -3.3691204e-02 -2.5336442e-02 -2.5214372e-02
 -1.8635622e-02 -9.9002431e-03 -7.4718590e-03 -6.7510481e-04  1.1454529e-04
  4.7146874e-03  1.2594179e-02  1.8715668e-02  1.5995117e-02  7.5419989e-03
  4.6561540e-04  9.2584773e-04 -4.6608567e-03 -7.7336082e-03 -1.3209529e-03
  2.3244249e-03  5.0508790e-03  1.0861191e-02  1.4253124e-02  1.1228400e-02
  9.8692255e-03  8.8971714e-03  1.1315450e-02  1.1364478e-02  7.1202585e-03
 -2.2850025e-03 -1.3968962e-02 -8.6011026e-03 -7.2717449e-03 -1.9583162e-02
 -2.2192650e-02 -4.3144592e-03  4.3640875e-03  2.8710365e-03  1.1875769e-02
 -3.6946059e-03 -7.6444573e-03 -2.0916923e-03  8.4462143e-04  5.8980619e-03
  3.2466506e-03 -1.4313159e-03 -1.3465675e-03 -3.5460212e-03 -7.9395255e-03
 -1.2760273e-02 -1.0182804e-02 -7.8819927e-03 -8.1936704e-03  5.8734479e-03
 -1.2700239e-03 -1.1809732e-03 -2.8413196e-04 -8.7907107e-04  2.2438790e-03
  7.0688292e-03  1.3991975e-02  1.3402640e-02  5.1240207e-03 -2.1935503e-03
 -3.8838138e-03  4.3966061e-03  2.3797565e-02  2.5418489e-02  1.0688092e-02
 -2.3288274e-03 -4.6968772e-03 -7.6981880e-03  4.9400158e-03  1.5301722e-02
  1.3898922e-02  5.6874418e-03  4.7731207e-03  1.4889487e-02  1.6253264e-02
  7.9962579e-03 -9.7013298e-03 -8.7643957e-03 -2.0304574e-03  2.3825581e-03
 -3.7223217e-03 -4.2503227e-03  3.1928199e-03 -2.2637904e-03  2.0088450e-03
  4.3951052e-03  4.6686611e-03  1.4949521e-03  1.5103609e-03 -2.5133326e-03
 -6.1069810e-03  7.1508760e-04 -3.2432487e-03 -2.1601313e-03 -4.4025094e-03
 -9.4122650e-03 -1.3618763e-02 -9.3564332e-03 -1.7736110e-02 -2.4892189e-02
 -2.3760544e-02 -1.5421790e-02 -7.5153838e-03 -8.4946419e-03 -6.0014208e-03
  2.9101588e-03  5.2671022e-03  1.7132766e-03  1.0424942e-02  5.0882003e-03
  9.8199974e-03  1.5011557e-02  2.0972955e-02  2.5163343e-02  1.3493691e-02
 -5.5891858e-04  4.6296389e-03  3.1489949e-03 -1.4058013e-03  9.6574047e-04
  4.2252084e-04 -1.1381487e-02 -1.4316160e-02 -7.6460583e-03  1.4910499e-02
  1.6550434e-02 -1.0410934e-02 -1.1073312e-02 -3.5693345e-02 -1.4999550e-02
  1.0556017e-02  6.1751198e-03  6.3621264e-03 -5.3811673e-03 -1.2827312e-02
 -1.3399638e-03 -9.8453118e-03 -1.3764846e-02  8.4447135e-03  8.1595509e-03
 -7.9795483e-03 -2.0419639e-02 -2.8031978e-03  5.6400148e-03  1.5801007e-03
 -1.5295719e-04 -8.2582072e-03 -1.0121769e-02  9.2760874e-04  7.2409273e-03
  6.7146273e-03  9.9708834e-03  1.2312018e-02  1.6532423e-02  2.1477242e-02
  2.4738101e-02  2.2096595e-02  1.3378626e-02  8.0734018e-03  8.4195992e-03
  1.8605605e-03 -1.0628058e-02 -5.4664159e-03  6.7029207e-03  1.6398347e-03
  3.3916332e-03  1.4587315e-02  1.4828452e-02  7.0650271e-03  1.1577599e-02
  1.4607326e-02 -7.2237175e-04 -1.3418649e-02 -1.4642346e-02 -1.1936804e-02
 -5.0521797e-03 -6.4310657e-03 -6.2110403e-03 -5.3846693e-03 -8.1738591e-03
 -4.2547252e-03 -4.1669752e-03 -4.6415457e-03 -3.5114015e-03 -3.7003092e-03
 -1.3450667e-02 -2.8107021e-02 -2.5766687e-02 -1.4937514e-02 -1.1048298e-02
 -1.2732257e-02 -8.3782756e-03 -5.7875989e-03 -1.1221396e-03  4.8991925e-03
 -6.1121839e-04 -9.1395095e-04  6.8379977e-03  1.1218394e-02  8.2617092e-03
  1.2816305e-02  8.1282331e-03  7.0868395e-03  7.4196292e-03  2.3815575e-03
  3.0372312e-03  9.8853346e-03  1.4112044e-02  1.2107902e-02  6.2409573e-03
  2.2072581e-03 -2.0151486e-03 -2.2655914e-03  7.6644687e-03  7.5477022e-03
  1.0041724e-02  6.7369401e-03  7.0824370e-03  8.3317491e-03  2.9618883e-03
 -8.0734018e-04  2.6623175e-03 -7.0613250e-04 -7.7632250e-03 -5.5273506e-03
 -1.8144342e-03  4.6755651e-04 -1.4762415e-03 -3.3592148e-03 -8.0118668e-03
 -1.8362467e-02 -1.1844752e-02 -4.8356563e-03 -1.4716388e-02 -1.9478103e-02
 -2.3153197e-02 -2.5600592e-02 -2.3740532e-02 -1.2117907e-02 -5.1925598e-03
 -2.9275687e-03 -3.5366159e-03 -8.3780755e-03 -6.1591107e-03  1.6430365e-03
  7.1205587e-03  3.4393604e-03 -3.9913751e-03 -5.2868135e-03  6.9927859e-03
  1.3957956e-02  1.5050579e-02  1.7453949e-02  1.3497694e-02  9.2605785e-03
  8.1202285e-03  3.8200774e-03  2.2224668e-03  6.5626407e-03  1.1066308e-02
  6.9952873e-03 -3.3250953e-03 -4.3243649e-03 -2.5733668e-03 -5.1404300e-03
 -7.1199584e-03 -2.1922496e-03  1.4144062e-05 -2.4069720e-04  4.1296539e-04
  4.2981499e-03  2.4542990e-04  1.0753129e-03  5.4239917e-03  3.2368450e-03
  3.4184485e-03  1.8963809e-03 -5.0788950e-03 -5.2499925e-03  4.2492221e-04
  2.6397046e-03  2.6076864e-03 -2.9116596e-03 -9.0038322e-03 -8.5826921e-03
 -3.4241518e-03  2.4877180e-03  5.6699319e-03  4.5843131e-03 -1.3417648e-03
 -7.8614810e-03 -1.2330028e-02 -7.2778484e-03 -4.5762084e-03 -3.3433057e-03
  6.1965320e-03  4.0093853e-03 -5.0596840e-03 -9.4017590e-03 -5.5941887e-03
 -6.4731897e-04  2.9041554e-03  5.7863982e-03  6.1572096e-03 -2.6955365e-05
  4.6597561e-03 -1.2262990e-03 -5.9814094e-03  8.7475861e-04  5.6034940e-03
  2.6212941e-03 -8.6423261e-03 -7.9211150e-03 -7.4432426e-03 -3.0985662e-03
  4.3631870e-04  2.8109022e-03 -3.0019111e-03 -5.4803238e-03  2.8975516e-03
  9.0363507e-03  6.8873258e-03  1.4962529e-02  1.9782276e-02  9.7438540e-03
  2.4478953e-03  1.5011557e-03  1.1173369e-02  1.1341465e-02  1.4483255e-02
  1.5150636e-02  6.7993756e-03  2.1473240e-03  7.9733448e-03  1.4318161e-02
  1.0142781e-02  1.4414216e-02  1.6017130e-02  1.0821168e-02  5.0662878e-03
  2.3087160e-03  3.2048268e-03 -1.0905216e-03 -3.8393885e-03 -9.1077914e-03
 -9.9786879e-03 -1.1680658e-02 -1.3346608e-02 -1.0371912e-02 -1.4432226e-02
 -1.0618052e-02 -4.6712626e-03 -6.0246340e-03 -1.0174800e-02 -1.3187517e-02
 -1.2891348e-02 -1.2389062e-02 -7.0147984e-03 -6.8888266e-03 -5.3360415e-03
 -8.2231872e-03 -1.1353471e-02 -1.4835456e-03 -4.0242938e-03 -8.3192420e-03
 -4.5485927e-03  1.7587025e-03  7.1029487e-03  9.9144512e-03  9.3335201e-03
  3.2180343e-03  5.1578400e-04  5.4531083e-03  4.0622155e-03  6.4874979e-03
  1.1347468e-02  1.1649640e-02  1.3014418e-02  1.0277858e-02  9.2132516e-03
  5.0881002e-03  2.2705942e-03  3.1564992e-03  1.3755841e-03  5.8181163e-03
  9.7021302e-03  1.3514703e-02  1.2925367e-02  4.2711345e-03  2.3468377e-04
  3.0928629e-03  7.2144122e-03  2.8612309e-03 -4.4948621e-04  2.5113315e-03
  1.9729246e-03  4.2667320e-03  4.2230071e-03  1.7227820e-03  3.3769248e-03
  4.1389592e-03  5.6982480e-03  9.5831624e-03  6.0541509e-03 -1.9343026e-03
 -3.0104159e-03 -9.4890087e-03 -8.8950702e-03 -8.8643527e-03 -5.7522788e-03
 -1.4532283e-04 -1.4601323e-03 -3.6562841e-03 -6.9999900e-03 -6.1559089e-03
 -6.7950732e-03 -2.7846873e-03 -3.0840579e-03 -4.6233353e-03 -4.4923606e-03
 -7.3287774e-03 -8.6938555e-03 -7.9708434e-03 -8.0270754e-03 -9.1783316e-03
 -9.4982140e-03 -9.9693825e-03 -9.5279309e-03 -1.0425943e-02 -1.1574598e-02
 -8.6126092e-03 -1.0393925e-02 -7.1301642e-03 -4.9536236e-03 -9.7282451e-03
 -1.1238406e-02 -1.0746125e-02 -5.9738051e-03 -7.0597240e-03 -6.2972895e-03
 -6.0634562e-03 -3.3223938e-03 -4.4378296e-03 -2.9660907e-03 -5.0048528e-07
  2.7298560e-03  4.1409603e-03  2.6752249e-03 -6.2430585e-04  1.0361906e-03
 -2.2180643e-04  1.4743404e-03  8.8689553e-03  4.7556107e-03  6.3973465e-03
  9.1718279e-03  5.8745485e-03  3.1227800e-03  8.0391823e-03  8.6804479e-03
  1.0447955e-02  7.2658415e-03  6.8882263e-04  6.3378126e-03  1.1795724e-02
  1.2500125e-02  1.2175940e-02  1.3816876e-02  1.3111474e-02  6.4334671e-03
  7.3994177e-03  6.2801797e-03  1.0605045e-02  1.4602323e-02  1.2081887e-02
  1.4533284e-02  1.2181944e-02  5.8526360e-03  3.0481374e-03 -6.9929860e-03
 -1.3074452e-02  4.5172748e-03  1.1978828e-02  9.4348779e-03  1.1061305e-02
  1.3255556e-02  3.8772100e-03 -1.3606756e-02 -1.3775852e-02 -5.3129284e-03
 -1.2574167e-02 -8.5196562e-03 -5.6191029e-03 -7.5361956e-03 -9.4406812e-03
 -1.4303153e-02 -7.6012327e-03 -6.4066518e-03 -8.8651531e-03 -1.3117477e-02
 -7.9634392e-03 -4.8764796e-03 -4.5442902e-03 -5.8550374e-03 -8.3198423e-03
 -2.8597300e-03  3.4522678e-03 -1.6729536e-03 -3.9489509e-03  2.1861461e-04
 -4.3863002e-03 -3.2464505e-03  5.7279649e-04  8.6075063e-04  1.3271565e-03
 -1.3273566e-04  2.3520407e-03  2.4342875e-03  2.9362737e-03  5.4588115e-03
  5.8391283e-03 -3.0379316e-03  3.5067989e-03  1.0976256e-02  4.8545671e-03
  1.2017850e-02  7.3458872e-03  5.1662448e-03  4.7510081e-04 -9.2635802e-06
  1.6025134e-03 -3.9028246e-03 -2.9268683e-03 -2.7272545e-03 -1.8247401e-03
 -2.6237956e-03 -2.1997539e-03  1.4836457e-04  3.4795834e-04 -1.8695657e-03
 -5.7300661e-03 -7.5744174e-03 -4.4267232e-03 -4.3110573e-03 -5.3747636e-03
  3.7233223e-04  3.3679197e-04 -2.1158060e-03 -3.8089711e-03 -3.5003952e-03
 -3.8247801e-04  6.5826521e-04  6.9399558e-04  2.3012117e-03  3.0021112e-03
  7.8851946e-04 -9.6554036e-04 -5.4915302e-03  4.4021092e-04 -3.4687772e-03
 -1.0310877e-02 -5.5523648e-03 -5.8588395e-03 -6.1523068e-03 -7.4097235e-03
 -4.8582692e-03 -4.9905446e-03 -9.5563471e-03 -3.4004382e-03 -4.3794963e-04
  1.6222247e-03  3.6343716e-03  1.2021852e-03  5.2225769e-04  5.8285223e-04
  4.2187047e-03  5.3578540e-03  7.9300201e-03  6.8218885e-03  2.9398757e-03
  5.2686031e-03  6.7055221e-03  5.6267072e-03 -7.4373393e-04  8.5898962e-04
  2.2056572e-03  3.7432336e-03  9.5150236e-03  1.0011707e-02  5.4416017e-03
 -2.3015119e-04 -4.1521667e-03 -3.6196632e-03 -8.2318922e-04  3.5637313e-03
  6.4440731e-03 -6.3364118e-04 -1.4566303e-03 -1.0794153e-03 -7.1274627e-04
 -4.6620574e-03 -3.4236515e-04 -1.6983681e-03 -2.8473230e-04  2.2136618e-03
  7.9230161e-06  5.4450037e-04 -3.9294398e-03  2.2852026e-04 -2.5710655e-03
  3.0725514e-03  6.6115686e-03  6.7536496e-03  5.3388431e-03  9.8867354e-04
  5.6622275e-04  9.9991995e-04  8.6597360e-05 -3.2019251e-03 -3.2760674e-03
 -2.4606025e-03 -1.5800006e-03 -2.2751969e-03 -3.9019241e-03 -7.1968022e-03
 -8.5194561e-03 -6.2078385e-03 -9.6506008e-05 -6.1315950e-03 -7.7668271e-03
 -5.8313239e-03 -5.5190459e-03 -8.2306915e-03 -1.0446955e-02 -1.2231972e-02
 -1.3050439e-02 -8.3531613e-03 -7.4706583e-03  1.0095755e-04 -2.1343166e-03
  1.9668211e-03  3.3508100e-03  1.1680658e-03 -8.9572056e-05 -2.3920635e-03
  5.7690884e-03  6.1984331e-03  6.6551935e-03  6.5766487e-03  4.0875299e-03
  9.7297460e-04  3.1753099e-04  1.7918213e-03  2.3930640e-03  5.2398867e-03
  7.7502176e-03  5.9681018e-03  6.1209890e-03  6.6696017e-03  2.9298700e-03
  2.8406192e-03  1.9631190e-03  1.7798145e-03  4.9809391e-03  7.4287344e-03
  6.6432867e-03  6.5669432e-03  7.7518185e-03  8.0047627e-03  1.0662077e-02
  7.0319082e-03  2.7698788e-04 -1.8741683e-04  8.8791611e-05 -9.5052180e-04
 -1.0646068e-03 -1.3318592e-03 -2.7278549e-03 -6.4948020e-03 -5.8597401e-03
 -4.8068399e-04  1.8119328e-03 -2.4229811e-03 -4.1776813e-03 -2.6404050e-03
 -3.2810702e-03 -1.7521988e-03 -1.2450097e-03 -5.9855117e-03 -5.0483776e-03
  1.2289005e-03  5.2779084e-04  2.2535845e-03  1.4348178e-03  1.5449806e-03
  6.2443593e-03  6.4495763e-03  3.7569415e-03  1.3098466e-03 -3.4473650e-03
 -8.3094364e-03 -7.1098526e-03 -1.1725684e-03  1.4895490e-03 -3.3368020e-03
 -2.7204507e-03  2.9616882e-04  1.5209670e-03  1.8037281e-03  1.5178652e-03
  2.1258117e-03 -4.7147874e-03 -7.3568934e-03 -3.8764096e-03 -1.4010986e-03
  2.8829433e-03  1.9803288e-03 -1.2876340e-04 -4.5227780e-03 -6.0168296e-03
 -2.3960658e-03 -3.1538977e-03 -1.4925508e-03 -1.0963249e-03 -3.6711926e-03
 -4.2863432e-03 -8.0906116e-03 -7.3607957e-03 -3.3410044e-03 -1.0081747e-03
  7.9389252e-04  8.6493301e-04  6.4014488e-04  4.3788960e-03  5.4906297e-03
  2.9998099e-03  3.9479503e-03  2.3279269e-03 -1.0062736e-03 -2.2024554e-03
 -2.7943928e-03  1.2801297e-03  1.8129334e-03  1.7791141e-03  4.3157600e-03
  1.3486687e-03 -1.4063016e-03  2.6787269e-03  2.1741393e-04  2.4036701e-03
  7.2546351e-03  1.6586454e-03  3.1230802e-03  4.6148305e-03  2.4347878e-03
  1.5241688e-03  6.4590817e-03  9.0775742e-03  8.8677546e-03  9.0209419e-03
  7.9592368e-03  1.9753259e-03 -1.8371472e-03  5.1058103e-03  7.6719730e-03
  4.1261519e-03  7.0132976e-03  6.6945159e-03  3.9019241e-03  4.8272515e-03
  4.1727785e-03  4.1749797e-03  5.4613129e-03  5.3230341e-03  8.4408113e-03
  7.3942147e-03  2.7364598e-03 -1.8584593e-03 -2.6219945e-03  6.0144282e-03
  8.3726724e-03  2.8925488e-03 -3.0198213e-03 -5.9401859e-03 -7.3624966e-03
 -8.9377945e-03 -7.6976877e-03 -5.0410734e-03 -6.5976607e-03 -4.7027806e-03
 -7.2643407e-03 -9.8512152e-03 -6.9465595e-03 -7.4251323e-03 -4.9130004e-03
 -1.4129054e-03 -2.3963659e-04 -3.7286253e-03 -6.5586384e-03 -2.3053140e-03
 -4.9066968e-03 -5.2209760e-03 -1.4900493e-03 -7.3330799e-03 -1.0841179e-02
 -9.4094634e-03 -7.0968452e-03 -5.3213332e-03 -2.5953794e-03 -3.3061845e-03
 -1.9207949e-04  8.9946269e-04 -2.6712226e-03  5.5843831e-04 -8.9518025e-04
 -2.8586294e-03  1.1745695e-03 -1.3867905e-03  7.2235174e-04  1.9775272e-03
  2.5508540e-03  6.2651711e-03  7.5686141e-03  5.1562391e-03  1.8961808e-03
 -9.9251573e-04 -1.3171508e-03  1.0836177e-03 -2.3631470e-03 -1.8045286e-03
 -3.2768678e-03 -1.3732828e-03 -1.2657215e-03  1.6152207e-04  3.4479653e-03
  5.3493491e-03  6.3487188e-03  5.7953033e-03  3.6410754e-03  3.8729076e-04
  2.0664779e-03  1.2697237e-03  1.6605465e-03  9.5869646e-05  3.7430335e-03
  2.8393184e-03 -1.4487258e-03  1.6403350e-03  9.9045456e-04 -7.2954584e-04
  1.7784137e-03  5.0115566e-04  3.8231792e-03  2.3319292e-03  1.3673794e-03
  5.1971624e-03  5.1955615e-03  4.6946760e-03  3.5203066e-03  2.9102588e-03
 -1.3652782e-03 -2.2710945e-03 -3.1139750e-03 -1.2061875e-03 -3.6962068e-03
 -7.0925427e-03 -9.6162813e-03 -1.0772140e-02 -1.0235834e-02 -9.4907097e-03
 -7.3645978e-03 -9.1789320e-03 -8.8720571e-03 -6.2677726e-03 -3.4912900e-03
 -2.9934062e-03 -3.5741373e-03 -2.5622605e-03 -2.5533554e-03  7.1830944e-04
  2.1582302e-03  1.6069159e-03  4.8218485e-03  4.3880012e-03  2.6575148e-03
 -1.6191229e-04 -1.5091602e-04  1.2784287e-03  2.7057423e-03  2.8866454e-03
 -5.6438170e-04 -1.0884204e-03  5.5779794e-03  6.1765206e-03  6.1055802e-03
  2.2600883e-03 -1.6736540e-03  1.8392484e-03  1.8627618e-03  5.0944038e-03
  3.7520387e-03  4.4637443e-03  8.8365368e-03  4.0911319e-03  4.1041394e-03
  3.6471789e-03  4.3356713e-03  8.5807911e-03  9.6283882e-03  9.9788880e-03
  6.9348529e-03  2.3255255e-03 -1.2902354e-04 -7.4763615e-04 -1.9957376e-03
  7.3226739e-04  3.2420480e-03  5.9931161e-03  4.2184045e-03  5.1901584e-03
  1.6026135e-03 -2.8642326e-03 -4.4465345e-04  1.1145353e-03  3.7334281e-03
 -2.4265832e-03 -5.2294808e-03 -3.8801117e-03 -1.7754120e-03 -7.8066498e-04
 -1.0111764e-03 -3.8687052e-03 -6.6296789e-03 -5.6936454e-03 -5.7333680e-03
 -4.5539958e-03 -5.4895290e-03 -6.2929870e-03 -4.0813264e-03 -1.8108322e-03
 -1.4142061e-03 -1.3992976e-03 -2.7252534e-03 -6.0528501e-03 -1.2710245e-03
  1.0791151e-03 -2.1897482e-03  9.9540738e-04 -4.2206057e-03 -2.5503537e-03
 -1.6480394e-03 -4.2518235e-03 -1.0477972e-03 -2.9991095e-03 -4.4908598e-03
 -2.7786838e-03  4.4978638e-03  6.7345387e-03  6.3695306e-03  5.5322534e-03
  1.4052010e-03 -6.8678147e-04  7.6516614e-04  2.8297129e-03  3.2787689e-03
  1.4470248e-03  3.7088140e-03  3.2324425e-03  3.2680628e-03  5.5801807e-03
  2.2230671e-03 -1.4321163e-03 -1.4364188e-03 -7.2937574e-04 -4.7140870e-04
 -2.6170917e-04  8.6280180e-04  1.7228820e-03  1.1688663e-03  8.5608797e-04
 -3.3467076e-03 -3.0342295e-03 -4.2829413e-03 -3.7228220e-03 -6.4569805e-03
 -9.2644808e-03 -1.0606045e-02 -1.1277428e-02 -4.5861141e-03 -3.8813123e-03
 -3.2394465e-03 -3.9782676e-03 -3.3972364e-03 -4.2494222e-03 -4.2202055e-03
 -5.7668871e-03 -6.7721601e-03 -4.4832555e-03 -1.7705092e-03 -3.5291116e-03
 -4.9436179e-03 -5.8837537e-03 -2.2311718e-03  1.5956095e-03  3.4900894e-03
  6.6540928e-03  3.5524249e-03  4.4417318e-03  5.0520797e-03  7.0491180e-03
  4.0064837e-03  4.6314399e-03  5.4704181e-03  2.8095014e-03  2.8785408e-03
  7.2319222e-03  6.7825661e-03  4.5407882e-04 -1.0738121e-03  7.9128103e-04
 -4.0087850e-04 -1.0747126e-03 -7.8342655e-04 -6.9145413e-04 -3.1205787e-04
  4.0937334e-04  1.9196942e-03 -4.0753229e-04 -1.5702951e-03 -2.1940506e-04
  6.4262630e-04 -1.0866194e-03  1.9553145e-03  3.8411895e-03  1.3943948e-03
  1.5190659e-04  3.7436339e-03  6.3975466e-03  5.0689893e-03  3.7677476e-03
  4.9045956e-03  4.3545821e-03  2.3127182e-03  7.5544060e-04  1.3405641e-03
 -2.9212651e-03 -5.4899293e-03 -2.8821428e-03 -5.2891148e-03 -4.4187187e-03
 -1.2843321e-03 -2.6423061e-03 -1.7172788e-03 -2.4037701e-03 -1.1598611e-03
  5.5397577e-04 -2.4656054e-03 -2.4491960e-03 -4.1196482e-03 -1.9000830e-03
  3.5442202e-03  5.0694896e-03  3.3212931e-03 -4.2719350e-03 -9.5054181e-03
 -9.9987993e-03 -3.0457361e-03  3.4457641e-03  7.2830513e-03  6.9742753e-03
  5.6198033e-04 -3.9221356e-03 -4.5560970e-03 -1.4594319e-03 -1.3379626e-03
  4.5850135e-03  5.3589546e-03 -4.7006794e-04 -1.5655924e-03 -3.0010106e-03
  8.6160111e-04  1.0186806e-03  1.9794283e-03 -6.6448876e-04 -4.0030818e-04
 -2.6750248e-03 -1.3427654e-03  1.5398777e-03  4.0041824e-04 -5.0868995e-05
 -4.8322544e-04  2.9849014e-03 -1.0291866e-03 -1.4342175e-03 -5.6148004e-04
  3.8885165e-04 -1.0653072e-03  1.2803298e-03 -3.4377595e-04 -1.0404931e-03
 -1.5483826e-03 -7.7218014e-04  4.0892309e-03 -2.1083017e-05  7.1946009e-04
 -1.8111323e-03 -1.8970813e-03  2.2803998e-03  3.3273966e-03  2.5445504e-03
 -4.3901024e-04 -1.7483966e-03 -5.2712046e-03 -3.2150326e-03  2.7012397e-04
  3.2956785e-03  1.9087880e-03 -6.6979178e-04 -9.6139800e-04  8.0111664e-04
 -5.4801237e-04 -2.0061435e-03 -2.9062566e-03 -7.8242598e-03 -7.0961448e-03
 -6.1245910e-03  1.4701380e-04  2.5473520e-03  1.8026275e-03  3.1095725e-04
  2.2246681e-03  4.7194901e-03  2.2984101e-03 -4.3334701e-04  2.5966801e-03
  3.1780115e-03  5.9457891e-03  1.1395495e-02  8.4029897e-03  7.3036631e-03
  2.5095304e-03  2.4006684e-03  3.8066698e-03  3.0976657e-03  6.7844671e-03
  6.8896271e-03  2.6934353e-03  2.8237095e-03  4.2578270e-04 -9.5039172e-04
  1.4460242e-03  3.3934343e-03  3.6790971e-03  1.4383198e-04 -2.9443783e-03
 -5.2499925e-03 -5.9652002e-03 -2.6119888e-03 -8.8488438e-04 -8.0683990e-04
  3.4066418e-03  4.1276528e-04 -1.4165074e-03 -2.7274546e-04 -7.3184715e-04
  1.4971534e-04 -1.7935223e-04 -4.8095414e-06 -5.0593838e-04 -8.3507599e-04
 -1.2522138e-03 -1.0903215e-03  1.2912360e-04 -1.5973105e-03 -6.2757772e-04
 -2.3309286e-03 -4.5441902e-03  1.4843461e-03  1.4742403e-03  2.7859880e-03
  1.5022563e-03  2.3943648e-03  3.0915622e-04  1.3606756e-03  3.5328137e-03
 -1.5465816e-03  5.9401859e-04 -3.9084278e-03 -2.3192220e-04  2.6639184e-03
 -1.1585604e-03  1.9114895e-03  4.7066828e-03  3.8657035e-03  3.6017530e-03
  2.7313569e-03  1.6637483e-03  2.3816575e-03  8.7766027e-04  2.4328867e-03
 -5.2524939e-04 -3.3183915e-04  9.0016309e-04 -9.3956555e-04 -1.7538997e-04
  3.1862161e-03  2.1522268e-03 -1.2066878e-03  3.6993086e-03  4.0290966e-03
  3.3999380e-03  2.0427644e-03 -2.0505688e-03  2.5217374e-03  1.6828592e-03
  2.5014258e-03  3.4144462e-03 -7.2081086e-04 -1.3293577e-04  1.7367900e-04
 -9.8421100e-04 -5.6221046e-04  5.0727915e-05 -2.6136898e-03 -2.8001961e-03
  7.9220155e-04 -8.1269324e-04 -6.3324095e-05 -1.9787279e-03 -7.4274336e-04
 -2.4102739e-04 -3.1488949e-03 -2.5569575e-03 -4.3864002e-03 -4.2625296e-03
 -9.0588636e-03 -9.0711706e-03 -4.1990935e-03 -2.3964660e-03 -1.8885765e-03
  2.2922066e-05 -3.0006103e-04 -2.7694786e-03 -2.4693075e-03 -6.1240907e-04
  2.6503107e-03 -1.2396066e-03 -1.4682369e-03 -2.5991815e-03 -6.5794503e-03
 -5.7989054e-03 -7.9159121e-03 -2.7459652e-03  2.4596020e-03  1.5593889e-03
 -5.2192750e-04 -2.9832004e-03 -5.2214762e-04 -1.1746696e-03 -2.2017550e-04
 -9.3992576e-04  4.0893309e-03  4.9557248e-03 -2.4161772e-04 -3.7017100e-03
 -4.5474921e-03 -3.8509951e-03 -1.9250973e-03 -2.6773261e-04  2.4470948e-03
  5.4493061e-03 -3.9853717e-04 -8.6882523e-04 -3.2526540e-03 -8.4691274e-05
 -1.6985682e-03 -3.4675765e-03 -1.5838028e-03  5.5185456e-04  3.1646038e-04
  2.0177501e-03  2.3215233e-03  1.5384769e-03  5.3211330e-03  3.5834426e-03
 -1.8074302e-03  5.7569815e-04  2.9986092e-03 -1.1226399e-03  4.3887016e-03
  4.9903445e-03  6.9013338e-03  3.0316280e-03  1.8586594e-04  3.2780685e-03
  6.8758192e-03  2.5088300e-03  8.3599652e-04  7.1147554e-04 -1.2782286e-03
 -4.7261939e-03 -9.1332059e-03 -5.5438600e-03 -2.6344016e-03 -6.3556227e-04
 -3.0157190e-03 -3.7690484e-04  6.2231472e-03  7.0133976e-03  2.3539417e-04
 -7.9672413e-03 -9.6022733e-03 -3.1053701e-03  5.1315250e-04 -2.9552845e-04
  8.9110793e-04 -5.2847123e-03 -5.5520647e-03 -3.1107731e-03  9.4822049e-04
  7.4873678e-03  2.3353311e-03  1.6692515e-03 -1.9722242e-03  1.5225679e-04
 -2.7253535e-03 -4.4322264e-03  2.2955084e-03  4.2503227e-04 -3.4682769e-03
 -7.7734309e-04  4.9204046e-03  3.0538407e-03  3.2792692e-03 -7.4197292e-04
 -6.6473890e-03 -3.6607866e-03  2.6581151e-04  2.3062145e-03 -3.1167766e-03
 -9.3370221e-03  1.3604755e-03  9.8779304e-03  1.2570165e-02  8.2998309e-03
  1.0786148e-03 -7.0092953e-03 -5.5605695e-03 -2.8887466e-03 -1.8409493e-03
  4.0810262e-03  1.1170367e-03  5.3666590e-03  4.4966631e-03  1.7026705e-03
 -1.6096175e-03 -2.2235674e-03  3.2156329e-03  8.5169547e-04  2.3632471e-03
  4.7472059e-05 -3.1913191e-03 -3.1843151e-03  9.5865643e-05  6.6307795e-04
  5.1486347e-04 -3.0274256e-04 -3.4178482e-03 -2.9492811e-03 -3.6660897e-03
 -2.7212511e-03 -3.5850435e-03  1.0632060e-03  1.9556147e-03  1.4653352e-03
 -1.8951803e-03 -1.2965390e-03  6.2492621e-03  3.1425913e-03  6.4637844e-04
 -4.1703771e-03 -2.3137188e-04  6.9882833e-04 -5.2157730e-04 -1.1209389e-03
 -2.1483245e-03 -1.3566733e-03  8.2616091e-04  6.1290936e-03  4.9174029e-05
 -5.0607846e-04 -1.7705092e-03 -1.4089031e-03  1.7244830e-03  2.3462374e-03
 -9.2407672e-04 -5.9883133e-03 -8.4906397e-03 -7.6338513e-03 -1.5146634e-03
  6.8494042e-04 -5.4905296e-05 -2.7753820e-03 -7.5164844e-03 -3.8206778e-03
 -3.1546982e-03 -2.8811423e-03 -1.2458101e-03 -1.0517995e-03  2.5517545e-03
  2.6827292e-03  1.0092753e-03  2.5524549e-03  3.2184345e-03  1.7760123e-03
 -8.1639535e-04 -2.1855458e-03 -8.4267032e-03 -9.5817616e-03  1.7748116e-03
  9.9755861e-03  3.5415187e-03 -6.3273066e-03 -7.2954584e-03  8.7803048e-04
 -1.4665359e-03 -9.4530883e-03 -1.0192810e-03  1.4820448e-02  3.5554266e-02
  3.2605585e-02  2.3654483e-02 -8.3293477e-03 -3.6078565e-02 -3.6576849e-02
 -1.9854317e-02  9.9787879e-03  1.6985682e-02  1.8516554e-02  1.4261129e-02
  4.8819827e-04 -1.3477682e-02 -9.8128933e-03  7.3182714e-03  1.4261129e-02
  3.2387461e-03  5.6470188e-03  2.1333160e-02  9.8510151e-03 -1.1108332e-02
 -3.0805559e-03  4.2335131e-03 -4.5875149e-03 -2.7387611e-03  7.2058073e-03
  7.7935423e-03 -3.6437770e-03 -1.2452098e-02 -7.4646549e-03 -7.1055502e-04
  8.9895240e-03  1.0057733e-02  2.7709795e-03 -3.5747376e-04 -3.8658035e-04
  4.5926178e-03  3.6907037e-03  8.5855938e-04 -1.9718239e-03  2.5043275e-03
  7.9350230e-03 -4.0346998e-03 -4.8754790e-03 -8.5741873e-03 -1.1882773e-02
 -6.9360536e-03  1.3250553e-03  4.9832404e-03  3.8738081e-03  1.0007704e-02
 -2.7795844e-03 -1.1983831e-02 -8.8770599e-03 -7.9608377e-03 -1.1707673e-02
 -5.7473760e-03 -8.0486878e-04 -8.2879241e-03 -1.6122190e-03  6.2342535e-03
 -2.6585154e-03 -1.3844892e-02 -8.6040043e-03 -1.9929360e-03 -6.2236475e-03
  1.1365478e-02  1.6505408e-02  6.9186436e-03  4.0438050e-03  6.1880272e-03
 -3.6894030e-04 -9.2590777e-03 -1.9343026e-03 -7.9392254e-03 -2.7020402e-03
  2.1512262e-03  7.4809641e-03  1.7640055e-02  1.2947380e-02  2.1777413e-03
 -3.8961208e-03 -4.9929460e-03  1.9318011e-03  9.4061615e-03  9.8332049e-03
  8.5933982e-03  5.4198893e-03  5.9453889e-03  3.1956215e-03 -2.9509821e-03
 -8.8332349e-03 -1.1414506e-02  4.2648310e-04  8.0713006e-03  4.5604995e-03
  1.7525990e-03 -2.9685921e-03 -1.4848464e-05  3.0898612e-03  6.7235324e-04
 -1.4995547e-03 -3.3356013e-03 -8.5099507e-03 -1.5649920e-03  5.9168726e-03
  1.3434658e-03 -2.3234244e-04  2.1179072e-03  3.7677476e-04 -1.2041864e-02
 -1.0001901e-02 -5.2427884e-03  7.0511191e-03  3.4259528e-03 -1.0590036e-03
  3.7195201e-03  1.0473970e-03  2.1126042e-04 -7.8300631e-03 -3.8547972e-03
 -3.7759523e-03 -2.2280700e-03 -1.7125762e-03 -4.1889877e-03 -5.0601843e-03
 -1.1395495e-02 -3.8922186e-03 -8.1025184e-04 -6.7988754e-03 -5.7538797e-03
 -3.4939916e-03 -1.6389342e-03  1.5337743e-03  6.3032929e-03  1.4883484e-03
 -1.2073882e-03 -8.6481294e-04 -8.3473580e-04  1.7362897e-03  2.4420920e-03
  3.1144753e-03  5.4424022e-03  4.5245790e-03 -1.5106611e-03  1.8708664e-03
 -9.4770019e-04  1.2254985e-03  7.3499895e-03  8.1212291e-03  7.6384539e-03
  2.8859450e-03  3.4900894e-03  3.2949781e-03  4.6442472e-03  5.7921015e-03
  3.3753239e-03 -2.2033559e-03 -7.2236175e-03 -3.4065417e-03 -8.1624526e-03
 -5.1884574e-03  2.1414206e-03 -2.5763685e-03  3.2640605e-03  8.4226009e-03
 -6.8847243e-04 -6.1467036e-03 -2.8780405e-03 -4.8109422e-03 -4.4398307e-03
 -6.1648139e-03 -7.5370961e-04  1.3927939e-03  1.8230391e-03  4.2487218e-03
  3.9908748e-03 -5.5992916e-05 -2.4053711e-03  1.2083888e-03 -4.4425322e-04
