Scaled from
PEER NGA STRONG MOTION DATABASE RECORD
ACCELERATION TIME SERIES IN UNITS OF G
NPTS= 2999.000000, DT= 0.020000, Scalar= 1.000000
 -9.5484751e-04 -1.5269582e-03 -5.4354544e-03 -2.0891682e-02 -4.5167991e-02
 -3.9586197e-02  3.8025651e-02  6.9834954e-02  6.3649611e-02 -2.5564019e-02
 -1.5883465e-01 -2.3008237e-01 -1.8550862e-01  7.9158959e-02  1.2824382e-01
  1.2992838e-01  2.9221484e-03 -2.1124213e-01 -1.8941516e-01 -7.6464691e-02
  7.5064334e-02  1.4970908e-01  1.1990368e-01  3.8926840e-02 -4.4015667e-02
 -9.7501059e-02  3.1520964e-02  1.1965565e-01 -1.0794638e-01 -1.0173624e-01
  1.2956666e-02 -1.4269179e-01 -6.0530586e-02  1.2432695e-01  1.0126911e-01
 -2.0312936e-01 -2.2413989e-01 -8.0650262e-02 -1.2493670e-01 -7.7318341e-02
 -7.9437997e-02 -1.4269179e-01 -2.3444363e-01  2.0227158e-02  1.2686930e-01
  5.5086243e-02  4.8562954e-02  1.7514288e-01  2.8479449e-01  1.8889842e-01
  9.1957504e-02  8.3410672e-03  1.3932266e-01  1.0336809e-01 -1.0841145e-01
 -8.3487149e-02  9.7265427e-02 -1.2035841e-02 -3.9228615e-02  5.1537293e-02
  3.3629251e-02  3.4048842e-02  8.6484224e-02  2.0101074e-02 -3.7115160e-01
 -3.4094315e-01 -1.6413638e-01 -2.1916888e-01 -1.6290654e-01  1.2358285e-01
  6.4228356e-02 -8.7733694e-02 -5.0774589e-02 -1.4436602e-02  1.1779539e-03
  5.2912847e-02  1.6024018e-01  8.4243652e-02  1.2483335e-01  1.5382230e-01
  1.3987040e-01  3.6357623e-02 -6.6167154e-02  9.5691446e-02  2.3234568e-01
  2.7854197e-01  1.1177024e-01 -2.4273209e-01 -2.8716115e-01 -1.7809861e-01
 -1.1003400e-01  9.6952284e-03  2.6024948e-02  1.6230713e-01  2.7713645e-01
  3.0967022e-01  4.0954517e-01  4.6453633e-01  4.6284143e-01  4.6528043e-01
  4.1651078e-01  3.5860522e-01  4.3706659e-01  4.5717800e-01  4.0550428e-01
  4.0105001e-01  3.2028400e-01  1.7528756e-01  1.5229276e-01  4.3261231e-02
  9.4928742e-02  2.1608913e-01  2.1427021e-01  5.0708447e-02 -1.7107099e-01
 -2.9603869e-01 -7.0573888e-01 -3.7244344e-01 -5.1577598e-02 -4.1615940e-01
 -3.6485774e-01 -4.5038807e-01 -6.0824092e-01 -5.6378086e-01 -4.2435485e-01
 -1.9605006e-01 -3.8146567e-02 -9.4636269e-02 -3.6816486e-01 -1.7137070e-01
 -5.2111905e-02 -2.7895536e-01 -4.2681452e-01 -3.0037929e-01 -5.1345067e-01
 -6.7522039e-01 -2.2744701e-01  3.0387243e-01  8.5958186e-01  1.0000000e+00
  2.3712033e-01 -5.0119366e-01 -5.5731131e-01 -5.6528973e-01 -2.0929920e-02
  3.6341088e-01  1.6929341e-01 -1.6898337e-01 -4.8562954e-01 -6.3333368e-01
 -4.8339724e-01  4.6484637e-02  3.6859892e-01  3.8692242e-01  4.4278170e-01
  4.5605151e-01  5.7408460e-01  4.8408966e-01 -4.5602050e-02 -2.9608003e-02
  4.5696097e-02 -2.8100164e-01 -3.5083350e-01 -3.8032885e-01 -4.7506743e-01
 -7.1175370e-01 -6.4187017e-01 -4.7281446e-02  4.1341036e-01  6.3134941e-01
  6.8611321e-01  7.6582507e-01  7.1373797e-01  3.6838189e-01  5.3526731e-02
 -2.4758942e-02  2.7038786e-02  1.7357200e-01 -4.4759769e-03 -3.5960769e-01
 -1.0924856e-01  2.3343082e-01  2.2248633e-01  7.4932049e-02 -8.8350678e-02
 -1.6675107e-01 -1.6902471e-01 -4.2567770e-02  2.2697161e-01  3.7439671e-01
  3.8524819e-01  2.7660938e-01 -1.8306963e-01 -5.4463058e-01 -5.7411560e-01
 -6.2537593e-01 -4.8801687e-01  1.9204018e-01  4.6963136e-01  4.7448869e-01
  6.0747615e-01  6.5223592e-01  5.8377859e-01  5.0896539e-02 -5.3891547e-01
 -8.6110106e-01 -7.7852647e-01 -4.8484410e-01 -1.6787755e-01  1.6989283e-02
 -2.9606970e-02  1.5720177e-01  4.3895784e-01  4.8077221e-01  8.8001364e-02
 -4.4270936e-01 -5.9263546e-01 -6.5071671e-01 -5.0702246e-01 -1.6750550e-01
  5.7797046e-02  2.6349459e-01  5.1310962e-01  5.8616591e-01  4.3880282e-01
  9.6616405e-02 -3.3540373e-01 -2.1196556e-01  2.0833807e-02  3.1174750e-02
 -3.6319385e-02  5.0979217e-02  3.1281198e-01  3.8976447e-01  5.3023429e-01
  6.2338132e-01  5.5926458e-01  1.5821457e-01 -4.3826542e-01 -5.5627784e-01
 -3.1845475e-01 -1.0872149e-01  4.0726119e-02  1.4474840e-01  1.0866982e-01
 -4.2991495e-02 -2.0509296e-01 -3.3839047e-01 -2.8522855e-01 -1.9247424e-01
 -1.9667015e-01  5.8147394e-02  3.0677649e-01  1.1087112e-01 -1.5351226e-01
 -2.1985097e-01 -7.0345490e-03  2.3652091e-01  2.7863499e-01  2.0564070e-01
 -4.8323188e-02 -9.7982658e-02 -9.5747254e-02 -2.1253398e-01 -1.9220554e-01
 -2.0641581e-01 -2.4435465e-01 -3.1575738e-01 -3.4378520e-01 -2.4162628e-01
 -1.1714430e-01 -7.7623216e-02 -9.1610256e-02 -3.0539164e-02 -4.3857546e-04
  9.3027149e-03  1.0897986e-01  1.2946332e-01  6.3205217e-02  1.3819617e-02
 -7.1052387e-02 -8.3512986e-02  4.2194686e-02  2.7703310e-03 -1.2949432e-02
  7.6716859e-02  8.0195533e-02  1.4515146e-01  1.8703817e-01  2.0274697e-01
  2.7858331e-01  3.6103389e-01  4.0033691e-01  3.5883259e-01  3.0989758e-01
  2.8421575e-01  2.3438162e-01  2.4887093e-01  1.5525883e-01 -4.8192970e-02
 -2.6318455e-01 -5.0932710e-01 -5.7297878e-01 -3.8973347e-01 -1.0727463e-01
  1.3333885e-01  1.6551090e-01 -2.0353241e-01 -6.7175825e-01 -7.2823762e-01
 -6.3783963e-01 -3.6787549e-01  3.8478313e-01  6.4828805e-01  5.6585815e-01
  5.6463865e-01  3.1490993e-01  1.0719195e-01  2.0591974e-01  2.5260177e-01
  1.0829776e-02 -1.9842705e-01 -2.6934405e-01 -2.9427145e-01 -1.8848503e-01
  5.9651099e-02  1.0413286e-01  3.1630512e-02 -6.5379647e-02 -1.6571759e-01
 -4.9344261e-02  9.8276165e-02 -1.7920443e-02 -2.0060768e-01 -2.5843057e-01
 -2.8209713e-01 -1.3127190e-01  2.0047333e-01  2.7748783e-01  2.8933145e-01
  2.7871767e-01  2.1805273e-01  2.6200639e-01  2.0911318e-01  3.9420841e-02
 -6.2772191e-02 -9.8710224e-02 -1.2241502e-01 -1.0588977e-01 -9.7904114e-02
 -1.4620560e-01 -1.8326599e-01 -1.1155321e-01  3.3592046e-02  1.9665981e-01
  2.1960294e-01  7.1203274e-02 -7.9878257e-02 -1.7835698e-01 -1.6860099e-01
 -5.8207336e-03  1.1508769e-01  1.2582549e-01  8.5873441e-02  7.5710255e-02
  1.9841672e-02 -3.8358430e-03  1.0154918e-01  1.5235477e-01  9.9535970e-02
 -2.3574581e-02 -8.7051601e-02 -5.0665041e-02  1.3709036e-02 -3.4807412e-02
 -1.5568256e-01 -1.6454977e-01 -1.1449861e-01 -7.6471926e-02  4.1629375e-02
  8.8330009e-02  1.7218714e-02 -2.9681380e-02  2.3048542e-03  4.2360042e-02
  3.3459762e-02  4.9879600e-02  1.7878071e-02 -3.9822863e-02 -1.1722698e-02
  1.2033774e-02 -4.0247620e-02 -5.6178626e-02 -7.8786908e-02 -1.3850622e-01
 -2.1034301e-01 -2.1560339e-01 -2.5687002e-01 -1.8736888e-01  1.6648236e-02
  6.4286231e-02  4.7193601e-02  3.0743791e-02  4.9634667e-02  1.0947593e-01
  1.7485351e-01  2.2871818e-01  2.4272176e-01  1.8145741e-01  1.5272682e-01
  1.6743316e-01  1.3533345e-01  5.8549416e-02  1.3735906e-02  2.5644630e-02
  2.2641353e-02  5.8017176e-04 -6.0486146e-02 -1.3801015e-01 -1.9898513e-01
 -2.1669888e-01 -1.5271649e-01 -1.4300183e-01 -1.4477940e-01 -8.0089085e-02
 -2.5942270e-02 -4.5583448e-02 -5.6059776e-02  5.3507095e-03  5.2562499e-02
  7.5446719e-02  1.2955633e-01  1.8187080e-01  1.5280950e-01  1.3104453e-01
  1.6342328e-01  1.3219169e-01  2.8584864e-02 -1.9480989e-02 -1.8686248e-02
  1.6613098e-02  6.6573309e-02  8.4248819e-02  6.7286407e-02  2.9630740e-02
  4.3122746e-02  4.8631163e-02 -4.4660555e-02 -1.4760079e-01 -2.2177324e-01
 -2.6069387e-01 -2.1227561e-01 -1.4085220e-01 -8.6815969e-02 -7.0456072e-02
 -5.9843325e-02 -1.0189126e-01 -9.3686506e-02  1.1626585e-03 -1.9865442e-02
 -1.0490797e-02  1.9473755e-02  6.3839770e-02  1.1665857e-01  1.0336809e-01
  9.4218745e-02  1.1981067e-01  8.0936534e-02  4.7551183e-03 -1.9143043e-02
  1.8102335e-02  8.0610990e-02  9.1546181e-02  8.9915358e-02  1.0035448e-01
  1.3657362e-01  1.4097622e-01  7.9478302e-02  4.2717624e-02  7.2315292e-02
  8.9853350e-02  7.9840018e-02  7.4830769e-03 -7.4849371e-02 -1.3828919e-01
 -1.9220554e-01 -1.2957700e-01 -7.4286128e-02 -1.0347144e-01 -1.3625324e-01
 -1.5943407e-01 -1.7683778e-01 -1.5364661e-01 -1.4161697e-01 -1.2501938e-01
 -1.1384752e-01 -6.4188051e-02  3.3362615e-02  7.2975682e-02  7.1284919e-02
  6.5037567e-02  7.8100681e-02  8.5937516e-02  1.3508542e-01  1.6849764e-01
  1.3426897e-01  3.6686268e-02  3.4725768e-02  6.6104112e-02  5.5378717e-02
  4.6346152e-02  3.7678403e-02  4.7538781e-02  4.0079164e-02  5.3846074e-02
  3.9812528e-02 -4.0806730e-02 -1.0040719e-01 -5.2922148e-02 -3.0588770e-02
 -5.2613140e-02 -4.2361075e-02 -3.8661237e-02 -3.9971683e-02  1.9279462e-02
  3.4498403e-02 -6.1282955e-03 -2.7730181e-02 -7.5053999e-02 -8.2793688e-02
 -2.5986710e-02 -2.7827327e-03 -1.4419032e-02  1.3444466e-02 -4.5958599e-03
 -8.0142826e-02 -8.7165284e-02 -8.0056014e-02 -4.3238495e-02 -4.5422226e-03
  2.7555523e-02  7.6649683e-02  4.6221101e-02  4.6276909e-02  1.0513533e-01
  1.1671024e-01  2.7725013e-02  2.6227509e-03  2.6007379e-02 -2.1520034e-02
 -6.1523754e-03  1.4102789e-02 -5.8125691e-03  1.9672182e-02  5.6995070e-02
  5.6997137e-02  1.7434710e-02  1.7417141e-02  6.7035272e-02  5.9961141e-02
 -3.7067620e-02 -6.1746985e-02 -2.3762673e-02  1.6304089e-02  3.3635452e-02
  1.7399572e-02  9.7657114e-03 -1.9719722e-02 -3.2322940e-02 -2.6900301e-02
 -8.0899329e-03  1.4672234e-02 -1.1350647e-02 -5.4534368e-02 -9.0498238e-02
 -8.5448683e-02 -6.9685100e-02 -1.0530069e-01 -1.0376081e-01 -7.8825146e-02
 -2.2460495e-02  2.0323271e-02  1.7282790e-03  1.0378148e-02  3.0241523e-02
  3.4423993e-02  3.5018241e-02  3.5791280e-02  4.2329038e-02  1.4877895e-02
  4.1347237e-03  2.8066060e-02  3.0697285e-02 -1.2263205e-02 -5.4520933e-02
  1.4932669e-02  9.7144511e-02  7.9185829e-02  1.3585019e-02 -1.1864284e-02
  1.7855334e-02  1.5293352e-02 -1.6706111e-02 -3.2029433e-02 -3.1826872e-02
 -3.3738800e-02 -3.9158339e-02 -2.4058247e-02 -1.1583179e-03  2.9946983e-03
  2.8275855e-04  9.7554800e-04 -2.0714957e-02 -2.8245884e-02  1.5787352e-02
  5.3413049e-02  5.0291956e-02  2.9764058e-02  1.8676946e-02  7.0760947e-03
 -4.7793016e-03  1.0628249e-02  2.8231416e-02  1.4543049e-02  3.3972365e-02
  5.5261934e-02  2.9986255e-02 -8.1875962e-03 -3.6453737e-02 -5.2427114e-02
 -5.5519269e-02 -5.0204111e-02 -4.1218053e-02 -4.5996838e-02 -3.7112060e-02
 -7.7914656e-03  5.6920660e-03 -4.5637189e-03  2.0418350e-03  2.3439196e-02
  2.1265799e-03 -2.6666736e-04  1.2336582e-02  2.5302550e-02  1.0495964e-02
 -2.6675003e-02 -1.3713170e-02  9.8479759e-03  2.2727132e-02 -9.7749093e-03
 -4.3326340e-02  6.9416397e-03  2.9522225e-02  3.6450636e-02  3.9483883e-02
  2.1890018e-02  9.7536197e-03  9.4322093e-03  2.6097291e-02  2.0270564e-02
  2.4183297e-02  3.6881595e-02  4.7097488e-02  2.9133639e-02  1.8981821e-02
  3.8262316e-02  2.6788686e-02  2.3925962e-02 -1.1034404e-03 -1.0542471e-02
  2.5018344e-02  3.0992859e-02  1.5432871e-02 -1.2379988e-02 -3.2527568e-02
 -2.5047281e-02 -1.1644154e-02 -3.6544682e-02 -2.2920391e-02 -7.1149533e-03
 -3.6638728e-02 -3.2240262e-02 -4.2016928e-02 -5.1849402e-02 -3.2620581e-02
 -1.6505617e-02 -3.6171598e-02 -7.0941805e-02 -6.4739926e-02 -3.8281952e-02
 -2.1514867e-02 -5.0788024e-03 -2.4056180e-02 -3.3693327e-02 -2.4056180e-02
 -2.7874867e-02 -2.7629934e-02 -3.0522628e-02 -2.1968562e-02 -2.5731441e-03
 -1.7617635e-02 -2.5614659e-02 -4.6338918e-03  1.5302653e-02  2.3939397e-02
  1.5163134e-02  3.5862589e-02  5.8627960e-02  6.7982968e-02  8.6252726e-02
  9.6422112e-02  7.7219128e-02  7.5752628e-03 -3.5594919e-02 -2.8689245e-02
 -1.5685038e-02  2.7281653e-02  3.3978566e-02  4.0510123e-02  6.5503664e-02
  3.7398332e-02  1.3734873e-02  1.2408925e-02  1.9774496e-02  3.2147249e-05
 -1.4202003e-02 -8.6793233e-03 -3.3892787e-02 -4.8013146e-02 -4.6340984e-02
 -4.8700406e-02 -3.1876479e-02  2.1121113e-02  5.7021941e-02  6.6211594e-02
  5.5722864e-02  7.1525718e-02  7.5435351e-02  3.2622648e-02  7.7718296e-03
  5.2970722e-03  1.1653455e-02  6.1575428e-03  5.8870826e-03  1.0910387e-03
  1.7181509e-02 -1.2020339e-02 -8.0196567e-02 -1.0467027e-01 -7.8867519e-02
 -5.8724073e-02 -4.6623123e-02 -3.1335972e-02 -4.4054939e-02 -4.5521439e-02
 -4.4914790e-02 -1.8790628e-02  1.7069894e-02  3.7068654e-02  5.4757599e-02
  3.4488069e-02  2.4489205e-02  4.9384566e-02  3.9225514e-02  1.0364713e-02
 -1.9899546e-03  1.9266027e-02  3.0160912e-02  2.1120079e-02  2.8577629e-02
  3.6215004e-02  4.8647699e-03 -2.9868439e-02 -2.9111936e-02 -1.2795444e-03
  1.6491148e-02  1.2863654e-02  3.3221029e-03 -4.0188712e-02 -5.2068499e-02
 -3.1937454e-02 -2.4365188e-02 -2.6939573e-02 -1.3494073e-02  7.5050899e-03
  2.4320749e-03 -1.2620787e-02  6.7955065e-03  2.6842426e-02  2.8061926e-03
 -4.4877585e-03  3.7547152e-02  5.6469032e-02  4.4058040e-02  3.5296245e-02
  2.2450161e-02  6.2335032e-03  1.3322516e-02  8.7653083e-03  7.2464113e-03
  1.9335269e-02 -2.0775932e-03 -1.8888809e-02 -2.9002387e-02 -4.5908992e-02
 -6.2862104e-02 -5.8065750e-02 -5.6301609e-02 -5.7171794e-02 -6.1103130e-02
 -6.2049793e-02 -6.1009084e-02 -5.5858249e-02 -4.4953029e-02 -5.5861349e-02
 -4.7544982e-02 -1.8014489e-02  8.6526596e-03  1.5727411e-02 -4.2584306e-03
 -1.8886742e-02 -1.0033381e-02 -2.1601678e-03 -3.6421699e-03  1.0221990e-02
  2.5977408e-02  5.1212782e-02  6.0213309e-02  4.3934023e-02  1.4203036e-02
  1.4952305e-03  3.5558748e-02  7.0511880e-02  9.3501514e-02  1.0894885e-01
  1.0028524e-01  7.4877275e-02  3.1477558e-02  3.2499664e-03  2.5851324e-02
  2.2870785e-02 -8.3046889e-03 -2.3284174e-02 -4.0688914e-02 -2.6455907e-02
 -1.4428334e-02 -2.0075237e-02 -4.8787218e-03 -1.3281177e-02 -2.3429894e-02
 -4.2026230e-02 -5.2149110e-02 -2.9041659e-02 -1.9564701e-02 -2.2626885e-02
 -1.8192247e-02 -7.8418991e-03 -9.0031108e-03 -1.8025858e-02 -2.5224006e-02
 -1.6703011e-02  9.0742138e-03  1.4846891e-02  2.7499716e-03  4.8259113e-05
 -1.3523010e-02 -2.6651233e-02 -2.4570850e-02 -3.0415147e-02 -4.9625366e-02
 -5.6612685e-02 -3.5380990e-02  5.1311996e-03  2.9584233e-02  3.6787549e-02
  3.0996993e-02 -1.1767138e-04 -1.4984343e-02  9.1689834e-03  2.6498279e-02
  4.6911462e-02  8.1102924e-02  8.3777555e-02  7.2714213e-02  5.6884489e-02
  3.5512242e-02  2.0197187e-02  2.8653073e-02  4.3643617e-02  5.2573868e-02
  4.1376174e-02  2.1574808e-02  1.1331011e-02 -9.4849164e-03 -2.1538636e-02
 -6.6417255e-03  5.2604872e-03  1.6882835e-02  1.8006222e-02 -6.7974701e-03
 -1.3940534e-02 -2.8012319e-02 -5.1001953e-02 -4.4245099e-02 -3.7909902e-02
 -4.4575811e-02 -5.4627381e-02 -7.1614597e-02 -5.9083722e-02 -3.3427724e-02
 -3.5633158e-02 -4.5122518e-02 -4.6540445e-02 -3.4042641e-02 -2.1039468e-02
 -2.8531123e-02 -3.3462862e-02 -2.4846787e-02 -1.7639338e-02 -7.5855975e-04
  1.4190635e-02  1.7397505e-02  1.4279513e-02 -2.5900931e-03  1.1873585e-02
  4.3664286e-02  6.4133277e-02  6.7322578e-02  6.3309598e-02  6.3961720e-02
  5.0375668e-02  2.7404636e-02  9.6946084e-03  3.2471760e-03 -1.7599033e-02
 -2.6943707e-02 -1.3321483e-02 -6.4945588e-03  3.4684429e-04  2.0492761e-02
  3.7666002e-02  2.4151259e-02  1.7478116e-02  2.3264538e-02  2.1540703e-02
  8.2972479e-03  4.6214901e-03  1.7002718e-02  2.5142361e-02  3.0039995e-02
 -3.7250545e-03 -2.9666911e-02 -2.9062329e-02 -1.4596790e-02 -3.7276382e-03
 -1.9440684e-02 -4.2199853e-02 -5.3513296e-02 -4.4982999e-02 -3.4175959e-02
 -3.3085644e-02 -3.1155114e-02 -1.7047157e-02 -1.4846891e-02 -8.4112401e-03
  5.1707816e-03  1.8718285e-03 -8.5224419e-03 -7.7421688e-03 -7.4466986e-04
 -2.1579975e-03 -1.0874216e-03  4.5666126e-03  4.2516096e-03  7.8097581e-03
  7.7663521e-03  9.8557270e-03  1.4827255e-02  1.3944668e-03  2.2979300e-03
 -5.9594258e-03 -1.3781379e-02 -3.3542440e-03 -1.4111057e-03  8.5991257e-03
  5.1723318e-03  4.5408791e-04 -2.4111987e-03 -1.3403127e-02 -2.2344746e-02
 -2.2228997e-02 -1.1993468e-02 -6.0945009e-03 -1.0799806e-03  2.3311045e-02
  3.7272248e-02  2.3617987e-02  8.8317607e-03  7.3446947e-03  9.7262327e-03
  1.1919058e-02 -1.0236459e-02 -1.7776790e-02 -5.0129701e-04  3.8234413e-03
  1.3593287e-02  2.6920970e-02  3.7708374e-02  3.2024266e-02  3.0053431e-02
  3.0408946e-02  2.0621945e-02  1.1781606e-02  2.0046300e-02  2.9202881e-02
  2.0153781e-02  1.1912857e-02  1.4148262e-02  5.5057306e-03 -1.1154287e-03
 -4.1605606e-03 -1.0905220e-02 -1.4295016e-02 -9.6159610e-03  2.8426742e-03
  2.3634522e-03 -6.8495572e-03 -1.5141431e-02 -1.1702029e-02 -5.3697254e-03
 -8.4932979e-03 -7.5616209e-03 -1.6395035e-02 -2.5430700e-02 -1.2748938e-02
 -3.8509317e-03  8.1921435e-03  1.7359267e-02  5.2359938e-03 -3.8563057e-03
 -1.0280175e-02 -2.4624590e-02 -4.2354874e-02 -4.3431755e-02 -2.8531123e-02
 -1.8551896e-02 -1.2268373e-02 -8.1669268e-03 -2.8111533e-02 -2.4779612e-02
 -2.7845930e-03  5.5807608e-03  1.3410362e-04 -1.8099234e-02 -1.2113351e-02
 -1.8387574e-02 -2.3393723e-02 -3.9435310e-03  1.8187080e-02  1.3031077e-02
 -3.3855582e-03  7.9440064e-05  1.2696231e-02  1.6631701e-02  2.6122095e-02
  2.3299677e-02  1.6364031e-02  1.5653001e-02 -6.4848441e-03 -9.9287936e-03
 -4.1508459e-04  1.3057947e-02  1.7121568e-02  2.9755790e-02  2.7128699e-02
  7.3616436e-03  3.7247445e-03 -1.0941392e-02 -1.2865721e-02 -6.9430866e-03
 -1.3518876e-03  1.3395893e-02  1.2989738e-02  7.1426504e-03 -3.8669505e-03
 -1.2620787e-02 -7.6578374e-03 -5.6408057e-03 -1.0508366e-02 -2.5534048e-02
 -3.1580906e-02 -1.6845630e-02 -3.1842375e-03  5.2046796e-03  3.0329368e-03
  2.0248861e-03  3.6327653e-03 -5.1987888e-03  1.6778454e-02  3.2085241e-02
  2.8333729e-02  3.1516830e-02  3.0138176e-02  1.9672182e-02  8.6149378e-03
  3.5525677e-03  6.4388545e-03  1.5535185e-02  5.9448538e-03 -3.7928504e-04
 -5.7870423e-03 -6.2861070e-03 -6.9344054e-03  9.8068437e-04  3.0129908e-03
 -2.4211201e-02 -4.3089675e-02 -2.7079092e-02  7.9554779e-03  6.7091080e-03
 -4.2334205e-04 -4.6842219e-03 -4.0476018e-03 -2.9207015e-03 -3.3278904e-03
 -8.8028235e-03 -1.2999039e-02 -1.3634626e-02 -1.7185643e-02 -2.4240138e-02
 -4.4112814e-02 -3.9324728e-02 -1.4525480e-02  8.4097932e-03  1.5815256e-02
  1.4742510e-02  2.0529966e-02  2.9200814e-02  2.5617759e-02  1.5192071e-02
  2.0455555e-03  8.8587344e-03  1.8086833e-02  1.1957297e-02  1.4659832e-02
  1.5422536e-02  5.5860316e-03 -3.2847945e-03  3.7064520e-03  3.6348322e-03
  5.7019874e-03  3.1446554e-03 -5.2815701e-03 -7.8954331e-03 -1.3777245e-02
 -1.0097767e-02 -4.9202675e-03 -1.0353345e-02 -2.1971662e-02 -2.3492936e-02
 -1.4337388e-03  2.3385455e-02  2.4624590e-02  1.3131324e-02 -1.5347092e-04
  1.8729653e-03  2.6461074e-03 -4.3020432e-03 -4.4796974e-03  2.1521067e-03
  2.1166586e-02  2.9146040e-02  2.6605761e-02  2.8152872e-02  2.6865163e-02
  1.9495458e-02  2.0339806e-02  2.7780821e-02  2.8909375e-02  1.2753072e-02
 -6.6568142e-03 -1.8372071e-03 -4.3665320e-03 -1.1813644e-02  7.3233017e-03
  1.4014944e-02 -6.8715702e-04  2.7177272e-03 -1.1447794e-02 -3.8572359e-02
 -4.2247393e-02 -2.7705377e-02 -2.5172332e-02 -2.9565631e-02 -2.2025403e-02
 -2.8890772e-02 -3.2785936e-02 -2.3012371e-02 -1.5331590e-02 -2.1805273e-02
 -2.0920619e-02 -2.1162452e-03  5.6021538e-04 -1.3905396e-02 -2.7064623e-02
 -1.3999442e-02  4.6448466e-03  6.5433387e-03  8.6759128e-03  5.5680491e-03
 -1.1574911e-02 -1.9787931e-02 -1.6002315e-02 -2.2447060e-02 -1.1841548e-02
  2.9692748e-02  7.0772315e-02  7.6015130e-02  6.3966887e-02  1.1662757e-02
 -5.9162266e-02 -1.0115439e-01 -1.1468464e-01 -1.0662354e-01 -3.7319788e-02
  3.0392410e-02  3.4869421e-02  1.0278418e-01  1.0802906e-01  6.5912919e-02
  4.5866620e-02 -2.0713924e-02 -4.3578508e-02 -2.9071630e-02 -1.7771623e-02
  1.9692851e-02  2.7118364e-02  1.2001736e-02  3.2304337e-02  2.1650252e-02
  3.1406248e-02  3.3200360e-02  1.7863602e-02  1.1338246e-02 -1.6655471e-02
 -4.0940048e-03  1.8483687e-02  8.2007214e-03  2.0172384e-02  2.5811019e-02
  2.4927398e-03 -1.9811701e-03  4.6701667e-03 -4.4081810e-03 -7.4619940e-03
 -1.4463472e-02 -1.2703465e-02  2.8013352e-02  3.6162297e-02  8.6406713e-03
 -2.2454295e-02 -3.5148459e-02 -4.3494796e-02 -4.2851975e-02 -2.5485475e-02
 -1.9946053e-02  1.3897128e-03  2.8469115e-02  1.5062887e-02 -1.2723101e-02
 -3.5920464e-02 -3.9496285e-02 -3.0829570e-02 -1.2974235e-02  3.1760730e-03
  5.1460816e-03  1.9863375e-02  1.9488224e-02  5.6169324e-03  2.9057161e-03
 -3.3639586e-03 -1.2374820e-02 -1.3352487e-02 -1.3105487e-02 -1.0799806e-02
 -2.4164694e-02 -3.3675758e-02 -3.8295388e-02 -4.0610370e-02 -2.4391025e-02
 -1.4283647e-02 -5.5969864e-03  3.6136460e-03  1.0522835e-02  1.9921249e-02
  4.6738872e-02  5.6031872e-02  2.1903453e-02  3.3264435e-03  9.7327436e-03
  1.5757382e-02  1.2336582e-02  4.1982824e-03  1.9683550e-03  7.0005477e-03
 -1.9906781e-03 -5.4859913e-03  6.8369488e-03  1.0453592e-02  2.0579572e-02
  2.8875270e-02  2.7584461e-02  3.6365891e-02  2.9227685e-02  1.1261769e-02
 -1.0690257e-02 -1.3652195e-02 -2.1143849e-02 -3.4998605e-02 -2.6841393e-02
 -5.1625138e-03  4.7251475e-04 -1.5477310e-02 -1.8244954e-02 -1.8706917e-02
 -1.3650128e-02 -1.2696231e-02 -1.3271876e-02 -8.3002449e-03  2.4773411e-03
  1.0008164e-02  7.5905582e-04  3.1452755e-03  1.4422133e-02  1.0366780e-02
 -1.4397330e-04 -8.3048956e-03  3.5976271e-03  3.7649466e-03 -3.5534978e-03
 -1.6157336e-03 -2.0315003e-03  8.8586311e-03 -3.3180724e-04 -9.9928690e-03
  6.3699218e-03  8.6869710e-03  7.0007544e-03  1.0909354e-02  1.8208782e-02
  2.2152520e-02  2.8745052e-02  3.4338215e-02  3.4951065e-02  2.4449933e-02
  1.6173872e-02  8.9006935e-03  8.3894338e-04 -5.7207966e-03 -1.9805500e-02
 -2.1218259e-02 -1.1761970e-02  6.6728331e-03  8.1531816e-03  5.5073842e-03
  8.1145296e-04  7.2029020e-03  1.6480814e-02  1.2667294e-02  8.9746902e-03
 -2.0299501e-03 -5.6292308e-03 -1.7479150e-02 -1.4830355e-02 -1.0781203e-02
 -1.8355536e-02 -1.8981821e-02 -2.1702959e-02 -1.9926417e-02 -2.5648763e-02
 -2.5293248e-02 -1.5265448e-02 -1.0236976e-02 -2.6793853e-03  1.6944843e-03
 -1.1219396e-02 -1.6307190e-02 -5.8353055e-03 -1.0782237e-02 -1.1041639e-02
 -1.4951272e-03  8.9790308e-03  6.7017703e-03 -4.0839801e-03 -7.6160850e-03
 -6.4669650e-03  1.3375223e-03  5.1228284e-04 -4.8339724e-03 -1.4765246e-03
 -7.6894617e-03 -3.4391955e-03  5.9559120e-03  9.2481475e-03  1.3734873e-02
  1.1999669e-02  2.4489205e-03  8.9233265e-05  5.8454336e-03  3.9824929e-03
  6.4226290e-03  5.8818119e-03  7.2560226e-03 -5.4771034e-04  7.7682124e-04
  3.5464702e-04  9.8544868e-04  6.5428220e-03  9.9605213e-03  1.3688366e-02
  1.6922107e-02  2.7221711e-02  9.8842509e-03  1.9526462e-03  4.2831306e-03
 -1.2094749e-02 -1.8539494e-03  1.2181561e-02  4.6939366e-03 -9.2235508e-03
 -7.9573382e-03 -5.7898327e-03  1.5528984e-03  2.3253170e-02  1.8260456e-02
 -3.0947386e-03 -5.3958723e-03 -2.1274067e-03 -9.9787104e-03 -1.0539370e-03
 -3.3182791e-03 -3.9422908e-03 -9.2232408e-03 -1.0990998e-02 -1.0054877e-02
 -1.5418402e-02 -6.6823410e-03  3.4976902e-03  2.1974763e-03 -5.8988642e-03
 -2.7388101e-03 -8.4425543e-03 -3.3271669e-03 -1.8560164e-04 -8.2664503e-03
 -6.6144418e-03 -2.5592956e-03 -1.1328945e-02 -1.0252684e-02 -3.2218559e-03
 -5.6425626e-03 -8.7717159e-03  3.3347113e-03  1.3860956e-02  1.6669939e-02
  2.5612592e-02  1.5849361e-02  1.5948574e-02  1.4650531e-02  1.3725571e-02
  1.0708860e-02 -3.8107295e-03 -1.3278077e-04  5.8207336e-03  1.0462893e-02
  1.1523238e-02  4.4970598e-03 -1.1936627e-02 -1.2181561e-02 -5.6231333e-03
 -1.1012701e-02 -1.4386995e-02 -1.3743140e-02 -8.1127727e-03 -1.7648639e-03
 -1.1059208e-03 -4.0423311e-03  2.2924525e-04 -1.7385104e-03 -4.6551813e-04
 -8.7941423e-03 -5.1624105e-03  2.6483811e-03  6.0917105e-04 -2.3294509e-03
  4.2956356e-03  9.4690009e-03  3.9642005e-03  6.6212627e-03  4.6881492e-03
  5.9516747e-03 -1.3905396e-03 -8.6136977e-03 -4.1068199e-04 -3.2065605e-03
 -2.4241172e-02 -1.1790907e-02  4.5757072e-03  2.0082471e-02  2.0936121e-02
  1.0062939e-02 -3.1566437e-03 -3.0612540e-02 -5.4385548e-02 -9.2514546e-03
  9.6097601e-04 -1.7057492e-02  2.5215738e-02  1.3239838e-02  1.5856595e-04
 -7.4876241e-03 -3.0984591e-04  5.9251145e-03 -1.4287781e-02 -3.7561621e-02
 -2.3404057e-02 -1.0374014e-02 -1.3781379e-02 -5.0458346e-03 -2.5234340e-03
 -9.6664979e-03 -1.6096361e-02 -1.8324532e-03  3.9495251e-03 -7.5216254e-03
 -3.9416707e-03  5.8908031e-03  5.7909695e-03  1.4546150e-02  2.1214126e-02
  1.7393371e-02  2.5737642e-02  3.3075309e-02  3.0389310e-02  2.1475595e-02
  1.2057544e-02  9.0725602e-03  1.3135457e-02  2.4669030e-02  2.2802575e-02
  1.3023842e-02  3.1113775e-03 -7.5296865e-03 -3.4903525e-03  8.3531588e-03
  8.0342287e-03  5.7846653e-03  1.3809283e-02  1.0557973e-02  9.2767747e-03
  1.3411395e-02  2.0553735e-03 -1.1976933e-02 -1.7237317e-02 -1.2319013e-02
  6.2159341e-04  2.7674373e-04 -4.8619795e-03 -1.3184031e-02 -1.2701398e-02
 -4.9172704e-03 -5.8452269e-03 -6.9030911e-03 -1.5795620e-02 -8.8347578e-03
 -6.7045607e-03 -1.2199130e-02 -1.2888457e-02 -1.2066845e-02 -1.9839605e-02
 -2.3932163e-02 -1.5559988e-02 -1.7057492e-02 -1.3461002e-02 -5.1609636e-03
 -7.2114798e-03 -1.2187762e-02 -1.2683829e-02 -7.5094305e-03 -3.1909550e-03
  1.5267515e-03  5.6482467e-03  2.0960924e-02  2.2990668e-02  1.4939903e-02
  1.6115997e-02  1.7056459e-02  1.2545344e-02  1.6474613e-02  2.3768874e-02
  1.2165025e-02  9.8631680e-03  1.5620963e-02  2.5661165e-02  2.2567977e-02
  1.5733612e-02  2.1946859e-02  2.0167216e-02  9.9808807e-03  1.0147477e-02
  5.3357241e-03  3.2468660e-04 -9.6092434e-04 -4.5351950e-03 -5.8663098e-03
 -7.2062091e-03 -5.6642656e-04 -6.8777710e-03 -1.8471285e-02 -2.3041308e-02
 -1.9524395e-02 -1.4760079e-02 -6.7395955e-03 -7.3877905e-03 -8.2835027e-03
 -5.8717872e-03 -5.3566003e-03 -1.3617056e-02 -2.0474158e-02 -1.7221815e-02
 -1.6932442e-02 -8.2854663e-03 -5.0026354e-03 -4.8862662e-03 -9.5962216e-03
 -1.2967001e-02 -1.0973429e-02 -6.5334174e-03 -6.5318672e-03 -7.5140811e-03
 -1.0172384e-03  6.9334753e-03  7.5394012e-03  2.4961503e-03 -3.7353893e-03
 -2.8972417e-03 -4.4646087e-03 -4.1726522e-03  3.4488069e-03  9.3838427e-03
  1.4424200e-02  1.3154060e-02  1.4474840e-02  6.9522845e-03 -3.9513854e-03
 -3.6940503e-03  4.5038807e-03  1.2131954e-02  1.1470530e-02  1.2488503e-02
  1.8113703e-02  1.1150153e-02  6.1603332e-03  3.4876655e-03 -2.7284753e-03
 -3.3640620e-03 -1.6800157e-04  6.9441200e-03  1.2823348e-02  1.4454171e-02
  3.3101146e-03 -1.4346689e-02 -1.5868997e-02 -2.0457622e-02 -1.6051922e-02
 -5.6823514e-03  1.2261138e-03  6.0794122e-04  3.6239807e-04 -2.7935842e-03
 -8.5781462e-03 -2.2660989e-03  3.6759645e-03  5.7515941e-03  5.9980777e-03
  2.0814171e-03 -1.3389692e-03 -6.8961668e-03 -6.5956325e-03 -2.9054061e-03
 -3.7030415e-04  4.0480152e-03  7.8807577e-04  8.1570054e-04 -1.9436550e-03
 -1.6274119e-04  4.1948719e-03  6.3139075e-03  4.6186997e-03  1.1809510e-03
  4.0675479e-04 -2.7882101e-03 -1.2456465e-03 -2.9279358e-03  7.7097178e-04
  5.3844007e-03 -4.1975589e-04 -1.4689803e-02 -2.0391480e-02 -1.9730057e-03
  4.3764533e-03 -4.7609057e-03 -1.3532312e-02 -1.6902471e-02 -2.1449758e-02
 -6.4986927e-03  7.4727421e-03 -2.8001984e-03 -1.4421099e-02 -5.5618483e-03
  5.8198034e-03  3.0798566e-03  4.0567997e-03  8.9084445e-03  4.4182057e-03
  1.4961606e-03  7.0830190e-03  6.3848038e-03  9.1147260e-03  1.3169562e-02
  1.4629861e-02  1.3105487e-02  1.3957069e-02  1.0623082e-02  9.1382892e-03
  9.2355391e-03  4.8249811e-03  3.9926210e-03  5.4096175e-03  2.7766352e-03
  5.0561693e-03  1.2914294e-02  8.9672492e-03  5.0697078e-03  2.1914821e-03
  1.0233772e-03  3.1992228e-03 -2.2301340e-03 -6.9678900e-03 -6.1823462e-04
  1.8131272e-03 -8.3104763e-04  2.6752514e-03 -3.0398611e-03 -9.6911979e-03
 -7.7083742e-03 -6.4949721e-03 -1.0298571e-02 -1.2296276e-02 -1.0157812e-02
 -1.5860729e-02 -1.7936979e-02 -1.0848379e-02 -1.5843160e-02 -1.5054619e-02
 -6.3819101e-03 -1.9824103e-03 -4.4356714e-03 -1.0035655e-02 -1.1535639e-02
 -8.9828547e-03 -7.9925797e-03 -6.2718451e-03 -1.1787807e-02 -1.7515321e-02
 -7.8521305e-03 -5.3776832e-04  6.5031366e-03  5.5303273e-03  3.0597038e-03
  2.6391831e-03  7.2120999e-03  1.2276640e-02  1.2428561e-02  1.2630089e-02
  8.8568742e-03  1.7259020e-02  1.6307190e-02  1.2558779e-02  1.9753826e-02
  2.7293021e-02  3.5811949e-02  3.7071754e-02  3.6500243e-02  2.9370304e-02
  1.9662881e-02  7.2319426e-03  7.6378913e-03  7.6417152e-03  6.9853557e-03
  8.4505121e-03  5.6658158e-03  2.7078058e-03 -2.6624363e-03 -3.2950259e-03
 -3.6827854e-03 -5.0631969e-03 -1.2151590e-02 -1.3998408e-02 -1.8176745e-02
 -2.1903453e-02 -2.5684935e-02 -2.5242608e-02 -2.1409452e-02 -2.2295140e-02
 -2.0663284e-02 -2.2086378e-02 -2.1813541e-02 -2.1266833e-02 -1.4868594e-02
 -7.8403489e-03 -8.0249274e-03 -1.2911194e-02 -1.3446533e-02 -1.1812610e-02
 -6.1167206e-03 -6.2000186e-04 -3.6451670e-03 -2.4268042e-03 -3.3952729e-03
 -2.3178760e-03  2.3332748e-03  1.4103823e-03  3.3286138e-03  1.1232831e-02
  1.2270440e-02  8.9253935e-03  7.1811990e-03  5.6233400e-03  1.1624518e-02
  1.1789874e-02  3.5503974e-03  8.0799082e-03  4.2425151e-03  5.2658612e-03
  9.6481020e-03  9.6921280e-03  1.4169965e-02  1.0266946e-02  9.1515177e-03
  7.6302436e-03  9.9563874e-03  1.2797511e-02  1.0965162e-02  2.7838695e-03
 -1.2398590e-03  4.5578281e-03  6.1316026e-03  3.7394198e-04 -5.0342597e-04
 -4.3605378e-03 -9.4749951e-03 -2.1728796e-03  3.2039768e-03 -2.8543525e-03
 -7.5620343e-04  6.2682279e-03  3.9754653e-04 -7.8871653e-03 -1.3703868e-02
 -3.9872469e-03 -5.5256767e-03 -1.8992156e-02 -1.7129835e-02 -1.7055425e-03
  1.7866702e-02  1.1331011e-02 -1.5524850e-03  4.3143415e-03 -2.7272351e-04
 -7.8555410e-03 -5.9823689e-03 -1.4566819e-03 -6.9329585e-04 -4.6718203e-03
 -6.0885067e-03  5.6276806e-03  4.7549116e-03 -1.1567677e-02 -7.6396482e-04
  8.0958237e-03 -1.2591850e-03 -5.1163175e-03  1.0584843e-03  1.3039344e-03
 -3.4894224e-03  1.4176166e-03 -7.8118250e-03 -3.7739378e-03  3.3654055e-03
 -1.5385331e-03  5.8760244e-03  5.6901024e-03  6.0221577e-03  6.2567563e-03
  4.6536311e-03  4.6583851e-03  1.5576524e-03  2.0024597e-03  6.3806699e-03
 -2.9269024e-03 -7.9520675e-03 -3.0992859e-03 -1.9717655e-03 -7.6059569e-03
 -8.8722729e-04  1.3779312e-03 -3.5042011e-03 -9.6281560e-03 -9.4954579e-03
  7.4276826e-04 -2.3167392e-03 -1.7507053e-03  6.5323839e-04  4.6023708e-03
  3.7120327e-03  1.9181282e-03  6.4111574e-03 -6.2521057e-04 -2.6684305e-03
 -4.5750871e-03 -8.2828826e-03 -2.3180827e-03  6.4490859e-04 -7.0044749e-04
  7.0217340e-04 -1.0723329e-03 -6.3012991e-03 -4.3005963e-03 -2.1957193e-03
  3.8771819e-03  5.2818801e-03  5.6919627e-03 -3.2927522e-03 -3.1710090e-03
  6.0595695e-03  7.1001747e-03  1.0206281e-02  4.7344488e-03 -7.4248923e-05
 -8.1379895e-03 -2.2818078e-03  8.3941877e-03  8.5546863e-03  1.0022633e-02
  5.5498600e-03 -5.5956429e-03 -1.2248737e-02 -6.8474902e-03 -4.1685183e-03
 -5.5681525e-03 -2.1265799e-04  3.8858631e-03 -1.5491779e-03 -3.7484110e-03
  2.1487996e-03  2.6887899e-03  5.3373777e-03  5.1167309e-03  4.4014634e-04
  5.6200329e-03  7.5080869e-03  3.2629882e-04 -4.0771592e-03 -4.4235797e-03
 -6.6251899e-03 -4.8542285e-03 -2.6326723e-03 -4.0994822e-03 -4.0169076e-03
 -1.9035562e-03 -2.0009095e-03 -2.0656049e-03 -4.7115057e-03 -3.0447184e-03
  5.8995876e-04 -3.5513275e-03 -2.7622699e-03 -3.4468433e-03 -4.1725489e-03
 -3.4615186e-03  5.1575531e-03  3.9874536e-03 -1.2558779e-04  4.3714926e-03
  2.0116576e-03 -1.2259071e-03 -5.2784696e-04  5.8654830e-03  2.8663408e-03
  4.1017559e-03  4.6328583e-03  2.0020463e-03  3.7403499e-03  5.6887589e-03
  5.2793998e-03  6.2742221e-03  4.3174419e-03 -2.0344974e-03 -6.6251899e-04
  5.7073614e-04  2.4607021e-03  2.5149595e-03 -1.7780924e-03  1.5506247e-04
  7.7166420e-05 -3.1388679e-03  2.7928608e-03  2.3508438e-03  5.0230981e-03
  9.2604458e-03  9.3359928e-03  5.0536890e-03  2.6091090e-03  3.6757578e-03
  1.0012195e-02  8.3934643e-03  5.0019119e-03  7.1236345e-03 -2.3187028e-03
 -3.5127789e-03 -6.1176507e-03  2.8674776e-03  1.6256550e-03 -1.5318155e-03
  2.6638832e-03 -6.8046010e-03 -7.9489670e-03 -6.7503436e-03 -7.1751015e-03
 -9.0129288e-03 -3.9156272e-03 -6.8912062e-03 -1.3256374e-02 -1.5482477e-02
 -1.7915276e-02 -1.6786722e-02 -1.4518246e-02 -1.1171856e-02 -1.1470530e-02
 -1.3424830e-02 -9.6763159e-03 -6.5100609e-03 -4.4686392e-03 -1.8658344e-03
 -6.1742851e-03 -5.9359659e-03 -7.7283203e-03 -2.4511942e-03  1.5559988e-03
 -1.7036823e-03 -1.8271824e-03 -3.6108556e-03  2.0844142e-03  2.3812280e-03
  1.3496140e-03  3.3368816e-03  5.5842747e-03  4.0518391e-03 -9.8260663e-04
  2.0817271e-03  5.8981408e-03  6.9469104e-03  8.0347454e-03  9.0640857e-03
  1.0253718e-02  4.7511911e-03 -4.8046217e-04  1.6974814e-03  5.2147043e-03
  1.3085851e-02  1.7541158e-02  1.1969699e-02  1.6442575e-02  1.4949205e-02
  1.0670621e-02  9.4227013e-03  6.2736020e-03  4.7218404e-03  8.5756658e-04
 -1.0388483e-03  8.8562541e-04  6.7758704e-03 -7.0373394e-05 -3.1436219e-03
 -3.8371865e-03 -2.4026209e-03  7.4398776e-04  4.7299015e-04  7.8064509e-04
  9.8420851e-04  1.6688542e-03  6.0909871e-04 -4.6594186e-03 -6.5797170e-03
 -1.8119904e-03  1.8605637e-04 -2.7636134e-03 -9.4387201e-03 -8.5455917e-03
 -7.3584399e-03 -7.4430814e-03 -5.2066432e-03 -2.8380236e-03 -4.4873451e-03
 -5.4692490e-03 -5.4764833e-04  3.2231994e-03 -2.1429088e-03 -3.6904331e-03
  4.2499561e-04  2.8184909e-04  3.4460165e-04  2.4163661e-03 -5.4440322e-05
 -2.2565910e-04  4.2255661e-03  2.8427776e-03  2.4765143e-03  6.8626823e-03
  5.4193322e-03  9.6601937e-05  2.2637220e-03  3.4295842e-03  4.0341667e-03
  3.9310259e-04 -7.1872965e-04  2.4431331e-03 -1.8674879e-03 -5.8769546e-03
 -4.0565930e-03 -3.3263402e-03  6.6558841e-04 -9.1441800e-04 -7.6066804e-04
  5.9597358e-04 -2.5985676e-03 -3.2142082e-03 -3.7343558e-03 -2.9954217e-03
 -4.7639028e-03 -7.8761071e-03 -6.0231912e-03 -2.9696882e-03 -3.4921094e-03
 -1.1776439e-03  6.4710989e-04  6.2971652e-04 -2.6190304e-03  1.5093891e-03
  6.3639276e-03  2.9721685e-03  6.9315117e-03  5.7829084e-03  6.6104112e-03
  5.0524488e-03  1.6758818e-03  2.6286417e-04  6.3993758e-04  2.2652722e-03
  6.8766342e-03  1.4587489e-02  7.9995039e-03  2.7245481e-03  6.0965678e-03
  1.4532715e-02  9.3992414e-03  2.5032813e-03 -1.4931636e-03  2.3709966e-03
  1.2722068e-03 -9.8218290e-03 -7.9316047e-03 -7.3861370e-03 -8.1378861e-03
 -1.0747099e-02 -3.3332644e-03  6.4352373e-04 -4.1828836e-03 -1.6233813e-03
 -1.5583758e-03  1.4059383e-04  6.4860843e-03 -6.2876572e-04 -8.4869937e-03
  3.5515342e-04  3.3024669e-03  3.9049824e-03  4.7219438e-03 -4.3216792e-03
 -1.0220853e-02 -7.3298126e-03 -8.4393506e-03 -3.7821023e-03  5.5948161e-05
 -8.5428013e-04  4.2082037e-03  1.8611837e-03 -4.9886835e-04  9.4928742e-05
 -1.1901489e-03 -2.0180651e-03  1.2695197e-03 -3.7751780e-04 -1.2963901e-03
 -1.4126559e-04  2.1278201e-03  6.9866992e-03 -1.7276589e-03 -2.3864987e-03
  3.5733405e-03  1.2696231e-03  2.9448848e-03  3.4303077e-03  4.2408615e-03
  5.6408057e-03  6.2693647e-03  6.6984632e-03  6.9347154e-03  2.1820775e-03
 -1.1120183e-03  4.0892508e-03  6.2612003e-04 -4.9782454e-03 -3.4568680e-03
 -7.7759635e-03 -6.4453654e-03 -9.8404316e-04 -1.5562055e-03 -8.8866382e-04
 -2.2127717e-03 -1.8248054e-03  2.7891403e-03 -2.3795744e-03 -3.5194965e-03
 -3.6603590e-03 -3.5585618e-03 -5.6280940e-03 -7.6392348e-03 -5.5694960e-03
 -4.3645684e-03 -1.8636641e-03 -2.6264714e-03 -1.6229679e-04 -8.6379843e-05
 -1.5752214e-03 -4.7547049e-03  4.1502258e-05 -1.4272279e-04 -3.3119749e-04
 -2.7085293e-03 -4.6438131e-03 -3.0400678e-03 -3.5667263e-03  2.9934581e-03
  3.3682992e-03  4.1594237e-03  3.5136057e-03  3.4270005e-03  1.8774093e-03
 -2.0321204e-03 -4.2967725e-03 -2.5327353e-03 -7.0570788e-04 -1.6179039e-04
  8.2654169e-04  1.1451928e-03  2.0922686e-03 -1.1758870e-03 -9.6345635e-04
  6.1214746e-04  8.8089209e-04 -4.8223975e-04 -3.0720021e-03 -2.4521243e-03
 -5.5143085e-03 -4.1987991e-03  1.7610401e-03  4.0689947e-03  7.4108370e-03
  6.8691932e-03  9.1164829e-03  1.0781203e-02  7.3784893e-03  7.7513668e-03
  7.3005653e-03  7.4480421e-03  4.5028472e-03  4.9949876e-03  1.0092806e-03
 -4.1550831e-03 -1.2747905e-03 -7.6330340e-04 -5.6172425e-04 -1.0883517e-03
  3.2200990e-03  2.4225669e-03 -3.8990916e-03 -3.0538130e-03  4.2561569e-03
  4.6635525e-03  9.1222703e-04  1.5169335e-03 -2.1650252e-03 -1.5193105e-03
 -1.7098831e-03 -6.1352198e-03 -6.7355649e-03 -8.9482333e-03 -4.2063435e-03
  2.6240944e-04 -2.2471864e-03 -6.5858145e-03 -8.7140480e-03 -5.8770579e-03
  1.2790277e-03 -2.3619020e-03 -7.2141669e-03 -3.6036213e-03 -3.3973398e-04
 -1.2477134e-03 -1.2325214e-03 -9.2041215e-04 -3.7638098e-03 -1.1999669e-03
 -2.3051643e-03 -3.7353893e-03 -2.0016329e-03 -7.4542429e-03 -8.8328976e-04
 -2.8943479e-03 -2.8965182e-03  3.9452879e-03 -2.9363070e-04  5.0175174e-04
  2.0578539e-03  5.4907452e-03  5.2870475e-03  3.3409121e-03  3.5468836e-03
  7.5843573e-03  7.3395273e-03  6.5680388e-03  7.1359329e-03  9.7105239e-03
  6.1542357e-03  5.5170988e-03  3.3824578e-03  3.2590610e-03  3.0943252e-03
 -3.0214653e-03 -2.3842250e-03 -2.7222745e-03 -2.9151208e-03 -1.8379306e-03
  4.7286613e-03  5.1101167e-03  5.1535226e-03  2.0718058e-03 -3.7948140e-03
 -1.3913664e-03 -1.9828237e-03 -1.0791538e-03 -1.5580657e-03 -3.6823720e-04
  1.7122601e-03 -3.9854900e-03 -5.3073036e-03 -2.0628146e-03 -1.6553157e-03
 -2.0279865e-03 -1.8025858e-03 -2.0647782e-03 -2.0083505e-03 -1.9824103e-03
 -2.0278831e-03 -1.9908848e-03 -6.0171970e-04  4.2202954e-03  3.6135426e-03
 -9.2889697e-04 -3.6767913e-03 -2.2441893e-04 -3.9779457e-03 -7.6902884e-03
 -8.4880272e-03 -7.7336944e-03  1.0089085e-03  8.1175267e-04  1.6309257e-03
 -2.9591468e-03 -2.9591468e-03  1.3449634e-03  3.9412573e-03  5.5991567e-03
  5.6101115e-03  5.4063104e-03  3.7159599e-03  5.4150949e-03  3.7745579e-03
  4.3120679e-03  3.8634367e-03  4.4507601e-03  3.0205351e-03 -1.3708002e-04
  1.8567398e-03  2.8537324e-03  4.8280816e-03  5.3221856e-03  4.3035934e-03
  5.3677618e-03  4.7911865e-03  7.9380122e-03 -8.7591075e-04 -3.6975641e-03
 -4.1179814e-03 -6.2938581e-03 -4.8793419e-04  1.2436829e-03  2.2839780e-03
 -1.0058391e-03 -6.2158308e-03 -6.2613036e-03 -1.5324356e-03 -4.7160530e-03
 -8.4415209e-03 -6.6080342e-03 -3.2076973e-03 -3.9640971e-03 -1.4826221e-03
  3.7143064e-03  3.6558117e-03  2.3055777e-03  1.4322919e-03 -4.3642583e-05
  2.9232852e-03 -1.6560391e-03 -1.4220605e-03 -3.0213619e-03  4.2386912e-03
  1.1938694e-02  1.0800839e-04 -6.7772140e-03 -1.2860553e-02 -1.4307417e-03
  4.3510299e-04  3.0617708e-03  2.8970350e-03  1.4601957e-03 -8.5131406e-05
 -1.2004837e-02 -1.1621418e-02 -9.3065388e-03  1.4662932e-04  3.1893015e-03
  5.5884086e-03  3.8002914e-03  5.6424593e-03  6.9687167e-04 -1.3966371e-03
  5.6401856e-03  4.9574725e-03  3.9257552e-03 -3.6203636e-03 -2.3332748e-03
 -3.2131747e-03  2.9654510e-03  4.3134114e-03  7.0498445e-04 -2.4093385e-03
 -3.3326444e-03 -2.9058195e-03 -2.7303356e-03 -2.1603745e-03 -6.0917105e-03
 -4.1478488e-03 -6.0891268e-04 -1.4542016e-03 -2.7763252e-03 -2.2822211e-03
 -1.4327053e-03  3.9764988e-03  5.5432457e-03 -1.8317297e-03  4.5202096e-03
  3.4191461e-03 -2.3044408e-03  4.1688284e-03  4.8990812e-03  4.5760172e-03
 -1.7305526e-03 -8.3781689e-04 -1.0567274e-03  6.3350937e-04  4.5451163e-03
  5.9017579e-03  3.7322888e-03 -2.1344343e-03 -1.6859065e-03  2.3414392e-04
  9.2972375e-04  1.0444291e-03  1.3802048e-03  8.7305836e-04  5.5436591e-04
  9.8552103e-04  4.0432612e-03  1.4945071e-03 -4.3374913e-03 -4.7601823e-03
 -3.8544455e-03 -5.8939035e-03 -2.9162576e-03 -3.3195192e-03  1.5653001e-03
  4.6446399e-03  1.0103864e-02  5.6286107e-03  2.3080580e-03  6.7823813e-04
 -4.2912950e-03  3.0120606e-03  4.4856915e-03  4.1777162e-03  3.4169758e-03
  2.9172911e-04 -3.5357220e-03  3.3915524e-04 -1.9473755e-03 -5.0378768e-03
  1.7624870e-04  3.5222869e-03  4.3283968e-03  2.2411922e-03 -2.5397629e-03
 -6.9132192e-04 -6.8050144e-04 -2.2843914e-03 -3.0494724e-03 -3.0560866e-03
 -5.0760120e-03 -3.6089954e-03 -2.3565279e-03 -3.2905819e-03 -2.7554490e-03
 -3.6830955e-03 -3.1436219e-03 -3.6399996e-03 -2.8751253e-03 -2.9943882e-03
 -2.1600645e-03 -2.7344695e-03 -2.8581763e-03 -2.5179566e-03 -1.3824785e-03
 -1.6426039e-03 -6.8692965e-04  2.2148386e-03  1.6317525e-03  3.6883662e-03
 -5.9843325e-04  6.7362884e-04 -5.8944203e-05  2.2143219e-03  5.5886152e-03
  6.2234785e-03  6.9343020e-03  3.1200587e-03  5.5775571e-03  3.0461653e-03
 -1.5482477e-03  9.2011244e-04  4.5913126e-03  2.8900073e-03  4.1773028e-03
  2.7448042e-03  2.9231819e-05  4.9617098e-03  3.9669908e-03  4.2335238e-03
 -2.3112618e-03  3.3263402e-04  5.9782350e-03  7.4876241e-04 -2.4933599e-03
 -6.1169273e-03 -5.0440777e-03 -3.7718709e-03 -5.3886380e-03 -7.1634233e-03
 -1.8495055e-03 -2.9308296e-03 -4.4933393e-03 -5.3926685e-03 -6.0557456e-03
 -5.9776149e-03 -7.1673505e-03 -4.8157832e-03 -2.6225442e-03  8.3212245e-04
 -2.6612995e-03  2.8331663e-05  2.1783570e-03 -4.3794504e-03 -4.5331280e-03
  2.9547028e-04  1.8105435e-03  3.6635628e-03 -3.9235849e-03 -8.3512986e-04
  1.0917622e-03 -4.0703383e-03 -2.9735121e-03 -2.0153781e-03  4.6837052e-03
  2.6467275e-03  4.2779632e-04 -2.3503271e-03 -3.4878722e-03 -2.6683271e-03
  1.8504356e-03  2.8043323e-03 -3.7459307e-04  1.4367359e-04  8.6568969e-04
  5.1709883e-04 -3.7953308e-03  1.1657589e-03  5.2382675e-03  6.1250917e-03
  6.7322578e-03  6.3619640e-03  8.8026168e-03  1.0808074e-02  5.5700127e-03
  2.2980333e-03  4.4072509e-03  2.5980509e-03  3.0340736e-03  3.2708426e-03
  3.7459307e-03  2.8551793e-04  3.4879755e-04  2.4709335e-03 -3.3300607e-03
 -3.6004175e-03 -5.3292132e-03 -7.4292329e-04  1.3757609e-04 -2.8308926e-03
 -5.5253666e-04 -4.8060686e-03 -3.2018065e-03 -3.8729447e-03  3.8299522e-03
  3.6092021e-04 -1.9118240e-03  3.9186242e-03  2.4716570e-03  5.8260043e-04
  1.4350823e-03  3.9562427e-03  6.2601668e-04  5.5531671e-04 -1.0997199e-03
 -4.9759717e-03 -4.4594413e-03  3.9805293e-04  4.6163227e-03  9.4391335e-03
  2.2514236e-03 -5.8421265e-03 -5.8801583e-03 -7.9858621e-03 -5.4710059e-03
 -2.0134145e-03 -6.9427765e-03 -5.4790670e-03 -6.4987960e-03 -4.0402642e-03
 -3.9763954e-03  1.5528984e-04  1.2246670e-03  9.7214787e-04  3.4069511e-03
 -2.6297785e-03  1.5410134e-03  3.0246690e-04 -1.7314827e-03 -5.2888044e-03
 -4.9475512e-03 -1.1939728e-02 -3.6448569e-03  3.3454594e-03  2.1438389e-03
  3.3499034e-03 -7.5476690e-03 -7.3449014e-03 -4.3919554e-03  1.8139540e-03
  2.1900352e-03  3.0387243e-03  7.5366108e-04 -3.5123655e-03  1.0422588e-03
  3.9714348e-03 -9.0996373e-04  1.3214002e-03  1.8321431e-03 -4.8090656e-03
  3.7505813e-03  1.1614183e-02  5.0081128e-03  1.1778506e-03  5.7954134e-03
  1.0766735e-03 -3.6550883e-03  4.4647120e-03  5.6558944e-03 -1.8194314e-03
  2.4948068e-04  1.8785461e-03 -4.9085892e-04  6.7835182e-03  8.1224874e-03
  1.3860956e-03 -8.8460227e-03 -8.3958413e-03 -4.3372846e-03 -4.0540094e-03
  8.0421864e-04  1.8719319e-03  1.5875198e-03  1.0125670e-03  3.4911793e-03
  4.4116948e-03  7.1395500e-03  7.2040388e-03  4.6960036e-03  3.3344013e-03
  4.6514608e-03  6.3803599e-03  6.4642780e-03  3.8825560e-03 -5.6319178e-03
 -1.5690206e-03  4.3034900e-03  5.9477475e-03  3.1884747e-03 -3.0103037e-03
 -5.6417358e-03 -5.5730098e-03 -6.0524385e-03 -7.3338432e-03 -4.2569837e-03
 -4.3398683e-03 -4.0912144e-03  4.6377156e-03  1.2454398e-03 -3.2541003e-03
 -3.1464123e-03  4.8308719e-04  1.8561197e-04 -2.0341873e-03 -3.2701192e-03
 -3.3095979e-03 -3.6462004e-03 -3.3173489e-03  1.3307014e-03 -4.5646490e-03
 -2.0621945e-03 -2.3077480e-03  1.5708808e-03  3.1414516e-03  4.2591540e-03
  1.8636641e-03 -2.2156654e-03  2.9975920e-04 -3.6415498e-04  5.6859685e-03
  3.6090987e-03  5.2748525e-03  2.9271091e-03 -3.1585039e-04  5.5673257e-03
 -3.2301237e-03 -3.9720549e-03 -3.8450409e-03 -1.0242350e-03  3.8446275e-03
  5.2653445e-03  5.7065347e-03  3.4799144e-03  5.9300751e-03  5.3916351e-03
  7.2371100e-03  7.2122033e-03  3.4684429e-03  4.3235394e-03  6.0907804e-03
  4.0295160e-04  1.0095700e-02  1.7553560e-02 -7.0751646e-03 -2.2729199e-02
 -1.0100764e-02  3.0418247e-03 -4.6291378e-03 -1.0856647e-02 -1.3166462e-02
 -1.0502165e-02 -7.7235663e-03  2.2013001e-03  2.4495406e-02  4.9183039e-02
  4.0944182e-02  3.7576090e-03  2.6016680e-04 -1.2018272e-02 -3.3759469e-02
 -2.7659904e-02 -7.2539556e-03  6.7965399e-03  1.0764668e-02  8.0279245e-03
 -9.4677608e-03 -1.2427528e-02 -2.7316791e-03 -1.1275204e-02 -1.6322692e-02
  4.4957162e-03  8.7389547e-03 -3.3627185e-03  1.7834665e-02  1.8886742e-02
 -3.2095576e-03 -4.7421999e-03  8.1845992e-04  3.2430421e-03  9.9586610e-03
  3.7837559e-03 -1.8319364e-02 -1.6178006e-02 -1.7512221e-03 -5.8869793e-03
  3.0908114e-03  5.3048232e-03  1.4067651e-02  1.7631070e-02 -1.8371038e-03
  6.7992270e-04  1.8424779e-03 -5.5795207e-04 -1.2758239e-02 -1.3676998e-02
  2.2615517e-03  1.4354957e-02 -1.1039572e-02 -1.5884499e-02  5.7005405e-03
 -5.3518463e-03 -1.5516582e-02 -2.7574126e-03  1.3693534e-02 -7.8960532e-04
  2.7405670e-03  2.7274418e-03 -7.2549891e-03 -3.8744949e-03 -7.9756307e-04
  2.4180197e-03  4.1317266e-03  3.8145534e-03 -1.1315509e-02 -1.2196029e-02
  1.0726429e-03  2.7704344e-03 -4.4754602e-03  5.9214973e-03  9.0279141e-03
 -1.0227364e-03 -4.2077903e-03 -2.5732475e-03 -6.1638470e-03 -8.4195079e-03
 -3.1096206e-03  1.7645539e-03  7.7132316e-03  7.4406011e-03  7.0284515e-03
  4.7397195e-03 -1.3980839e-03  1.8154008e-03  5.8162896e-04 -5.8254875e-03
 -8.9812011e-03 -6.8021207e-03  4.6893893e-03  4.4021868e-03  1.4211304e-03
  1.7426442e-03  7.4016391e-03  1.1175990e-02  8.5426980e-03  1.0593111e-02
  1.5630264e-03 -1.2898792e-02 -1.7711681e-02 -9.8862145e-03 -1.0877316e-02
 -1.1865318e-02  1.0547638e-03  2.5342855e-03  6.8094584e-03  1.1370283e-02
  1.4792117e-02  2.3333781e-03 -2.9363070e-03  9.7401846e-04 -1.0262502e-02
 -5.0082161e-03 -8.9915358e-04 -8.1524581e-03 -1.4935770e-02 -1.3865090e-03
  2.7635101e-03  1.3069315e-03  6.3668213e-03 -2.8924877e-04  2.8393671e-03
  7.9855520e-03  3.5916330e-03 -7.0959374e-03 -1.0739864e-02 -5.9913602e-03
 -8.5677081e-03  5.4718327e-03  1.4177199e-02  9.0633623e-03  9.7481423e-03
 -3.1029030e-04 -3.1930220e-03 -4.9533386e-03 -4.8088589e-03 -6.3115305e-03
  1.6519052e-03 -4.4936493e-04 -1.8723453e-03  5.1976519e-03  3.2714627e-03
  4.1061998e-03  1.8611837e-03  1.4299149e-03 -4.9938508e-03 -3.0957721e-03
 -1.0783270e-02 -8.9635287e-03 -7.6318971e-03 -7.6887382e-03  6.7955065e-04
  2.9342400e-03  4.0552495e-03  5.4167485e-03  5.3128843e-03  2.8164240e-03
  4.4309174e-03  6.0689741e-03  8.3352797e-03 -3.9038456e-04 -7.4664379e-04
  1.5148665e-03  5.9478509e-04 -3.9100464e-03 -1.4974008e-03  3.2782836e-04
 -8.1219706e-03 -8.7548702e-03 -6.0399334e-04  6.7076611e-03  6.7547876e-03
  7.7183989e-03  5.0041856e-03  2.8921776e-03 -5.7129422e-03 -6.7222331e-03
  1.9794132e-03  1.1365116e-03 -2.0319137e-03  2.7791156e-03  6.5886049e-03
