Scaled from
PEER NGA STRONG MOTION DATABASE RECORD
ACCELERATION TIME SERIES IN UNITS OF G
NPTS= 2999.000000, DT= 0.020000, Scalar= 1.000000
  3.5895072e-05  6.7680445e-05  5.7243243e-05  6.1312401e-05  5.9502385e-05
  6.0626391e-05  5.9542130e-05  6.0705087e-05  5.9710652e-05  6.0761526e-05
  6.0002385e-05  6.0891097e-05  6.0255962e-05  6.0930048e-05  6.0250397e-05
  6.0609698e-05  5.9620827e-05  5.9395866e-05  5.7872019e-05  5.6837838e-05
  5.4437997e-05  5.2313196e-05  4.8778219e-05  4.5298092e-05  4.0240064e-05
  3.4972973e-05  2.8014308e-05  2.0561208e-05  1.0949126e-05  4.3824324e-07
 -1.2372019e-05 -2.6564388e-05 -4.3252782e-05 -6.1678060e-05 -8.2972973e-05
 -1.0631161e-04 -1.3293323e-04 -1.6159777e-04 -1.9379173e-04 -2.2791733e-04
 -2.6441971e-04 -3.0476153e-04 -3.4893482e-04 -3.9297297e-04 -4.4143879e-04
 -4.9171701e-04 -5.4126391e-04 -5.9368839e-04 -6.4899046e-04 -7.0361685e-04
 -7.5882353e-04 -8.1184420e-04 -8.6756757e-04 -9.2774245e-04 -9.8394277e-04
 -1.0363275e-03 -1.0898251e-03 -1.1411765e-03 -1.1903816e-03 -1.2349762e-03
 -1.2733704e-03 -1.3069157e-03 -1.3269475e-03 -1.3298887e-03 -1.3359300e-03
 -1.3441971e-03 -1.3471383e-03 -1.3484102e-03 -1.3485692e-03 -1.3415739e-03
 -1.3380763e-03 -1.3391097e-03 -1.3199523e-03 -1.2829889e-03 -1.2415739e-03
 -1.1924483e-03 -1.1394277e-03 -1.0884738e-03 -1.0298887e-03 -9.6009539e-04
 -9.0389507e-04 -8.5588235e-04 -8.0166932e-04 -7.4284579e-04 -6.7790143e-04
 -6.0069952e-04 -5.2459459e-04 -4.5413355e-04 -3.6869634e-04 -2.7415739e-04
 -1.8465819e-04 -1.0224165e-04 -1.1240859e-05  8.3569157e-05  1.5325119e-04
  2.4194754e-04  3.6368045e-04  4.7934817e-04  5.9495231e-04  7.1748013e-04
  8.4014308e-04  9.4825119e-04  1.0340223e-03  1.1220191e-03  1.2108108e-03
  1.2945151e-03  1.3835453e-03  1.4782194e-03  1.5914149e-03  1.7251192e-03
  1.8483307e-03  1.9569157e-03  2.0537361e-03  2.1352146e-03  2.1854531e-03
  2.2170111e-03  2.2655803e-03  2.3114467e-03  2.3523052e-03  2.4077901e-03
  2.4689984e-03  2.5301272e-03  2.5707472e-03  2.5812401e-03  2.5812401e-03
  2.5662957e-03  2.5310811e-03  2.4897456e-03  2.4465819e-03  2.4205882e-03
  2.4183625e-03  2.4124006e-03  2.3997615e-03  2.3851351e-03  2.3562003e-03
  2.3127186e-03  2.2439587e-03  2.1523052e-03  2.0697933e-03  2.0014308e-03
  1.9390302e-03  1.8894277e-03  1.8533386e-03  1.8209062e-03  1.7978537e-03
  1.7872019e-03  1.7569952e-03  1.7217806e-03  1.7000795e-03  1.6640700e-03
  1.6225755e-03  1.5825119e-03  1.5228140e-03  1.4655803e-03  1.4319555e-03
  1.4050079e-03  1.3760731e-03  1.3461844e-03  1.3114467e-03  1.2724165e-03
  1.2259141e-03  1.1686804e-03  1.1004769e-03  1.0155008e-03  9.2543720e-04
  8.3561208e-04  7.1899841e-04  5.9471383e-04  4.8123211e-04  3.5793323e-04
  2.2527822e-04  8.0993641e-05 -6.1632750e-05 -1.8522258e-04 -3.1314785e-04
 -4.6292528e-04 -6.3596979e-04 -8.2972973e-04 -1.0372019e-03 -1.2360890e-03
 -1.4117647e-03 -1.5593005e-03 -1.6736884e-03 -1.7227345e-03 -1.6729730e-03
 -1.6378378e-03 -1.6743243e-03 -1.7288553e-03 -1.9124801e-03 -2.1903021e-03
 -2.3752782e-03 -2.5434817e-03 -2.7117647e-03 -2.5874404e-03 -2.0523052e-03
 -1.7260731e-03 -1.9946741e-03 -2.0317965e-03 -1.7887917e-03 -2.3700318e-03
 -3.3331479e-03 -3.4453100e-03 -2.7039746e-03 -1.5624006e-03 -1.1356121e-03
 -2.4348967e-03 -3.6112083e-03 -2.9023052e-03 -3.2070747e-03 -5.8253577e-03
 -5.5548490e-03 -6.4825119e-04  2.8616852e-03  1.6182830e-03 -3.6046900e-04
 -6.4864865e-04 -1.9875994e-03 -3.8666137e-03 -2.8176471e-03  1.8883148e-03
  6.1745628e-03  3.6243243e-03 -2.9534976e-03 -4.8938792e-03 -4.6802067e-03
 -9.4864865e-03 -1.2934817e-02 -9.3306836e-03 -6.1804452e-03 -2.3557234e-03
  6.7874404e-03  1.0596184e-02  4.3135135e-05 -8.3934817e-03  1.1514308e-03
  7.2441176e-03 -4.1740859e-03 -1.4747218e-02 -2.0722576e-02 -2.9979332e-02
 -3.0227345e-02 -1.4147854e-02  6.7620032e-04  5.4551669e-03  1.3540541e-03
 -7.7375199e-03  5.4177266e-03  3.7497615e-02  4.6023847e-02  3.1970588e-02
  1.9799682e-02  1.0794118e-02  1.7464229e-03  3.2323529e-03  1.9397456e-02
  2.8696343e-02  2.3246423e-02  1.2751987e-02 -1.3104928e-03 -7.8031002e-03
  3.1702703e-03  1.4976153e-02  1.3628776e-02  8.1248013e-03  3.3470588e-03
 -2.2422099e-03 -3.9747218e-03 -1.2873609e-03  6.1264706e-03  1.7522258e-02
  1.2101749e-02 -2.5995231e-02 -5.8912560e-02 -4.3705882e-02 -6.3937202e-03
  3.9993641e-03 -1.8690779e-02 -3.6627186e-02 -2.2815580e-02  1.1505564e-03
  1.5895072e-02  1.9197138e-02  1.3120827e-02  1.2364865e-02  9.0015898e-03
 -5.5448331e-03 -1.7716216e-02 -2.5953895e-02 -2.7323529e-02 -2.7391892e-02
 -2.4377583e-02  6.8744833e-04  3.1130366e-02  4.6302862e-02  2.9289348e-02
 -4.8069952e-03 -5.9148649e-03  4.2383943e-03 -7.5041335e-04 -7.2368839e-03
 -1.0738474e-02  3.5546105e-03  2.6455485e-02  3.3590620e-02  2.5170906e-02
  2.0215421e-02  2.8922893e-02  2.7061208e-02  1.3679650e-02  2.3742448e-03
 -1.7968203e-02 -3.5772655e-02 -3.9044515e-02 -3.5100159e-02 -2.6075517e-02
 -2.7120032e-02 -4.3674881e-02 -4.9628776e-02 -3.8307631e-02 -3.1244833e-02
 -2.4448331e-02 -1.9414149e-03  1.2536566e-02 -9.3497615e-03 -4.1779809e-02
 -3.1054054e-02  1.5487281e-02  3.5665342e-02  1.7956280e-02  1.0040541e-02
  3.2682035e-02  4.4834658e-02  1.5347377e-02 -6.6944356e-03  2.7812401e-02
  8.1096979e-02  8.4920509e-02  3.2924483e-02 -2.2483307e-03  1.2277424e-02
  1.7150238e-02 -1.1885533e-02 -3.4216216e-02 -1.8362480e-02  2.1948331e-02
  2.4619237e-02 -3.0914149e-02 -6.7789348e-02 -4.1668521e-02 -1.6520668e-02
 -4.8327504e-02 -9.9435612e-02 -9.8958665e-02 -4.8193959e-02 -1.7728935e-02
 -3.4588235e-02 -5.0678855e-02 -3.4186010e-02 -1.5238474e-02 -2.6592210e-02
 -6.6393482e-02 -1.2276630e-01 -1.7874404e-01 -2.1373609e-01 -2.3149444e-01
 -2.4795707e-01 -2.5831479e-01 -2.6201908e-01 -2.6802862e-01 -2.4031797e-01
 -1.4168521e-01 -1.7170906e-02  7.9769475e-02  1.7996820e-01  3.1421304e-01
  4.2656598e-01  4.7343402e-01  4.8525437e-01  4.9708267e-01  5.2558824e-01
  5.8017488e-01  6.1965819e-01  5.5609698e-01  3.7899841e-01  1.8670111e-01
  6.0104134e-02 -1.3889507e-02 -7.8281399e-02 -1.2310811e-01 -1.3683625e-01
 -1.4529412e-01 -1.5210652e-01 -1.4120032e-01 -1.0980922e-01 -6.9468203e-02
 -5.5236089e-02 -9.0158983e-02 -1.4362480e-01 -1.8767886e-01 -2.2719396e-01
 -2.6209062e-01 -2.8967409e-01 -3.1147854e-01 -3.3168521e-01 -3.6474563e-01
 -4.2083466e-01 -4.8798092e-01 -5.3690779e-01 -5.4591415e-01 -5.2070747e-01
 -4.8391892e-01 -4.5353736e-01 -4.2485692e-01 -3.6634340e-01 -2.5682830e-01
 -1.1350556e-01  3.4933227e-02  1.6731320e-01  2.7232909e-01  3.6107313e-01
  4.4391892e-01  5.1808426e-01  5.8969793e-01  6.6687599e-01  7.5688394e-01
  8.6081081e-01  9.5484897e-01  1.0000000e+00  9.6391097e-01  8.5723370e-01
  7.2993641e-01  6.0362480e-01  4.7062003e-01  3.4247218e-01  2.3014308e-01
  1.0969793e-01 -3.8390302e-02 -1.9022258e-01 -3.1961049e-01 -4.2092210e-01
 -4.7800477e-01 -4.8387917e-01 -4.5979332e-01 -4.0975358e-01 -3.1693959e-01
 -1.9749603e-01 -1.0043720e-01 -4.3449126e-02  9.2193959e-04  4.5806836e-02
  7.8900636e-02  1.0624801e-01  1.3759141e-01  1.5675676e-01  1.5042925e-01
  1.0803657e-01  2.6820350e-02 -4.5385533e-02 -7.7028617e-02 -1.0070747e-01
 -1.1318760e-01 -7.8856121e-02 -2.3551669e-02  5.2420509e-03 -3.8918919e-03
 -4.4297297e-02 -9.1502385e-02 -1.2100954e-01 -1.4687599e-01 -1.9318760e-01
 -2.5584261e-01 -3.1705882e-01 -3.6212242e-01 -3.7821145e-01 -3.6212242e-01
 -3.3013514e-01 -2.9933227e-01 -2.6759141e-01 -2.3062798e-01 -2.0042925e-01
 -1.9105723e-01 -1.9274245e-01 -1.8566773e-01 -1.8324324e-01 -2.0395866e-01
 -2.2686010e-01 -2.2429253e-01 -1.9431638e-01 -1.6905405e-01 -1.7696343e-01
 -1.8022258e-01 -1.4478537e-01 -1.1500795e-01 -9.1732909e-02 -9.2496025e-03
  1.0361685e-01  1.5523052e-01  1.3571542e-01  1.0201113e-01  9.0055644e-02
  7.9904610e-02  6.1678060e-02  6.3993641e-02  6.0407790e-02 -5.3387917e-04
 -8.5937997e-02 -1.2872814e-01 -1.0373609e-01 -3.2965819e-02  4.3894277e-02
  1.1459459e-01  1.8943561e-01  2.8052464e-01  3.8624801e-01  4.8276630e-01
  5.5078696e-01  5.9525437e-01  6.3658188e-01  6.8998410e-01  7.2951510e-01
  6.8322734e-01  5.1321145e-01  2.6367250e-01  9.3028617e-03 -1.5135930e-01
 -1.8111288e-01 -2.1405405e-01 -2.9888712e-01 -3.0182830e-01 -2.1833863e-01
 -1.4146264e-01 -6.2685215e-02  3.6069952e-02  1.0998410e-01  1.3127186e-01
  1.0757552e-01  3.7846582e-02 -6.7450715e-02 -1.7568362e-01 -2.6444356e-01
 -3.4064388e-01 -4.1563593e-01 -4.7129571e-01 -5.1073132e-01 -5.5596184e-01
 -5.8326709e-01 -5.6596184e-01 -5.1559618e-01 -4.4752782e-01 -3.7147059e-01
 -2.8480127e-01 -1.5652623e-01  1.6164547e-02  1.6607313e-01  2.2726550e-01
  2.1235294e-01  1.9503975e-01  2.2747218e-01  2.9707472e-01  3.4600954e-01
  3.2204293e-01  2.2875199e-01  1.2221781e-01  6.5252782e-02  6.0941971e-02
  6.1503975e-02  6.1341017e-02  7.8038951e-02  9.6772655e-02  1.1093800e-01
  1.3027027e-01  1.3108903e-01  7.3178060e-02 -2.0414944e-02 -7.9817170e-02
 -8.7543720e-02 -1.0013514e-01 -1.6342607e-01 -2.4450715e-01 -2.7710652e-01
 -2.2453895e-01 -1.0109698e-01  4.2820350e-02  1.7235294e-01  2.8243243e-01
  3.7422893e-01  4.3577901e-01  4.3061208e-01  3.5375199e-01  2.7169316e-01
  2.2410175e-01  1.8356121e-01  1.3658983e-01  8.4157393e-02  2.6895866e-02
  1.5389507e-02  8.4848967e-02  1.7690779e-01  2.1276630e-01  1.6397456e-01
  7.4550079e-02  4.4978537e-04 -7.5550079e-02 -1.8157393e-01 -2.9181240e-01
 -3.6344197e-01 -3.8755167e-01 -3.8775040e-01 -3.7788553e-01 -3.6429253e-01
 -3.5171701e-01 -3.3849762e-01 -3.2100159e-01 -2.7395072e-01 -1.7639110e-01
 -5.3720191e-02  6.2113672e-02  1.6457075e-01  2.4878378e-01  2.9032591e-01
  2.6200318e-01  1.8621622e-01  1.1681240e-01  5.6794913e-02 -5.2960254e-03
 -3.5925278e-02 -1.6980127e-02  3.0201908e-02  8.4523052e-02  1.3695548e-01
  1.7950715e-01  2.0590620e-01  2.2688394e-01  2.5128776e-01  2.7843402e-01
  3.0460254e-01  3.0508744e-01  2.7448331e-01  2.3601749e-01  1.9705882e-01
  1.6899046e-01  1.6155008e-01  1.5036566e-01  1.0914149e-01  4.2077901e-02
 -3.3629571e-02 -1.0471383e-01 -1.6147059e-01 -1.9469793e-01 -1.9267091e-01
 -1.5858506e-01 -1.2305246e-01 -1.0887917e-01 -1.0376789e-01 -9.3759936e-02
 -9.0779014e-02 -1.0327504e-01 -1.2100159e-01 -1.3816375e-01 -1.5183625e-01
 -1.5889507e-01 -1.6553259e-01 -1.7344197e-01 -1.7148649e-01 -1.4755167e-01
 -9.4085851e-02 -9.1033386e-03  9.3370429e-02  1.7933227e-01  2.1207472e-01
  1.8668521e-01  1.3571542e-01  8.5063593e-02  4.0702703e-02  5.3022258e-03
 -2.4498410e-02 -5.4445946e-02 -8.6065183e-02 -1.0853736e-01 -1.0407790e-01
 -8.0333863e-02 -6.7180445e-02 -7.3194754e-02 -8.7027027e-02 -1.0925278e-01
 -1.3810811e-01 -1.4785374e-01 -1.1738474e-01 -5.8053259e-02  1.1296502e-02
  8.2305246e-02  1.4227345e-01  1.8065183e-01  1.9811606e-01  1.8695548e-01
  1.3489666e-01  5.7768680e-02 -1.0604928e-02 -5.7612083e-02 -9.0953895e-02
 -1.1480127e-01 -1.2559618e-01 -1.2076312e-01 -9.8449921e-02 -5.7324324e-02
 -7.5309221e-03  3.7069157e-02  7.3170906e-02  1.0007154e-01  1.1863275e-01
  1.3821145e-01  1.5899841e-01  1.6008744e-01  1.3397456e-01  1.0162162e-01
  7.1356916e-02  2.9972178e-02 -2.4946741e-02 -8.5119237e-02 -1.4257552e-01
 -1.8439587e-01 -2.0118442e-01 -1.9080286e-01 -1.5236884e-01 -9.9101749e-02
 -5.6035771e-02 -3.6297297e-02 -3.0348967e-02 -1.3608108e-02  2.3555644e-02
  6.0914944e-02  8.1947536e-02  9.6534181e-02  1.1230525e-01  1.0979332e-01
  7.0395866e-02  8.0023847e-03 -5.0906200e-02 -9.5437202e-02 -1.2755962e-01
 -1.5285374e-01 -1.7483307e-01 -1.8510334e-01 -1.7393482e-01 -1.4673291e-01
 -1.0555644e-01 -5.5096979e-02 -1.7570747e-02  1.1216216e-03  1.3345787e-02
  2.4759141e-02  2.9155803e-02  1.5770270e-02 -1.0083466e-02 -3.5249603e-02
 -5.5610493e-02 -6.9562003e-02 -7.9960254e-02 -8.7400636e-02 -8.2432432e-02
 -6.3707472e-02 -4.2248013e-02 -2.0651828e-02  8.7440382e-03  3.9901431e-02
  6.0864070e-02  8.0588235e-02  1.0074722e-01  1.0574722e-01  9.6844197e-02
  7.7703498e-02  4.8988871e-02  2.2097774e-02  4.8907790e-04 -1.8054054e-02
 -2.7856916e-02 -2.8008744e-02 -3.1330684e-02 -4.4734499e-02 -5.3919714e-02
 -4.9614467e-02 -4.2984102e-02 -4.2011129e-02 -4.2990461e-02 -4.2136725e-02
 -3.6777424e-02 -2.2854531e-02 -6.8912560e-03  6.1884738e-03  3.0071542e-02
  5.8114467e-02  6.8797297e-02  7.4022258e-02  8.2972973e-02  8.1653418e-02
  7.6921304e-02  8.2496025e-02  9.1915739e-02  9.9038156e-02  1.0239269e-01
  9.9705882e-02  9.7965024e-02  9.9825119e-02  9.2511924e-02  7.4294118e-02
  5.8366455e-02  4.7547695e-02  3.2618442e-02  8.7511924e-03 -1.8201113e-02
 -3.9332273e-02 -5.0794118e-02 -5.6864070e-02 -5.8495231e-02 -4.7589030e-02
 -2.7235294e-02 -7.9011129e-03  1.6786169e-02  5.1174086e-02  7.7443561e-02
  8.8974563e-02  9.5055644e-02  8.9244833e-02  6.9186010e-02  5.1406200e-02
  3.8598569e-02  1.9264706e-02 -2.1392687e-03 -1.4656598e-02 -2.8957870e-02
 -5.4756757e-02 -7.5310811e-02 -7.6348172e-02 -6.2848172e-02 -4.0769475e-02
 -1.5013514e-02  4.5871224e-03  1.6300477e-02  2.8750397e-02  4.4871224e-02
  5.9821145e-02  6.8906995e-02  6.9344197e-02  5.8450715e-02  3.8538951e-02
  2.1784579e-02  1.4009539e-02  5.0311606e-03 -1.0898251e-02 -2.2802862e-02
 -2.0366455e-02 -1.3079491e-02 -1.7447536e-02 -3.0076312e-02 -3.3715421e-02
 -2.8068362e-02 -2.6116852e-02 -2.6138315e-02 -2.2941971e-02 -2.1643084e-02
 -2.0317170e-02 -1.0170111e-02  7.0980127e-03  2.0877583e-02  2.7272655e-02
  3.1439587e-02  3.8596184e-02  4.6204293e-02  4.0828299e-02  1.3885533e-02
 -2.3787758e-02 -5.7215421e-02 -8.3060413e-02 -9.9276630e-02 -9.8974563e-02
 -8.5214626e-02 -7.0437202e-02 -5.7263911e-02 -3.8775835e-02 -1.4123211e-02
  9.4626391e-03  2.5521463e-02  3.2884738e-02  4.0564388e-02  5.8474563e-02
  7.4456280e-02  6.9101749e-02  4.8548490e-02  3.2463434e-02  2.4185215e-02
  1.2445151e-02 -5.0273450e-03 -1.3486486e-02 -2.3641494e-03  2.0026232e-02
  3.8468203e-02  4.6904610e-02  5.1458665e-02  5.8077901e-02  6.6579491e-02
  7.4961844e-02  7.6509539e-02  6.5018283e-02  4.4488076e-02  2.0852146e-02
 -6.4302067e-03 -3.6979332e-02 -6.8131955e-02 -1.0077901e-01 -1.3062003e-01
 -1.4717011e-01 -1.5159777e-01 -1.5448331e-01 -1.5461049e-01 -1.3978537e-01
 -1.0899841e-01 -7.5147059e-02 -4.5091415e-02 -1.5875199e-02  1.2705087e-02
  3.5262321e-02  4.7868045e-02  5.2130366e-02  4.9564388e-02  4.1046105e-02
  3.2038156e-02  2.4461844e-02  1.3991256e-02  6.0811606e-03  1.0820350e-02
  2.0435612e-02  2.3141494e-02  2.5730525e-02  3.6629571e-02  4.7201908e-02
  4.5876789e-02  3.6158983e-02  3.1535771e-02  3.2810811e-02  2.2292528e-02
 -9.1565978e-03 -4.7461844e-02 -7.6290143e-02 -9.4483307e-02 -1.0433227e-01
 -1.0176471e-01 -8.5922099e-02 -5.9851351e-02 -2.6379173e-02  6.5179650e-03
  3.0992051e-02  5.0037361e-02  6.9934022e-02  8.7480127e-02  9.4236884e-02
  8.7305246e-02  7.0487281e-02  4.7604134e-02  2.0157393e-02 -7.6589825e-03
 -3.1657393e-02 -4.9206677e-02 -5.7333068e-02 -6.0720986e-02 -6.6598569e-02
 -6.9690779e-02 -6.1476948e-02 -4.6218601e-02 -3.3130366e-02 -2.4731320e-02
 -2.1214626e-02 -2.3054849e-02 -2.4288553e-02 -1.7462639e-02 -7.2114467e-03
 -8.2965024e-04  6.1975358e-03  1.6781399e-02  2.6705882e-02  3.8015898e-02
  5.2207472e-02  6.4474563e-02  7.2748013e-02  6.9441176e-02  4.9461049e-02
  3.0927663e-02  2.6098569e-02  2.3131955e-02  1.5850556e-02  9.0707472e-03
  7.6291733e-03  1.5862480e-02  2.6559618e-02  2.5158983e-02  1.2271065e-02
 -3.3558029e-03 -1.8380763e-02 -2.7153418e-02 -2.7980127e-02 -2.7942766e-02
 -2.6387917e-02 -1.8240859e-02 -9.1860095e-03 -4.2437997e-03  3.1369634e-03
  1.2806836e-02  1.4259141e-02  8.8116057e-03  4.4020668e-03  1.1384738e-03
 -3.4419714e-03 -1.2741653e-02 -2.5052464e-02 -3.1791733e-02 -3.2209062e-02
 -2.8357711e-02 -1.6655803e-02 -2.6379173e-03  5.6804452e-03  1.2475358e-02
  1.7755962e-02  1.7209062e-02  1.7576312e-02  2.2258347e-02  2.3035771e-02
  1.8215421e-02  1.5370429e-02  1.5920509e-02  1.3286963e-02  5.6512719e-03
  3.1647059e-04  3.6986486e-04  2.1928458e-05 -2.0572337e-03 -2.9758347e-03
 -3.8542130e-03 -4.5360890e-03 -1.3658983e-03  6.3768680e-03  1.4680445e-02
  2.0038951e-02  2.3649444e-02  2.4902226e-02  1.7427663e-02 -8.0405405e-05
 -1.9655008e-02 -3.3096979e-02 -3.5009539e-02 -2.3400636e-02 -3.3905405e-03
  1.7272655e-02  3.4042130e-02  4.6381558e-02  5.5972973e-02  5.9695548e-02
  5.1093800e-02  3.1709857e-02  7.8681240e-03 -2.0883148e-02 -5.5554849e-02
 -8.8879173e-02 -1.1390302e-01 -1.2942766e-01 -1.3558029e-01 -1.3338633e-01
 -1.2332273e-01 -1.0267886e-01 -7.2232909e-02 -3.7932432e-02 -1.8307631e-03
  3.4666137e-02  6.5610493e-02  8.9904610e-02  1.0848967e-01  1.1414944e-01
  1.0293323e-01  8.2996820e-02  6.4649444e-02  4.8967409e-02  2.6266296e-02
 -6.0452305e-03 -3.5355326e-02 -5.4014308e-02 -6.3123211e-02 -5.7418124e-02
 -3.4872814e-02 -7.4297297e-03  1.6799682e-02  3.8459459e-02  5.6084261e-02
  7.0623211e-02  8.4093800e-02  9.0612083e-02  8.4387917e-02  6.6633545e-02
  4.0594595e-02  1.1722576e-02 -1.2619237e-02 -3.0149444e-02 -4.2013514e-02
 -4.5740859e-02 -4.0819555e-02 -3.3193164e-02 -2.3896661e-02 -8.9022258e-03
  7.0027822e-03  1.4929253e-02  1.6140700e-02  1.6809221e-02  1.4534976e-02
  3.5968203e-03 -1.2085056e-02 -2.2970588e-02 -2.5544515e-02 -2.3793323e-02
 -2.0109698e-02 -1.0995231e-02  4.9392687e-03  2.3294913e-02  3.9193164e-02
  4.8294913e-02  4.4222576e-02  2.5482512e-02  5.5263911e-03 -2.5124006e-03
 -8.1224165e-03 -2.3686804e-02 -4.0580286e-02 -4.5775040e-02 -3.8231320e-02
 -2.3425278e-02 -7.7663752e-03  1.3468203e-03  1.3889507e-03 -2.1904610e-03
 -6.4443561e-03 -1.2577901e-02 -1.6132750e-02 -1.1569157e-02 -2.0763911e-03
  5.8844992e-03  8.5627981e-03  6.8900636e-03  8.8600954e-03  1.8009539e-02
  2.5719396e-02  2.5290143e-02  1.8836248e-02  1.0298092e-02  3.9979332e-03
  1.9149444e-03 -8.9594595e-04 -8.2392687e-03 -1.7440382e-02 -2.6116057e-02
 -3.2677266e-02 -3.4610493e-02 -3.2986486e-02 -3.0948331e-02 -2.7486486e-02
 -1.9453895e-02 -7.1295707e-03  8.1383148e-03  2.3771860e-02  3.1627981e-02
  2.7988871e-02  2.2081876e-02  2.3588235e-02  3.0359300e-02  3.3446741e-02
  2.8993641e-02  1.9920509e-02  8.1748808e-03 -5.1903021e-03 -1.6350556e-02
 -2.3643879e-02 -2.8125596e-02 -2.9893482e-02 -2.8901431e-02 -2.4141494e-02
 -1.7264706e-02 -1.4966614e-02 -1.6839428e-02 -1.5868839e-02 -1.4016693e-02
 -1.5545310e-02 -1.5661367e-02 -1.1058029e-02 -7.5824324e-03 -9.0373609e-03
 -1.0070747e-02 -9.1073132e-03 -9.5564388e-03 -6.7569952e-03  1.9970588e-03
  8.9705882e-03  1.0369634e-02  9.6335453e-03  7.4156598e-03  1.9571542e-03
 -2.7193959e-03 -1.1067568e-03  3.6353736e-03  6.0995231e-03  7.1906200e-03
  7.8938792e-03  7.1511129e-03  7.3742448e-03  8.5397456e-03  7.1698728e-03
  5.7935612e-03  5.8356121e-03  4.1887122e-03  2.7472973e-03  2.4224960e-03
  1.1846582e-03  2.3607313e-03  8.4626391e-03  1.5298887e-02  1.8591415e-02
  1.7873609e-02  1.3834658e-02  6.2271860e-03 -5.2520668e-03 -1.8441971e-02
 -2.8993641e-02 -3.4480127e-02 -3.4918919e-02 -2.9437202e-02 -1.8830684e-02
 -6.9050874e-03  5.5074722e-03  1.8933227e-02  3.0604928e-02  3.7764706e-02
  3.8411765e-02  3.2435612e-02  2.4410970e-02  1.7251987e-02  9.0429253e-03
 -2.6922893e-04 -7.7101749e-03 -1.2272655e-02 -1.4889507e-02 -1.5705882e-02
 -1.3843402e-02 -7.9163752e-03  2.7952305e-04  5.6608903e-03  8.2106518e-03
  1.1453100e-02  1.3703498e-02  1.2364070e-02  9.0063593e-03  4.1049285e-03
 -1.9802067e-03 -4.6786963e-03 -2.2905405e-03  1.1267091e-03  2.7648649e-03
  2.3224165e-03  1.3907790e-03  2.5707472e-03  5.5627981e-03  7.7895072e-03
  7.1023847e-03  3.1426868e-03 -2.3383148e-03 -8.4101749e-03 -1.5674086e-02
 -2.2514308e-02 -2.6895072e-02 -3.0065183e-02 -3.2172496e-02 -3.0147854e-02
 -2.2256757e-02 -1.1410175e-02 -2.5422893e-03  3.5786169e-03  9.2368839e-03
  1.4196343e-02  1.6259141e-02  1.4736089e-02  1.0910970e-02  6.6613672e-03
  2.8500795e-03 -2.1018283e-03 -9.1470588e-03 -1.3705882e-02 -1.0438792e-02
 -1.2358506e-03  8.7027027e-03  1.5817965e-02  1.7126391e-02  1.4047695e-02
  1.1236089e-02  8.4379968e-03  3.1274245e-03 -3.2481717e-03 -7.3022258e-03
 -8.2806041e-03 -7.9113672e-03 -5.3659777e-03  7.2722576e-04  6.3023052e-03
  7.7946741e-03  7.4670906e-03  6.8708267e-03  4.3356121e-03  9.2360890e-04
 -9.1454690e-04 -2.3607313e-03 -4.2771065e-03 -4.4606518e-03 -1.2670906e-03
  3.1134340e-03  5.2735294e-03  5.3024642e-03  3.0975358e-03 -2.0697138e-03
 -6.7995231e-03 -7.6581081e-03 -5.4002385e-03 -2.9700318e-03 -1.8776630e-03
 -2.0699523e-03 -3.6989666e-03 -6.4599364e-03 -1.0662162e-02 -1.6569952e-02
 -2.2100159e-02 -2.5736884e-02 -2.7193164e-02 -2.4208267e-02 -1.5427663e-02
 -3.4613672e-03  8.8950715e-03  2.0120827e-02  2.8071542e-02  3.3229730e-02
  3.9630366e-02  4.6898251e-02  4.9254372e-02  4.3763911e-02  3.3337043e-02
  2.2818760e-02  1.3248013e-02  3.2168521e-03 -6.3531002e-03 -1.4617647e-02
 -2.1644674e-02 -2.5687599e-02 -2.5009539e-02 -2.0368839e-02 -1.3658188e-02
 -6.4760731e-03  4.7650238e-04  6.7865660e-03  1.0200318e-02  9.0834658e-03
  4.3435612e-03 -3.2577901e-03 -1.0628776e-02 -1.3174881e-02 -1.2403816e-02
 -1.1704293e-02 -1.0519873e-02 -9.1001590e-03 -7.9267091e-03 -5.1228140e-03
 -4.2128776e-04  3.9194754e-03  5.7493641e-03  4.3511924e-03  6.2109698e-04
 -3.4079491e-03 -6.0391097e-03 -8.1017488e-03 -1.0201113e-02 -9.6104928e-03
 -4.8922893e-03  1.7166932e-03  8.0492846e-03  1.3411765e-02  1.6235294e-02
  1.4100159e-02  6.9527822e-03 -2.2304452e-03 -9.5715421e-03 -1.2664547e-02
 -1.1278219e-02 -6.1569157e-03  1.4069157e-03  9.5182830e-03  1.6878378e-02
  2.2812401e-02  2.5934817e-02  2.5771065e-02  2.3095390e-02  1.6692369e-02
  6.4326709e-03 -3.4551669e-03 -1.0670111e-02 -1.6374404e-02 -2.0168521e-02
 -2.1425278e-02 -2.0320350e-02 -1.6147854e-02 -9.8418124e-03 -5.1835453e-03
 -4.8174086e-03 -6.2587440e-03 -4.9628776e-03 -3.3134340e-04  4.3567568e-03
  5.5612083e-03  3.1648649e-03  2.1004769e-04 -1.0457075e-03 -7.0806836e-04
 -1.0910175e-03 -3.4271065e-03 -5.5419714e-03 -5.8320350e-03 -5.2546900e-03
 -4.8241653e-03 -4.4550079e-03 -4.3544515e-03 -5.0304452e-03 -5.9085056e-03
 -5.9282989e-03 -3.0898251e-03  4.2538951e-03  1.3137520e-02  1.8223370e-02
  1.7869634e-02  1.5640700e-02  1.5676471e-02  1.7034181e-02  1.6090620e-02
  1.1324324e-02  3.7266296e-03 -3.4713037e-03 -8.3394277e-03 -1.2284579e-02
 -1.5568362e-02 -1.6748808e-02 -1.5171701e-02 -1.1514308e-02 -7.7435612e-03
 -4.2918124e-03 -7.4645469e-04  1.6125596e-03  2.2070747e-03  1.3841812e-03
 -8.3871224e-04 -3.7245628e-03 -6.4762321e-03 -9.3227345e-03 -1.1521463e-02
 -1.0977742e-02 -7.1602544e-03 -1.6732114e-03  2.9243243e-03  4.9542925e-03
  5.9355326e-03  7.9634340e-03  9.4610493e-03  8.6740859e-03  6.1296502e-03
  2.0055644e-03 -1.2759936e-03 -1.0046900e-03 -7.5920509e-04 -2.9166137e-03
 -3.5120032e-03 -2.2748808e-03 -2.2361685e-03 -2.3627186e-03 -1.5455485e-03
 -1.4711447e-03 -2.7042925e-03 -4.4200318e-03 -6.0226550e-03 -6.1851351e-03
 -3.1189984e-03  2.4825914e-03  6.1611288e-03  5.4803657e-03  3.8751987e-03
  3.9876789e-03  4.2042130e-03  3.1670111e-03  1.6896661e-03  8.1279809e-04
  1.6693959e-03  5.7794118e-03  1.1183625e-02  1.3438792e-02  1.2337043e-02
  1.0000000e-02  6.4380763e-03  2.4006359e-03 -2.9735294e-04 -2.4844992e-03
 -4.7663752e-03 -4.3108108e-03 -1.6276630e-03 -1.7240064e-03 -4.6050874e-03
 -4.3739269e-03  1.2024642e-03  6.5993641e-03  7.3256757e-03  5.2482512e-03
  2.8608108e-03  1.3206677e-03  1.0381558e-03  3.4293323e-05 -3.0565183e-03
 -5.8723370e-03 -6.4100159e-03 -5.7453895e-03 -4.5972178e-03 -2.0776630e-03
  4.9609698e-04  6.7560413e-05 -2.2847377e-03 -3.4724960e-03 -3.9892687e-03
 -5.1550079e-03 -6.7991256e-03 -8.8489666e-03 -1.0162957e-02 -8.7368839e-03
 -5.0162957e-03 -1.0392687e-03  2.8994436e-03  6.8218601e-03  8.9841017e-03
  8.1534181e-03  5.0783784e-03  1.5904610e-03 -7.6077107e-04 -1.9976153e-03
 -1.8650238e-03  5.4944356e-04  3.5998410e-03  5.4925278e-03  6.7411765e-03
  6.9659777e-03  6.6533386e-03  8.5604134e-03  1.2193164e-02  1.4308426e-02
  1.4380763e-02  1.3679650e-02  1.2240064e-02  1.0068362e-02  7.5588235e-03
  3.7106518e-03 -1.0845787e-03 -3.6951510e-03 -4.1149444e-03 -5.6234499e-03
 -8.8823529e-03 -1.2319555e-02 -1.4506359e-02 -1.4425278e-02 -1.2357711e-02
 -9.2662957e-03 -5.3507949e-03 -6.2220191e-05  5.6809221e-03  8.9912560e-03
  9.2281399e-03  7.7390302e-03  4.7425278e-03  1.7833068e-03  4.0796502e-04
 -1.1061208e-03 -3.4382353e-03 -4.6984897e-03 -4.3409380e-03 -3.4089825e-03
 -2.0822734e-03  4.0981717e-04  3.6250397e-03  6.1626391e-03  7.2887917e-03
  6.1539746e-03  2.7837838e-03 -1.4375994e-03 -6.0193959e-03 -9.6184420e-03
 -1.0834658e-02 -1.0681240e-02 -9.0421304e-03 -5.7220986e-03 -2.6504769e-03
 -4.5360095e-04  7.6067568e-04 -1.4664547e-04 -2.7637520e-03 -4.6157393e-03
 -4.3891097e-03 -3.7989666e-03 -4.2986486e-03 -4.7922099e-03 -4.2034181e-03
 -3.4666932e-03 -3.3073927e-03 -2.6821940e-03 -1.4526232e-03 -7.5791733e-04
 -1.4591415e-04  1.6600954e-03  3.2620827e-03  2.6996820e-03  1.3684420e-03
  4.4571542e-05 -2.3197138e-03 -3.2562798e-03 -8.7790143e-04  1.5817170e-03
  2.4171701e-03  3.1773450e-03  3.9240064e-03  3.0696343e-03  3.3635135e-04
 -2.6014308e-03 -4.2985692e-03 -4.4895866e-03 -4.0574722e-03 -4.5171701e-03
 -5.4273450e-03 -5.1995231e-03 -4.7341812e-03 -5.5263116e-03 -6.5450715e-03
 -6.1490461e-03 -4.5733704e-03 -3.4194754e-03 -3.3616852e-03 -3.6618442e-03
 -3.1004769e-03 -1.2584261e-03  1.4154213e-03  5.1054849e-03  8.7965024e-03
  1.0284579e-02  9.7344992e-03  8.5063593e-03  7.4715421e-03  7.3996820e-03
  7.5945151e-03  6.7526232e-03  5.3263911e-03  5.1591415e-03  6.9157393e-03
  8.7766296e-03  9.5596184e-03  1.0032591e-02  1.0296502e-02  9.9419714e-03
  8.6184420e-03  5.8387122e-03  1.9751987e-03 -2.0627186e-03 -5.4692369e-03
 -7.7351351e-03 -8.7456280e-03 -8.8696343e-03 -8.8330684e-03 -8.6096979e-03
 -7.0304452e-03 -3.6515898e-03 -3.5878378e-04  1.0167727e-03  6.9754372e-04
 -6.8069157e-04 -1.9059618e-03 -1.2275835e-03  9.7686804e-05 -3.0195548e-04
 -1.2031797e-03 -8.3759936e-04  5.2065978e-04  2.1678855e-03  2.5399841e-03
  7.6944356e-04 -1.8598569e-03 -4.1652623e-03 -5.5325914e-03 -5.3732114e-03
 -4.0554849e-03 -2.5239269e-03 -6.5143084e-05  4.4571542e-03  8.5890302e-03
  9.4046105e-03  8.4705882e-03  7.9896661e-03  7.2688394e-03  5.1347377e-03
  2.0283784e-03 -8.0357711e-04 -3.3771860e-03 -5.8571542e-03 -7.0208267e-03
 -6.1726550e-03 -3.7421304e-03 -4.6023847e-04  3.1718601e-03  6.4825119e-03
  8.4896661e-03  9.2591415e-03  9.0643879e-03  7.3048490e-03  4.2329889e-03
  1.3044515e-03 -8.2376789e-04 -2.5070747e-03 -3.9577901e-03 -4.5972178e-03
 -3.9768680e-03 -3.1069157e-03 -3.3648649e-03 -4.4193164e-03 -5.0058029e-03
 -5.0720986e-03 -5.0864865e-03 -5.4761526e-03 -6.3658983e-03 -7.2863275e-03
 -8.0325914e-03 -8.4459459e-03 -8.5413355e-03 -7.3892687e-03 -4.0706677e-03
 -1.2787758e-04  3.4203498e-03  6.5713037e-03  8.6637520e-03  9.8879173e-03
  1.0750397e-02  1.0882353e-02  9.3910970e-03  5.8670111e-03  2.3809221e-03
  1.2586645e-03  1.4079491e-03  1.3031002e-03  1.2325119e-03  1.2286963e-03
  1.3868045e-03  1.6047695e-03  1.6282989e-04 -2.9835453e-03 -5.5819555e-03
 -7.3351351e-03 -9.1406995e-03 -1.0577901e-02 -1.0185215e-02 -7.2901431e-03
 -3.8526232e-03 -2.2205882e-03 -1.7977742e-03 -9.9228935e-04 -1.6468203e-04
 -1.2843402e-04 -1.0592210e-03 -2.4433227e-03 -2.8493641e-03 -1.9992051e-03
 -1.3710652e-03 -1.6914944e-03 -1.6530207e-03 -6.9485692e-04 -2.8014308e-04
 -9.3791733e-04 -1.9926868e-03 -2.7329889e-03 -2.5528617e-03 -1.5479332e-03
 -1.0878378e-07  1.6589030e-03  2.9228935e-03  3.6759141e-03  3.4228140e-03
  2.5855326e-03  3.1030207e-03  5.3714626e-03  7.9713831e-03  9.4952305e-03
  8.6414944e-03  5.7336248e-03  3.3498410e-03  2.3120032e-03  3.2600954e-04
 -3.2457870e-03 -6.3343402e-03 -8.4213037e-03 -1.0320350e-02 -1.1922893e-02
 -1.3520668e-02 -1.4947536e-02 -1.4253577e-02 -1.0816375e-02 -5.9546900e-03
 -3.4630366e-04  5.0855326e-03  8.7766296e-03  1.1021463e-02  1.2838633e-02
  1.3541335e-02  1.2165342e-02  8.6860095e-03  3.7918124e-03 -4.4298092e-04
 -2.5392687e-03 -3.8193959e-03 -5.0941176e-03 -5.4533386e-03 -4.6078696e-03
 -2.4220191e-03  5.3042130e-04  2.3490461e-03  2.5412560e-03  2.6007154e-03
  3.9725755e-03  6.8754372e-03  1.0121622e-02  1.2476948e-02  1.3340223e-02
  1.2186804e-02  9.1947536e-03  5.3276630e-03  1.5932432e-03 -1.1713831e-03
 -2.8398251e-03 -3.5078696e-03 -2.3530207e-03  4.8151033e-04  2.5675676e-03
  2.3146264e-03  8.8696343e-04 -2.5546900e-04 -1.4089030e-03 -3.0902226e-03
 -4.5606518e-03 -5.3819555e-03 -5.5219396e-03 -4.7615262e-03 -3.7647059e-03
 -2.6350556e-03 -1.0210652e-03 -4.7298092e-04 -2.0845787e-03 -4.3679650e-03
 -5.4437997e-03 -4.0728935e-03 -8.2360890e-04  1.4153418e-03  1.7659777e-03
  2.4759141e-03  4.3738474e-03  5.6266296e-03  4.6979332e-03  2.4251192e-03
  7.2480922e-04  2.0460254e-04  1.1874404e-04 -3.6195548e-04 -1.0807631e-03
 -6.7376789e-04  1.5191574e-03  3.9103339e-03  5.1411765e-03  5.8629571e-03
  6.3083466e-03  5.9021463e-03  4.5525437e-03  2.2748808e-03  1.4918124e-04
 -3.5816375e-05  1.5546900e-03  3.0964229e-03  3.6630366e-03  3.9820350e-03
  4.7355326e-03  4.8325914e-03  2.3678060e-03 -2.6329889e-03 -7.6299682e-03
 -1.0044515e-02 -9.9435612e-03 -8.9419714e-03 -7.4387917e-03 -5.2258347e-03
 -2.8220191e-03 -6.9558824e-04  1.0771065e-03  1.7732114e-03  8.1796502e-04
 -1.2434022e-03 -3.9603339e-03 -6.4722576e-03 -7.5872814e-03 -8.0182830e-03
 -8.7829889e-03 -9.0063593e-03 -7.7613672e-03 -5.2364865e-03 -1.9883943e-03
  1.1290938e-03  3.1078696e-03  3.7018283e-03  3.2670111e-03  1.9508744e-03
  3.8403816e-04 -7.1498410e-04 -1.6749603e-03 -2.5459459e-03 -3.0303657e-03
 -3.2845787e-03 -2.9820350e-03 -1.7881558e-03 -1.6199523e-04  1.1465819e-03
  2.0099364e-03  3.1752782e-03  4.7427663e-03  5.9568362e-03  6.6508744e-03
  7.0771065e-03  7.0895866e-03  6.4052464e-03  5.1633545e-03  3.6012719e-03
  2.1282989e-03  1.3031797e-03  9.3728140e-04  1.5919714e-03  4.1589825e-03
  7.0390302e-03  8.2432432e-03  7.7271065e-03  6.1096184e-03  3.9720986e-03
  1.6009539e-03 -1.3796502e-03 -5.1691574e-03 -8.7909380e-03 -1.0934022e-02
 -1.1538156e-02 -1.1411765e-02 -1.0855326e-02 -9.4642289e-03 -6.9564388e-03
 -3.7366455e-03 -3.7073132e-04  2.7825119e-03  5.1641494e-03  5.9242448e-03
  4.6721781e-03  2.1508744e-03 -1.4069157e-04 -1.0885533e-03 -8.5580286e-04
 -2.9672496e-04  3.8778219e-04  1.7426073e-03  3.2933227e-03  3.2313990e-03
  1.6706677e-03 -2.0791733e-04 -2.0631161e-03 -1.9579491e-03 -7.3217806e-04
 -9.7416534e-04 -7.8206677e-04 -1.2145469e-03 -3.3158983e-03 -2.6384738e-03
 -1.0173291e-05 -4.1751192e-04 -5.0366455e-03 -6.7775040e-03  1.2734499e-03
  8.7019078e-03  5.3493641e-03 -2.1708267e-03 -4.5511924e-03  1.1473768e-03
  7.6166137e-03  6.0421304e-03 -3.0707472e-04 -1.5498410e-03  3.1869634e-03
  3.8213831e-03 -2.3584261e-03 -7.0129571e-03 -6.0375199e-03 -3.0085851e-03
 -2.7618442e-03 -4.1746423e-03 -2.1586645e-03  2.0039746e-03  3.0936407e-03
  5.6860890e-04 -1.5372814e-03 -3.7637520e-04  1.6090620e-03  8.5007949e-04
 -1.5651033e-03 -2.1784579e-03  1.6272655e-04  3.4635135e-03  4.8916534e-03
  4.6299682e-03  5.2632750e-03  6.4098569e-03  5.3015103e-03  2.6926073e-03
  1.3645469e-03  1.4749603e-03  1.7539746e-03  1.1107313e-03  2.7294913e-04
  1.3744038e-03  3.2329094e-03  3.2373609e-03  2.6778219e-03  2.2044515e-03
 -5.5528617e-05 -2.7563593e-03 -4.5042925e-03 -5.9358506e-03 -6.5453895e-03
 -7.0648649e-03 -7.9252782e-03 -6.9184420e-03 -3.8062003e-03 -4.4468203e-04
  1.7375199e-03  9.3577107e-04 -1.6315580e-03 -1.6301272e-03  3.7851351e-04
  2.3872019e-04 -1.7454690e-03 -2.9246423e-03 -2.4244038e-03  2.2477742e-04
  3.7199523e-03  5.5556439e-03  5.6158188e-03  4.5629571e-03  2.0656598e-03
 -1.6926073e-03 -4.9007154e-03 -5.3469793e-03 -3.5620032e-03 -2.0360095e-03
 -5.8979332e-04  3.1598569e-03  8.4308426e-03  1.1254372e-02  9.5635930e-03
  4.2994436e-03 -7.4847377e-04 -1.0606518e-03  3.9925278e-04 -3.3934817e-03
 -9.8807631e-03 -1.1495231e-02 -8.3179650e-03 -5.3069952e-03 -4.1058029e-03
 -2.2523052e-03  6.3796502e-04  1.8579491e-03  2.8562003e-03  6.8004769e-03
  1.0852941e-02  1.0304452e-02  5.9681240e-03  2.5574722e-03  2.8486486e-03
  4.6460254e-03  2.1899046e-03 -6.4141494e-03 -1.4936407e-02 -1.6595390e-02
 -1.2211447e-02 -7.4691574e-03 -4.4811606e-03 -8.5667727e-04  3.8360890e-03
  7.6294913e-03  9.7591415e-03  9.3298887e-03  5.2688394e-03 -1.0045310e-03
 -6.7759936e-03 -1.0399841e-02 -1.1794118e-02 -1.1069157e-02 -7.3275835e-03
 -1.0791733e-03  6.0341812e-03  1.3678060e-02  1.9348967e-02  1.7931638e-02
  7.3589030e-03 -9.1359300e-03 -2.4107313e-02 -3.0109698e-02 -2.5556439e-02
 -1.4222576e-02  7.3965819e-05  1.3911765e-02  2.3517488e-02  2.7877583e-02
  2.7760731e-02  2.2608108e-02  1.2317965e-02  3.7046105e-05 -9.3219396e-03
 -1.3315580e-02 -1.2430843e-02 -8.5683625e-03 -4.4348967e-03 -1.3615262e-03
  2.0627186e-05 -1.0501590e-03 -2.7874404e-03 -2.4912560e-03 -3.1274245e-04
  2.0910175e-03  3.8574722e-03  4.4735294e-03  3.4092210e-03  6.5629571e-04
 -2.5009539e-03 -4.1441176e-03 -3.6918124e-03 -1.7758347e-03  8.7146264e-04
  4.1317965e-03  7.3418919e-03  8.4689984e-03  7.1654213e-03  4.7317965e-03
  1.2162162e-03 -3.1414944e-03 -6.1321940e-03 -6.2542130e-03 -4.4948331e-03
 -2.3807631e-03 -1.3110493e-03 -2.1373609e-03 -3.6731320e-03 -4.5720191e-03
 -5.2135135e-03 -5.7907790e-03 -5.3296502e-03 -3.1060413e-03  6.2959459e-04
  4.7623211e-03  7.8984897e-03  9.5103339e-03  9.5667727e-03  7.9251987e-03
  5.4357711e-03  3.5855326e-03  2.6638315e-03  2.3200318e-03  2.5780604e-03
  3.2587440e-03  4.3300477e-03  5.6658188e-03  6.0190779e-03  4.3872814e-03
  1.6350556e-03 -7.6567568e-04 -2.5626391e-03 -3.8926868e-03 -4.2274245e-03
 -3.4940382e-03 -2.3694754e-03 -1.2579491e-03 -5.5436407e-04 -8.1844197e-04
 -1.7131955e-03 -2.4475358e-03 -2.6450715e-03 -2.1720191e-03 -1.4167727e-03
 -6.7945151e-04  3.6098569e-04  1.8453895e-03  3.1488076e-03  3.0949921e-03
  1.4236884e-03 -1.1889507e-03 -4.2798887e-03 -6.8724165e-03 -8.0286169e-03
 -7.8683625e-03 -6.5654213e-03 -4.4506359e-03 -1.9717806e-03  7.0406995e-04
  3.1097774e-03  5.0121622e-03  6.2323529e-03  6.1538951e-03  4.7995231e-03
  2.8604134e-03  9.3521463e-04 -4.9750397e-04 -1.2241653e-03 -1.1976948e-03
 -5.2847377e-04  4.3426868e-04  1.6003975e-03  2.6592210e-03  2.8541335e-03
  1.8218601e-03 -1.7206677e-04 -2.5957075e-03 -5.3186804e-03 -8.1041335e-03
 -9.6271860e-03 -8.7082671e-03 -6.3806836e-03 -4.7889507e-03 -3.9680445e-03
 -2.4739269e-03 -3.0999205e-04  1.6058029e-03  3.1142289e-03  4.1390302e-03
  4.4557234e-03  4.3212242e-03  3.8965819e-03  3.2354531e-03  2.4068362e-03
  1.0432432e-03 -8.0707472e-04 -2.2856916e-03 -3.0214626e-03 -3.2193959e-03
 -2.8552464e-03 -2.1941176e-03 -1.5955485e-03 -5.8541335e-04  9.3521463e-04
  2.1669316e-03  2.8624801e-03  3.1680445e-03  3.1841017e-03  3.2759141e-03
  3.6108108e-03  4.0229730e-03  4.2312401e-03  4.0126391e-03  3.4342607e-03
  2.3127981e-03  6.0744833e-04 -8.5278219e-04 -1.5668521e-03 -1.7213037e-03
 -1.4046105e-03 -7.4387917e-04  3.0290143e-05  7.5488076e-04  8.4523052e-04
  2.9283784e-05 -9.1438792e-04 -1.5021463e-03 -1.7240064e-03 -1.7690779e-03
 -2.2049285e-03 -2.8468203e-03 -2.3163752e-03 -2.6537361e-04  1.9635930e-03
  3.6880763e-03  4.9077901e-03  5.4916534e-03  5.2743243e-03  3.7548490e-03
  1.3673291e-03 -4.6321145e-04 -1.3926073e-03 -1.8286169e-03 -1.8251192e-03
 -1.6705882e-03 -1.5449921e-03 -1.0625596e-03 -4.5647059e-04 -2.6081081e-04
 -2.0662162e-04 -7.2858506e-05 -1.6823529e-04 -3.9604134e-04 -2.7569157e-04
  2.6484102e-04  8.8457870e-04  7.9562798e-04 -2.5926073e-04 -1.1549285e-03
 -1.2226550e-03 -8.0930048e-04 -3.0147854e-04 -2.0971383e-04 -4.0772655e-04
 -2.7486486e-04 -2.5286963e-04 -1.0093005e-03 -2.0581876e-03 -2.9337043e-03
 -3.6680445e-03 -4.0465024e-03 -4.0855326e-03 -3.9880763e-03 -3.5606518e-03
 -2.7396661e-03 -2.0581081e-03 -1.8294118e-03 -1.5188394e-03 -9.9523052e-04
 -9.7503975e-04 -1.6903021e-03 -2.6004769e-03 -2.8449921e-03 -1.7414944e-03
  1.6868045e-04  1.6141494e-03  2.5218601e-03  3.4410175e-03  4.0131161e-03
  3.9140700e-03  3.4786963e-03  2.8701113e-03  2.1920509e-03  1.5909380e-03
  5.6310016e-04 -1.2000795e-03 -2.8274245e-03 -3.4016693e-03 -2.9978537e-03
 -2.1542130e-03 -1.0879173e-03  1.9206677e-04  1.3813196e-03  1.7454690e-03
  9.0930048e-04 -2.4951510e-04 -8.3036566e-04 -1.2896661e-03 -2.0375199e-03
 -2.5788553e-03 -2.5098569e-03 -1.6867250e-03 -4.2875994e-04  4.3882353e-04
  6.7464229e-04  5.1658983e-04  5.4016693e-05 -7.2465819e-04 -1.9786963e-03
 -3.4629571e-03 -4.2551669e-03 -3.7776630e-03 -2.3151828e-03 -3.9213037e-04
  1.4766296e-03  3.0796502e-03  4.7792528e-03  6.5279809e-03  7.4334658e-03
  6.9870429e-03  5.6372019e-03  4.1338633e-03  2.9804452e-03  1.9257552e-03
  4.5191574e-04 -1.0107313e-03 -1.6740859e-03 -1.5498410e-03 -1.0404610e-03
 -5.6899841e-04 -5.5224960e-04 -7.1503180e-04 -5.2735294e-04 -1.8324324e-04
  1.3883943e-05  1.3686804e-05 -8.6653418e-05  8.8839428e-05  8.1208267e-04
  2.3503180e-03  4.7049285e-03  6.9394277e-03  8.1422893e-03  8.4197138e-03
  8.0468998e-03  6.5255167e-03  3.5951510e-03 -6.1718601e-05 -3.5626391e-03
 -5.9939587e-03 -6.8562003e-03 -6.7935612e-03 -6.8279809e-03 -6.6852146e-03
 -5.4242448e-03 -3.6282194e-03 -2.3883148e-03 -1.5219396e-03 -5.5444356e-04
  6.1247218e-04  1.7368045e-03  2.1815580e-03  1.8727345e-03  1.5828299e-03
  1.7186010e-03  1.5267886e-03  4.4979332e-04 -7.6633545e-04 -1.3860095e-03
 -1.3961049e-03 -1.2613672e-03 -1.5203498e-03 -1.8709062e-03 -1.6714626e-03
 -1.0790938e-03 -4.8227345e-04  2.2731320e-04  1.0994436e-03  1.7197933e-03
  1.8065978e-03  1.4836248e-03  8.3354531e-04 -9.1534181e-05 -1.0877583e-03
 -1.7980127e-03 -1.6447536e-03 -8.0580286e-04 -2.7497615e-04 -1.5569952e-04
 -1.4632750e-06  1.1876789e-04 -5.6041335e-05 -8.5015898e-04 -2.1557234e-03
 -3.3757552e-03 -4.2389507e-03 -4.5527822e-03 -4.0984102e-03 -3.2081876e-03
 -2.4500795e-03 -2.1779014e-03 -2.4062798e-03 -2.6809221e-03 -2.2971383e-03
 -1.0087440e-03  5.0914149e-04  1.4167727e-03  1.6624006e-03  1.7584261e-03
  1.8488871e-03  1.7849762e-03  1.8229730e-03  2.1302862e-03  2.4740064e-03
  2.8746423e-03  3.2689189e-03  3.1725755e-03  2.7005564e-03  2.5740064e-03
  2.8612083e-03  2.9987281e-03  2.7533386e-03  2.5226550e-03  2.5534181e-03
  2.3037361e-03  1.5476153e-03  8.3282989e-04  5.4105723e-04  8.4896661e-04
  1.4515103e-03  1.5047695e-03  1.0730525e-03  7.9682035e-04  6.2946741e-04
  4.5095390e-04  5.3659777e-04  1.1094595e-03  2.0042925e-03  2.8114467e-03
  3.4064388e-03  3.7093005e-03  3.4808426e-03  2.9387122e-03  2.2103339e-03
  1.1120827e-03 -1.2101749e-04 -1.0475358e-03 -1.6582671e-03 -2.4360890e-03
 -3.3907790e-03 -3.8463434e-03 -3.6805246e-03 -3.4895866e-03 -3.3775040e-03
 -2.7537361e-03 -1.4616057e-03  4.3951510e-06  1.2217011e-03  1.7449126e-03
  1.1496820e-03 -2.5592210e-04 -1.6440382e-03 -2.6224960e-03 -3.1044515e-03
 -2.7411765e-03 -1.5560413e-03 -2.3786963e-04  6.9120032e-04  1.1940382e-03
  1.4303657e-03  1.7565183e-03  2.2802067e-03  2.6308426e-03  2.7153418e-03
  2.4305246e-03  1.4813196e-03  2.2588235e-04 -7.3080286e-04 -1.5080286e-03
 -2.6699523e-03 -4.1165342e-03 -5.0669316e-03 -5.3318760e-03 -5.2768680e-03
 -4.8829889e-03 -3.7319555e-03 -1.7013514e-03  6.6643084e-04  2.5950715e-03
  3.3771065e-03  3.0569952e-03  2.3000000e-03  1.3746423e-03  6.2426868e-04
  5.4546900e-04  9.2273450e-04  1.1715421e-03  1.1920509e-03  1.2529412e-03
  1.2673291e-03  8.4109698e-04 -1.0128776e-04 -1.1453100e-03 -1.8150238e-03
 -2.0626391e-03 -2.1612083e-03 -2.4547695e-03 -2.7583466e-03 -2.3776630e-03
 -1.3432432e-03 -5.8960254e-04 -4.6557234e-04 -1.6146264e-04  5.5089030e-04
  1.0289348e-03  1.3290938e-03  1.7360890e-03  2.1065183e-03  2.2617647e-03
  1.8330684e-03  7.0226550e-04 -5.2881558e-04 -1.4190779e-03 -2.1087440e-03
 -2.4141494e-03 -2.0195548e-03 -1.1995231e-03 -1.5019873e-04  1.0096184e-03
  1.6321145e-03  1.4162957e-03  8.8306836e-04  1.5083466e-04 -7.9562798e-04
 -1.2749603e-03 -1.1342607e-03 -7.6883148e-04 -3.4025437e-04  2.0055644e-04
  1.1264706e-03  2.2408585e-03  2.9609698e-03  3.0756757e-03  2.7361685e-03
  2.2956280e-03  1.8977742e-03  1.5729730e-03  1.4777424e-03  1.2298092e-03
  3.0524642e-04 -8.7925278e-04 -1.7706677e-03 -2.4306836e-03 -2.9499205e-03
 -3.4216216e-03 -3.7888712e-03 -3.7840223e-03 -3.6442766e-03 -3.8075517e-03
 -4.0643084e-03 -3.7740064e-03 -2.7766296e-03 -1.6612083e-03 -8.7726550e-04
 -2.8193164e-04  3.0998410e-04  7.6495231e-04  1.0413355e-03  1.4634340e-03
  1.9594595e-03  2.0459459e-03  1.9860890e-03  2.4113672e-03  3.0111288e-03
  3.0980127e-03  2.5062003e-03  1.3414149e-03  1.4318760e-04 -4.2448331e-04
 -6.0595390e-04 -6.5398251e-04  6.9979332e-05  1.6624801e-03  3.1951510e-03
  3.8166932e-03  3.2755962e-03  1.9961844e-03  6.7325119e-04 -3.4585056e-04
 -1.0759936e-03 -1.3953100e-03 -1.0635135e-03 -3.3944356e-04  3.4872019e-04
  7.4746423e-04  6.3818760e-04  1.6536566e-04 -3.9459459e-04 -9.1351351e-04
 -1.0686010e-03 -7.5282194e-04 -3.4332273e-04 -3.2937202e-05  7.9928458e-05
 -1.4911765e-04 -6.0042130e-04 -1.2617647e-03 -2.1444356e-03 -3.0771065e-03
 -3.9496025e-03 -4.5682830e-03 -4.7426073e-03 -4.4256757e-03 -3.5193959e-03
 -2.1108903e-03 -7.3605723e-04  3.4731320e-04  1.5603339e-03  2.8436407e-03
  3.4350556e-03  3.2696343e-03  2.9810016e-03  2.7576312e-03  2.5806836e-03
  2.6137520e-03  2.8131955e-03  3.0343402e-03  3.1682035e-03  3.1207472e-03
  2.9398251e-03  2.6791733e-03  2.2038951e-03  1.2749603e-03  7.2906200e-05
 -8.2988871e-04 -1.2641494e-03 -1.4609698e-03 -1.6627186e-03 -1.8629571e-03
 -1.7597774e-03 -1.3558029e-03 -1.1170906e-03 -1.3237679e-03 -1.6376789e-03
 -1.4772655e-03 -9.5763116e-04 -7.1186804e-04 -7.7387122e-04 -8.1001590e-04
 -8.0977742e-04 -7.5356121e-04 -4.6816375e-04 -1.4222576e-05  4.0138315e-04
  5.9238474e-04  3.5911765e-04 -1.9633545e-04 -8.3688394e-04 -1.5289348e-03
 -2.1496025e-03 -2.4836248e-03 -2.4062798e-03 -2.1945151e-03 -2.3429253e-03
 -2.6102544e-03 -2.3773450e-03 -1.6274245e-03 -6.5545310e-04  3.0324324e-04
  1.0320350e-03  1.5658188e-03  1.9934022e-03  2.1790938e-03  2.0917329e-03
  1.7543720e-03  1.1943561e-03  7.4588235e-04  7.0705882e-04  9.0906200e-04
  1.0668521e-03  1.2907790e-03  1.7062003e-03  2.0125596e-03  2.1372019e-03
  2.1911765e-03  1.9282989e-03  1.4532591e-03  1.3219396e-03  1.4284579e-03
  1.1318760e-03  3.8980922e-04 -3.2670906e-04 -8.8489666e-04 -1.4665342e-03
 -2.1304452e-03 -2.8980127e-03 -3.6274245e-03 -4.0308426e-03 -4.0218601e-03
 -3.5600159e-03 -2.6171701e-03 -1.2565978e-03  2.0784579e-04  1.2721781e-03
  1.8213831e-03  1.9720191e-03  1.8450715e-03  1.5987281e-03  1.1983307e-03
  5.8643084e-04  1.7431638e-06 -2.2583466e-04 -1.0837838e-06  6.3441971e-04
  1.4604928e-03  1.9894277e-03  1.9755962e-03  1.6806836e-03  1.3451510e-03
  1.0484102e-03  8.3473768e-04  6.6517488e-04  5.4803657e-04  4.1920509e-04
  2.1134340e-04  1.4457075e-04  3.5209062e-04  6.1873609e-04  7.5313196e-04
  7.4884738e-04  7.2387122e-04  7.0837043e-04  4.0608108e-04 -3.3989666e-04
 -9.4777424e-04 -7.5724960e-04 -1.4053259e-05  6.8342607e-04  1.0790938e-03
  1.0410175e-03  7.1066773e-04  4.1722576e-04  7.2363275e-05 -3.9327504e-04
 -5.9438792e-04 -2.9643084e-04  3.0481717e-04  8.2138315e-04  1.0001590e-03
  8.7201908e-04  4.9057234e-04 -4.1426868e-05 -4.7755962e-04 -7.5618442e-04
 -9.8124006e-04 -1.2724165e-03 -1.6376789e-03 -1.8017488e-03 -1.4461844e-03
 -7.2768680e-04 -1.6674881e-04  2.4622417e-04  8.0651828e-04  1.2175676e-03
  1.1199523e-03  7.4375199e-04  2.9076312e-04 -2.2427663e-04 -5.9806041e-04
 -6.3695548e-04 -1.2296502e-04  8.8084261e-04  1.7497615e-03  2.0397456e-03
  1.8144674e-03  1.1651033e-03  2.4151828e-04 -7.0422099e-04 -1.6591415e-03
 -2.3974563e-03 -2.4991256e-03 -2.0614467e-03 -1.2464229e-03  1.3119237e-05
  1.5002385e-03  2.7775835e-03  3.5058824e-03  3.5546105e-03  3.0099364e-03
  1.9816375e-03  6.3380763e-04 -6.9805246e-04 -1.7103339e-03 -2.1724165e-03
 -1.8786963e-03 -9.2559618e-04  1.1759141e-04  7.5313990e-04  1.0308426e-03
  1.0828299e-03  9.2090620e-04  6.5135135e-04  3.5124801e-04  1.6333863e-04
  3.1662162e-04  6.8393482e-04  8.2329094e-04  5.5337838e-04  1.3478537e-04
 -2.3158188e-04 -7.5184420e-04 -1.5851351e-03 -2.2880763e-03 -2.3946741e-03
 -2.2519873e-03 -2.2163752e-03 -2.1194754e-03 -1.8659777e-03 -1.5223370e-03
 -1.2856916e-03 -1.2038156e-03 -9.2352941e-04 -2.6328299e-04  5.6154213e-04
  1.1719396e-03  1.4026232e-03  1.6779014e-03  2.1073132e-03  2.1321145e-03
  1.6891097e-03  1.1684420e-03  7.0444356e-04  2.7492051e-04 -1.7756757e-04
 -7.1205882e-04 -1.1876789e-03 -1.3817170e-03 -1.2893482e-03 -1.0795707e-03
 -8.5389507e-04 -6.2597774e-04 -5.0660572e-04 -5.0919714e-04 -6.6219396e-04
 -1.0391892e-03 -1.2062798e-03 -9.3696343e-04 -6.4004769e-04 -4.9620032e-04
 -5.5163752e-04 -8.3688394e-04 -1.0990461e-03 -1.1625596e-03 -1.2001590e-03
 -1.3969793e-03 -1.6704293e-03 -2.0291733e-03 -2.2999205e-03 -2.0485692e-03
 -1.5163752e-03 -1.1155803e-03 -6.6783784e-04 -2.5330684e-04 -1.6687599e-04
 -1.9336248e-04 -2.0207472e-04 -2.1213037e-04 -7.3465819e-05  2.5845787e-06
 -2.6404610e-04 -6.6108108e-04 -9.7710652e-04 -1.3225755e-03 -1.6419714e-03
 -1.6106518e-03 -1.1957075e-03 -8.3823529e-04 -8.9570747e-04 -1.2054054e-03
 -1.4414944e-03 -1.5044515e-03 -1.4121622e-03 -1.0521463e-03 -2.5185215e-04
  7.9856916e-04  1.6306836e-03  2.0372019e-03  2.1444356e-03  2.1081876e-03
  1.9511129e-03  1.7151033e-03  1.6662957e-03  1.8631955e-03  1.9999205e-03
  1.8880763e-03  1.5108903e-03  1.2982512e-03  1.3948331e-03  1.0958665e-03
  4.6096979e-04  9.3926868e-05 -2.6563593e-04 -9.5333863e-04 -1.5073132e-03
 -1.5379173e-03 -1.1387122e-03 -3.8671701e-04  4.3728935e-04  9.6168521e-04
  1.1770270e-03  1.2432432e-03  1.0797297e-03  5.2595390e-04 -1.5951510e-04
 -7.4216216e-04 -1.3751192e-03 -1.8557234e-03 -1.6695548e-03 -8.5230525e-04
  9.0969793e-05  9.4141494e-04  1.7159777e-03  2.2197933e-03  2.3151033e-03
  2.0081081e-03  1.5007154e-03  1.1805246e-03  1.0461049e-03  9.2647059e-04
  9.1303657e-04  9.0349762e-04  8.5381558e-04  1.0336248e-03  1.2306041e-03
