Scaled from
PEER NGA STRONG MOTION DATABASE RECORD
ACCELERATION TIME SERIES IN UNITS OF G
NPTS= 2999.000000, DT= 0.020000, Scalar= 1.000000
  2.9847688e-04  5.6268070e-04  4.7654389e-04  5.1038493e-04  4.9590695e-04
  5.0528939e-04  4.9692606e-04  5.0629742e-04  4.9856549e-04  5.0725007e-04
  5.0132373e-04  5.0890058e-04  5.0448075e-04  5.1121573e-04  5.0772639e-04
  5.1376350e-04  5.1075048e-04  5.1591249e-04  5.1294378e-04  5.1700914e-04
  5.1355303e-04  5.1628912e-04  5.1200222e-04  5.1305456e-04  5.0733869e-04
  5.0621988e-04  4.9863196e-04  4.9487677e-04  4.8432013e-04  4.7688729e-04
  4.6271947e-04  4.5063417e-04  4.3176959e-04  4.1444475e-04  3.9009693e-04
  3.6672390e-04  3.3618388e-04  3.0627527e-04  2.6911105e-04  2.3220161e-04
  1.8846857e-04  1.4336195e-04  9.0938798e-05  3.7181944e-05 -2.6991969e-05
 -9.1604542e-05 -1.5859319e-04 -2.2389366e-04 -2.9819994e-04 -3.7395735e-04
 -4.5363611e-04 -5.3190806e-04 -6.1525339e-04 -6.9950706e-04 -7.8793686e-04
 -8.7651066e-04 -9.7153143e-04 -1.0672722e-03 -1.1672113e-03 -1.2642481e-03
 -1.3603988e-03 -1.4493492e-03 -1.5326502e-03 -1.6052063e-03 -1.6757685e-03
 -1.7420105e-03 -1.8088064e-03 -1.8744946e-03 -1.9433952e-03 -2.0093049e-03
 -2.0742177e-03 -2.1303794e-03 -2.1744669e-03 -2.2001662e-03 -2.2120188e-03
 -2.2080310e-03 -2.1987261e-03 -2.1865411e-03 -2.1776793e-03 -2.1708114e-03
 -2.1730269e-03 -2.1779009e-03 -2.1827749e-03 -2.1788978e-03 -2.1644974e-03
 -2.1320410e-03 -2.0856273e-03 -2.0255885e-03 -1.9570202e-03 -1.8841318e-03
 -1.8172251e-03 -1.7571864e-03 -1.7046801e-03 -1.6536140e-03 -1.6039878e-03
 -1.5390750e-03 -1.4534478e-03 -1.3458876e-03 -1.2191637e-03 -1.0763334e-03
 -9.2994738e-04 -7.8964276e-04 -6.6720576e-04 -5.5987815e-04 -4.6750485e-04
 -3.7970645e-04 -2.8597065e-04 -1.7239546e-04 -3.3601772e-05  1.3339241e-04
  3.1417336e-04  4.9762393e-04  6.6609803e-04  8.0983661e-04  9.1761839e-04
  9.9656605e-04  1.0593852e-03  1.1190252e-03  1.1950152e-03  1.2867350e-03
  1.3819994e-03  1.5254500e-03  1.6973691e-03  1.8287455e-03  1.9144835e-03
  1.9630019e-03  1.9669898e-03  1.9441706e-03  1.9114927e-03  1.8935475e-03
  1.9038493e-03  1.9448352e-03  2.0144004e-03  2.0828579e-03  2.1211853e-03
  2.1482138e-03  2.1434506e-03  2.0920521e-03  2.0140681e-03  1.9217945e-03
  1.8494600e-03  1.8239823e-03  1.8122404e-03  1.8363888e-03  1.9076156e-03
  1.9703129e-03  2.0057602e-03  2.0241484e-03  1.9932429e-03  1.9141512e-03
  1.8152312e-03  1.7054556e-03  1.6190529e-03  1.5755192e-03  1.5662143e-03
  1.5925782e-03  1.6309056e-03  1.6769870e-03  1.7124342e-03  1.6864027e-03
  1.5952368e-03  1.4604265e-03  1.2881750e-03  1.0984547e-03  9.0874550e-04
  7.3155359e-04  5.6457491e-04  4.0472999e-04  2.3911382e-04  5.0905566e-05
 -1.7626142e-04 -4.5130989e-04 -7.7112157e-04 -1.1411797e-03 -1.5576849e-03
 -1.9783993e-03 -2.3721961e-03 -2.7535863e-03 -3.1600111e-03 -3.5339795e-03
 -3.8712822e-03 -4.2327333e-03 -4.5773470e-03 -4.9012462e-03 -5.2441983e-03
 -5.5178067e-03 -5.7368042e-03 -6.0765439e-03 -6.4355580e-03 -6.7601218e-03
 -7.2776516e-03 -7.7135420e-03 -7.8310717e-03 -7.9973415e-03 -8.0945998e-03
 -7.6153974e-03 -7.0688452e-03 -7.4829133e-03 -8.3243423e-03 -8.5251731e-03
 -9.0983107e-03 -9.9877042e-03 -9.4734976e-03 -8.6777070e-03 -7.4947660e-03
 -4.2967599e-03 -3.4596511e-03 -7.6619219e-03 -1.0420936e-02 -9.3540847e-03
 -1.0835558e-02 -1.3572971e-02 -8.2587649e-03  2.2792578e-03  7.3962891e-03
  7.4014954e-03  6.7744115e-03  4.3316533e-03 -8.2526724e-04 -5.7447798e-03
 -7.6753254e-03 -4.5447798e-03  1.9509277e-03  1.5933536e-03 -3.0369427e-03
  4.3963445e-03  1.3932983e-02  7.1502631e-03 -6.4021047e-03 -1.7324841e-02
 -2.1371365e-02 -9.3873165e-03 -4.3337580e-04 -1.3880919e-02 -1.6818610e-02
  1.9915813e-02  6.0728884e-02  5.4535586e-02  1.6316810e-02 -2.6913320e-03
 -8.4242592e-03 -2.7041817e-02 -2.8704514e-02  1.7721407e-03  1.9266685e-02
  6.6456937e-03 -2.4908336e-03  2.0242592e-02  7.0551094e-02  1.0133924e-01
  7.8131266e-02  4.1024647e-02  2.7047355e-02  1.4103572e-02 -2.2064802e-03
  3.8984215e-03  1.8685129e-02  1.3857657e-02  9.6763223e-03  1.6944891e-02
  7.8246469e-03 -2.1148712e-03  1.1871504e-02  2.1169759e-02  1.9171421e-02
  2.3925782e-02  1.8960953e-02  4.9651620e-03  5.7771255e-03  5.8675159e-03
 -8.9707006e-03 -1.4487953e-02 -1.1743007e-02 -2.7292163e-02 -3.6625865e-02
 -1.8187760e-04  4.7809471e-02  5.6880642e-02  4.1962891e-02  3.6219330e-02
  4.0110773e-02  4.0191637e-02  2.6038217e-02 -1.3831072e-02 -4.9810025e-02
 -2.0813071e-02  4.5777901e-02  6.5346995e-02  3.7037940e-02  4.3879258e-03
 -2.4782055e-02 -3.6903905e-02 -1.6629189e-02  1.5159236e-02  3.2453060e-02
  2.6493492e-02  8.2252008e-03  1.9346441e-02  7.1088341e-02  1.0047411e-01
  7.8411520e-02  3.1848241e-02 -1.8626419e-02 -3.5334256e-02 -1.1545832e-02
 -5.8174467e-03 -2.9138743e-02 -2.9283855e-02  6.8218222e-03  4.3130435e-02
  5.3324841e-02  3.3248408e-02 -8.3325395e-03 -3.9491554e-02 -4.3861534e-02
 -4.2083633e-02 -5.0186652e-02 -8.4683467e-02 -1.4873442e-01 -1.8965384e-01
 -1.7680421e-01 -1.4803655e-01 -1.0321684e-01 -1.8754916e-02  4.5909720e-02
  3.5406259e-02  1.4232069e-03  1.1822764e-02  3.2518416e-02 -3.9214622e-03
 -6.5152035e-02 -8.1076710e-02 -5.5222376e-02 -3.3418998e-02 -4.3388535e-02
 -6.3303240e-02 -4.3030739e-02  1.5911382e-02  5.0830241e-02  3.1703129e-02
  1.4647466e-02  3.8144558e-02  5.2110773e-02  2.1311548e-02 -2.0075325e-02
 -2.6777070e-02  8.5453337e-04  6.2263085e-03 -4.2100249e-02 -8.8958183e-02
 -8.5455552e-02 -6.9416782e-02 -9.3609526e-02 -1.3993908e-01 -1.5781778e-01
 -1.5638881e-01 -1.8516754e-01 -2.3788424e-01 -2.7168097e-01 -2.8264747e-01
 -2.8953752e-01 -3.0013847e-01 -3.1554694e-01 -3.2860703e-01 -3.2878427e-01
 -3.1441706e-01 -2.8944891e-01 -2.5303794e-01 -1.8978676e-01 -9.8732761e-02
 -2.5699252e-02  2.1981723e-02  1.4308502e-01  3.6072002e-01  5.2328995e-01
  5.7177513e-01  6.2245361e-01  7.2643589e-01  8.3292163e-01  8.8536140e-01
  8.4690114e-01  7.4551094e-01  6.3442814e-01  5.2799778e-01  4.4335641e-01
  3.8079202e-01  3.0409305e-01  2.1259485e-01  1.3453337e-01  6.6109111e-02
 -9.9869288e-03 -1.0600277e-01 -2.4371088e-01 -4.0467461e-01 -5.2491831e-01
 -5.9760731e-01 -6.6324010e-01 -7.1985600e-01 -7.5782886e-01 -7.8824702e-01
 -8.0992523e-01 -8.2418167e-01 -8.3574633e-01 -8.3174744e-01 -7.8795901e-01
 -6.8358903e-01 -5.2632512e-01 -3.6013293e-01 -2.2026032e-01 -1.0096483e-01
  1.9871504e-02  1.5904736e-01  3.2705622e-01  5.0598726e-01  6.5454445e-01
  7.6212683e-01  8.4496261e-01  9.0723899e-01  9.5162559e-01  9.8359457e-01
  9.9995569e-01  1.0000000e+00  9.8511216e-01  9.4164497e-01  8.5318194e-01
  7.2389920e-01  5.8137912e-01  4.5444475e-01  3.4177790e-01  2.2609803e-01
  1.1711991e-01  4.3628912e-02  9.8774855e-03 -1.7193021e-02 -9.8810302e-02
 -2.6014954e-01 -3.8524508e-01 -3.6652451e-01 -3.1026309e-01 -3.2035447e-01
 -3.3457768e-01 -3.0996400e-01 -2.7550263e-01 -2.5541955e-01 -2.6772639e-01
 -3.0605372e-01 -3.2867350e-01 -3.1371919e-01 -2.7108280e-01 -2.0159513e-01
 -1.3396843e-01 -1.3287178e-01 -1.8527832e-01 -2.1054556e-01 -1.8546663e-01
 -1.3116588e-01 -6.4970368e-02 -3.6543894e-02 -7.5148158e-02 -1.1828302e-01
 -1.3421213e-01 -1.6665744e-01 -1.9034063e-01 -1.5168097e-01 -8.7028524e-02
 -4.5887566e-02 -3.2166159e-02 -4.4568264e-02 -5.2283578e-02  8.7255608e-03
  1.3078926e-01  2.3349765e-01  2.7009693e-01  2.4056494e-01  1.5798394e-01
  4.7646635e-02 -5.6913874e-02 -1.3657159e-01 -2.0299086e-01 -2.8283578e-01
 -3.6470784e-01 -3.9673221e-01 -3.7937413e-01 -3.5207976e-01 -2.8837441e-01
 -1.6323456e-01 -3.8811410e-02  3.4355026e-02  6.9555248e-02  8.9661590e-02
  1.1936860e-01  1.5473830e-01  1.3351426e-01  3.6406536e-02 -7.3739130e-02
 -1.6653559e-01 -2.4849626e-01 -2.9232899e-01 -3.0258654e-01 -3.3199668e-01
 -3.7471061e-01 -3.9137081e-01 -3.9262254e-01 -3.7395735e-01 -2.9733592e-01
 -1.8462476e-01 -8.0979230e-02  1.2001108e-02  9.7446691e-02  1.7368042e-01
  2.5211853e-01  3.2892827e-01  3.7345888e-01  3.7671559e-01  3.7047909e-01
  3.8187760e-01  4.0268070e-01  4.0086403e-01  3.5472722e-01  2.9338133e-01
  2.7926890e-01  3.0376073e-01  2.8766547e-01  2.1692606e-01  1.5286624e-01
  9.7991692e-02 -2.4500692e-02 -1.5534755e-01 -1.4774855e-01 -5.2213791e-02
  1.9817225e-02  4.9681529e-02  3.0659651e-02 -4.3230130e-04  9.7989477e-03
  5.1595680e-02  1.0005317e-01  1.3054556e-01  8.7030739e-02 -2.6968707e-02
 -1.4882304e-01 -2.7788424e-01 -3.8360565e-01 -3.9265577e-01 -3.4382719e-01
 -3.0630850e-01 -2.6693991e-01 -2.0930490e-01 -1.4145666e-01 -6.7330933e-02
 -1.3025755e-02 -1.0105566e-03  2.1811133e-02  1.0948768e-01  2.0535032e-01
  2.3054002e-01  2.0088618e-01  1.9795071e-01  2.2727222e-01  1.7680421e-01
  1.6433121e-02 -1.5017447e-01 -2.7634450e-01 -3.8275270e-01 -4.3708668e-01
 -3.9740792e-01 -2.7973415e-01 -1.1616727e-01  5.8314040e-02  1.9529216e-01
  2.7543617e-01  3.3230684e-01  3.8643035e-01  3.9426198e-01  3.2114096e-01
  2.0790917e-01  1.0107893e-01  1.2492938e-02 -4.7671005e-02 -1.1510385e-01
 -2.4208253e-01 -3.9320964e-01 -4.6727222e-01 -4.1248408e-01 -2.8450845e-01
 -1.6044309e-01 -5.4869011e-02  6.9712545e-02  2.4314594e-01  4.3751869e-01
  6.0296871e-01  7.1099418e-01  7.4914428e-01  7.1769593e-01  6.2130158e-01
  4.6584326e-01  2.7520354e-01  8.9701468e-02 -7.0675159e-02 -2.0881750e-01
 -3.0315148e-01 -3.3363611e-01 -3.2814179e-01 -3.1235669e-01 -2.7873719e-01
 -2.1675990e-01 -1.2796455e-01 -3.7864304e-02  3.7103295e-02  1.1304348e-01
  2.0136250e-01  3.0575464e-01  3.9596788e-01  3.9821656e-01  3.0052617e-01
  1.8409305e-01  1.0069454e-01  2.0960399e-02 -6.2067017e-02 -1.0029133e-01
 -8.1014677e-02 -3.8944337e-02  6.9712545e-03  5.6305732e-02  8.5170867e-02
  6.7248962e-02  2.5835503e-02  1.5883689e-02  5.1920244e-02  8.4396566e-02
  7.0777070e-02  2.6239823e-02 -2.2151205e-02 -6.7079479e-02 -8.9364719e-02
 -7.5265577e-02 -6.0014400e-02 -7.0064802e-02 -8.4264747e-02 -1.0671393e-01
 -1.6445306e-01 -2.2493492e-01 -2.4227084e-01 -2.3307671e-01 -2.2453614e-01
 -2.3076156e-01 -2.7066187e-01 -3.2767654e-01 -3.5505954e-01 -3.3252839e-01
 -2.7921351e-01 -2.2651897e-01 -1.8743838e-01 -1.6240377e-01 -1.5176959e-01
 -1.3849903e-01 -9.1289947e-02  1.0573359e-03  1.0517530e-01  1.7795624e-01
  2.1668236e-01  2.4076433e-01  2.5541955e-01  2.5835503e-01  2.5252839e-01
  2.2401551e-01  1.4350595e-01  2.5327056e-02 -6.8764331e-02 -1.0405096e-01
 -1.0493381e-01 -1.1430629e-01 -1.3762393e-01 -1.2261423e-01 -3.8085849e-02
  5.1761839e-02  7.7651620e-02  6.3287732e-02  6.6297425e-02  7.8084741e-02
  5.5642204e-02  8.0426475e-03 -2.8243700e-02 -3.9216837e-02 -3.5398505e-02
 -3.8595403e-02 -5.1776239e-02 -5.9718637e-02 -6.3391858e-02 -7.9423982e-02
 -1.1246746e-01 -1.5141512e-01 -1.7790086e-01 -1.7610634e-01 -1.4963168e-01
 -1.0465799e-01 -4.3014124e-02  1.0703185e-02  3.0465799e-02  1.9782886e-02
  2.7257823e-03  4.9502077e-03  3.4189975e-02  7.4011631e-02  1.0183772e-01
  1.1535863e-01  1.2332318e-01  1.2752146e-01  1.3395735e-01  1.3774578e-01
  1.1987815e-01  9.0274162e-02  7.0033786e-02  4.5284963e-02 -4.3831626e-03
 -6.6603157e-02 -1.1318748e-01 -1.2859596e-01 -1.1007256e-01 -6.4890612e-02
 -1.4373858e-02  1.4404874e-02  1.2798671e-02  2.5611742e-03  9.5591249e-03
  3.9061756e-02  7.3869842e-02  8.6424813e-02  7.3703683e-02  6.0394351e-02
  6.2446968e-02  7.9405151e-02  9.8625312e-02  1.0500138e-01  9.7024647e-02
  8.5847688e-02  8.8672390e-02  1.0766547e-01  1.2578233e-01  1.3374688e-01
  1.3924121e-01  1.5190252e-01  1.6446414e-01  1.5420659e-01  1.1823872e-01
  8.4063140e-02  6.0458599e-02  3.1642204e-02 -4.9530878e-03 -4.3397397e-02
 -7.6376627e-02 -1.0555414e-01 -1.4048186e-01 -1.7044586e-01 -1.8036001e-01
 -1.7774578e-01 -1.7457768e-01 -1.6272501e-01 -1.2720022e-01 -7.9022985e-02
 -3.8249792e-02 -1.5470507e-03  3.3914151e-02  5.2222653e-02  5.0872335e-02
  4.5721407e-02  2.8784270e-02 -1.4312933e-02 -5.5694268e-02 -7.7428967e-02
 -1.0395680e-01 -1.3667128e-01 -1.6014400e-01 -1.8061479e-01 -2.0563833e-01
 -2.2337303e-01 -2.1193021e-01 -1.7148712e-01 -1.1726392e-01 -5.1479369e-02
  1.8649682e-02  7.0679590e-02  1.0375298e-01  1.4076987e-01  1.8350595e-01
  2.1716976e-01  2.3674328e-01  2.4432013e-01  2.4179452e-01  2.1091110e-01
  1.4383827e-01  7.8393797e-02  3.3451122e-02 -2.7555802e-03 -2.7267793e-02
 -4.6543340e-02 -7.4152312e-02 -1.0072778e-01 -1.1469399e-01 -1.1570202e-01
 -1.0436001e-01 -8.4758793e-02 -6.7852672e-02 -6.7994461e-02 -8.6212130e-02
 -1.0057491e-01 -9.7227361e-02 -8.9178621e-02 -9.0220991e-02 -9.6548325e-02
 -9.9130435e-02 -9.6024370e-02 -8.2349488e-02 -5.1170313e-02 -1.4358349e-02
  8.1570756e-03  1.6737746e-02  1.6919413e-02  6.0227084e-03 -3.7674882e-03
 -1.2704514e-03 -1.6518416e-03 -6.3829410e-03 -1.8438106e-03 -5.2260316e-03
 -2.8266962e-02 -4.4957076e-02 -4.1122127e-02 -3.0343949e-02 -1.3931875e-02
  2.0673498e-02  6.1672667e-02  8.3318748e-02  8.7576849e-02  9.4496815e-02
  1.1399612e-01  1.4513431e-01  1.7980615e-01  2.0724453e-01  2.2392689e-01
  2.3706453e-01  2.5019108e-01  2.5174190e-01  2.3026309e-01  1.8884520e-01
  1.3572971e-01  7.1355303e-02 -7.1309886e-04 -6.7181390e-02 -1.1884796e-01
 -1.5411797e-01 -1.7323733e-01 -1.7453337e-01 -1.6049848e-01 -1.4512323e-01
 -1.3454445e-01 -1.1192467e-01 -6.7887012e-02 -2.0480753e-02  1.6628081e-02
  4.7194683e-02  6.8093049e-02  7.5493769e-02  8.2419274e-02  9.8410413e-02
  1.1328718e-01  1.1143727e-01  8.6108003e-02  4.6440321e-02  1.1466076e-02
 -1.3752423e-02 -3.7669344e-02 -5.7220714e-02 -6.1457768e-02 -5.0114650e-02
 -3.3721407e-02 -2.3166990e-02 -1.6953752e-02 -5.5817225e-03  1.1673221e-02
  2.9769039e-02  4.6878981e-02  6.2696206e-02  7.7068956e-02  8.5478815e-02
  8.3431736e-02  7.7592911e-02  7.3827749e-02  6.6178898e-02  4.9563002e-02
  3.1514816e-02  2.6137912e-02  3.1623373e-02  2.8069787e-02  1.1183606e-02
  5.1978953e-03  2.5806702e-02  4.9061202e-02  4.3041817e-02  1.2608142e-02
 -1.6653559e-02 -3.5149266e-02 -5.2644697e-02 -8.3481584e-02 -1.2952645e-01
 -1.7443367e-01 -2.0227084e-01 -2.1020216e-01 -1.9801717e-01 -1.6945998e-01
 -1.4012739e-01 -1.1940183e-01 -1.0243811e-01 -9.0884520e-02 -9.7291609e-02
 -1.1823872e-01 -1.2593741e-01 -1.0724564e-01 -7.9793963e-02 -5.4946552e-02
 -2.5450014e-02  9.9296594e-03  4.6977569e-02  8.7419551e-02  1.2831903e-01
  1.5678759e-01  1.6499585e-01  1.6056494e-01  1.4748269e-01  1.1731930e-01
  7.9039601e-02  5.4201052e-02  4.0179452e-02  2.3375242e-02  6.7001939e-03
 -2.5863196e-03 -1.0378399e-02 -3.0407089e-02 -6.6743838e-02 -1.0439989e-01
 -1.2135143e-01 -1.1467184e-01 -1.0147660e-01 -8.8870673e-02 -6.8369981e-02
 -3.5981169e-02  2.9153143e-03  3.7168651e-02  5.7767931e-02  7.2019939e-02
  9.3389089e-02  1.1679867e-01  1.2509554e-01  1.1030296e-01  7.6485184e-02
  3.6118527e-02  4.0088618e-03 -1.7910828e-02 -4.2235392e-02 -7.5575741e-02
 -1.0467239e-01 -1.1467184e-01 -1.1379673e-01 -1.1624481e-01 -1.1780670e-01
 -1.1106065e-01 -1.0350817e-01 -1.0413957e-01 -1.0504348e-01 -9.2635835e-02
 -6.6768208e-02 -3.7611742e-02 -1.4493492e-02  2.5855442e-03  2.1004708e-02
  4.0542786e-02  5.1608973e-02  5.3801163e-02  5.7157574e-02  6.0806425e-02
  5.6538355e-02  4.6024924e-02  3.3482138e-02  2.5635004e-02  3.2505123e-02
  4.6388258e-02  5.4412628e-02  6.3718637e-02  7.7596234e-02  8.3150374e-02
  7.0955414e-02  4.1164220e-02  9.9727499e-03 -8.2869011e-04  4.7226807e-03
  5.1360842e-03 -2.5354749e-03 -7.8438106e-03 -8.7625588e-03 -2.8840764e-03
  1.2027693e-02  2.6667405e-02  3.4522293e-02  4.1578510e-02  4.7791747e-02
  4.2699529e-02  2.8118527e-02  1.7040155e-02  8.6073664e-03 -5.8044863e-03
 -1.8739407e-02 -1.7508723e-02 -8.3498200e-03 -7.9190252e-03 -1.3403489e-02
 -9.0045971e-03  1.0715148e-03  1.0752035e-02  2.7745223e-02  4.2976461e-02
  4.4556079e-02  4.2771531e-02  3.9620050e-02  2.2857934e-02 -2.1485461e-03
 -2.1658266e-02 -3.7202991e-02 -5.0205483e-02 -5.2501800e-02 -4.3454999e-02
 -3.3090003e-02 -2.6989754e-02 -1.9117142e-02 -3.1981169e-03  1.6932706e-02
  3.5170313e-02  5.1061756e-02  6.4927167e-02  7.3455552e-02  7.3253946e-02
  6.7375242e-02  6.3858211e-02  6.4844088e-02  6.6021601e-02  6.7347549e-02
  7.1000831e-02  7.2621435e-02  6.5343672e-02  4.8611465e-02  2.8928275e-02
  1.4033786e-02  4.1381335e-03 -1.0690224e-02 -3.5764054e-02 -6.1718084e-02
 -7.9782886e-02 -9.3784547e-02 -1.0914207e-01 -1.2031016e-01 -1.1731930e-01
 -1.0134146e-01 -8.1503185e-02 -5.9068402e-02 -3.1919136e-02 -6.2976461e-03
  1.1357519e-02  1.9377458e-02  1.8222099e-02  1.6993631e-02  2.3500415e-02
  3.2984769e-02  4.1931875e-02  5.1250069e-02  5.7109942e-02  5.3514262e-02
  3.8157851e-02  1.2612573e-02 -2.0598172e-02 -5.4697314e-02 -7.6700083e-02
 -7.9704237e-02 -7.2872888e-02 -6.8300194e-02 -6.2422598e-02 -4.3635558e-02
 -9.6625865e-03  3.1181390e-02  6.6942121e-02  9.0409305e-02  1.0142121e-01
  9.9911382e-02  8.5823318e-02  6.1001385e-02  2.7220161e-02 -9.8027139e-03
 -4.2734976e-02 -7.0452506e-02 -9.3873165e-02 -1.0648795e-01 -1.0091387e-01
 -8.3428413e-02 -6.4932706e-02 -4.4672390e-02 -2.2421490e-02 -6.0210468e-03
  9.3159790e-03  3.3565217e-02  5.6794240e-02  6.5061202e-02  5.8924398e-02
  4.3317641e-02  2.0704514e-02 -4.9620604e-03 -2.6850180e-02 -3.9102742e-02
 -3.9868181e-02 -3.2434229e-02 -2.2489061e-02 -1.2083079e-02  5.4362780e-04
  1.5514816e-02  2.6814733e-02  2.5916367e-02  9.7143174e-03 -1.3160897e-02
 -2.4293547e-02 -1.8304071e-02 -1.5719745e-02 -3.0806979e-02 -4.8132927e-02
 -5.5428413e-02 -6.1127665e-02 -6.6853503e-02 -6.4947106e-02 -5.4958737e-02
 -4.0253669e-02 -2.3130435e-02 -5.6631404e-03  9.6686790e-03  2.0641374e-02
  2.8541678e-02  3.6768762e-02  4.4711160e-02  4.7916921e-02  4.4797563e-02
  3.9247854e-02  3.5022985e-02  3.0381612e-02  2.2712822e-02  1.3101080e-02
  3.2022155e-03 -5.2995846e-03 -1.0898034e-02 -1.4459153e-02 -1.7266131e-02
 -2.0315702e-02 -2.2727222e-02 -1.8781501e-02 -5.0584326e-03  1.2923844e-02
  2.6653005e-02  3.2819718e-02  3.4690667e-02  3.6055386e-02  3.6705622e-02
  3.7162005e-02  3.8115757e-02  3.4248685e-02  2.3556909e-02  1.4693991e-02
  1.2161728e-02  8.9780116e-03  2.2157851e-03 -3.1283301e-03 -5.4445860e-03
 -5.4798117e-03 -3.6038770e-03 -2.0248131e-03 -1.4600942e-03  8.2477984e-04
  7.5210191e-03  1.8521185e-02  2.8597065e-02  2.9360288e-02  2.2445860e-02
  1.7908613e-02  1.2610357e-02 -1.7502077e-03 -1.5539186e-02 -1.7479922e-02
 -1.4855719e-02 -1.5965660e-02 -1.5040709e-02 -6.9749100e-03  2.1565217e-03
  7.0218776e-03  9.7856549e-03  1.1759623e-02  1.2659097e-02  1.6745500e-02
  2.4508446e-02  2.7179175e-02  1.9682083e-02  5.7393520e-03 -8.6155636e-03
 -1.9222376e-02 -2.3898089e-02 -2.1839934e-02 -1.6617004e-02 -1.4476876e-02
 -1.8205483e-02 -2.4402105e-02 -2.6122404e-02 -1.9273331e-02 -5.5141512e-03
  9.6373304e-03  1.9200222e-02  1.8784824e-02  1.2220438e-02  6.3884796e-03
 -1.4175575e-04 -1.0410302e-02 -1.8558848e-02 -1.8772639e-02 -1.2849626e-02
 -6.6578787e-03 -4.6534478e-03 -3.0070341e-03  4.3494877e-03  1.4264193e-02
  2.0077541e-02  1.9602326e-02  1.5634450e-02  1.3344780e-02  1.4100249e-02
  1.4211022e-02  8.5855442e-03 -2.9255054e-03 -1.4812517e-02 -2.4731099e-02
 -3.3237330e-02 -3.8423705e-02 -3.7846580e-02 -3.1200222e-02 -2.1397951e-02
 -1.2294655e-02 -4.3150374e-03  5.2961507e-03  1.8639712e-02  3.0698421e-02
  3.3129881e-02  2.8591526e-02  2.6168928e-02  2.6212130e-02  2.4821933e-02
  2.2653005e-02  1.9040709e-02  1.1090557e-02  1.6209360e-03 -2.5834395e-03
 -2.2213237e-04  2.0889504e-03 -2.1462199e-04 -3.1924675e-03 -2.8062033e-03
 -2.3529216e-03 -5.7260593e-03 -1.0854500e-02 -1.4196621e-02 -1.4954306e-02
 -1.5848241e-02 -1.9556909e-02 -2.4037663e-02 -2.6953199e-02 -2.9975076e-02
 -3.3205206e-02 -3.1241207e-02 -2.0322348e-02 -5.5672113e-03  4.2305179e-03
  6.5983938e-03  6.9958460e-03  1.0088397e-02  1.3258377e-02  1.2800886e-02
  9.7592911e-03  8.4752146e-03  1.1251177e-02  1.2903905e-02  8.6040432e-03
  3.2706729e-03  2.1134312e-03  2.7226807e-03  2.8895043e-03  3.1769593e-03
  1.4135696e-03 -3.6482969e-03 -7.2095264e-03 -7.1170313e-03 -7.8945444e-03
 -1.0146663e-02 -8.7219053e-03 -2.2768208e-03  4.2937690e-03  6.1678205e-03
  1.5474938e-03 -8.0611465e-03 -1.6580449e-02 -1.7671559e-02 -1.2292440e-02
 -7.6644697e-03 -6.6536693e-03 -6.4109665e-03 -6.4669067e-03 -8.3874827e-03
 -1.2173913e-02 -1.6151759e-02 -1.8012739e-02 -1.7243977e-02 -1.5294378e-02
 -1.3313764e-02 -1.2083079e-02 -1.2615896e-02 -1.4199945e-02 -1.3082249e-02
 -6.5632789e-03  3.3063417e-03  1.2471891e-02  1.9080587e-02  2.3574633e-02
  2.6780393e-02  2.8464137e-02  2.7224592e-02  2.3885904e-02  2.0814179e-02
  1.8082526e-02  1.6706729e-02  1.8819164e-02  2.3139297e-02  2.6380504e-02
  2.5290501e-02  1.9159236e-02  1.1600111e-02  4.5806702e-03 -3.2106342e-03
 -1.1425090e-02 -1.8552202e-02 -2.3276655e-02 -2.4338964e-02 -2.1857657e-02
 -1.6554971e-02 -8.9474384e-03 -1.8470230e-03  1.3754639e-03  1.3683744e-03
  5.7390197e-04 -6.8302409e-04 -3.6639158e-03 -7.2536140e-03 -7.8994184e-03
 -5.5491554e-03 -3.3414567e-03 -3.7102188e-03 -7.9178067e-03 -1.3607311e-02
 -1.7037940e-02 -1.8352811e-02 -1.6974799e-02 -9.8503462e-03  9.9718637e-04
  9.6908336e-03  1.3938521e-02  1.5500415e-02  1.8493492e-02  2.4735530e-02
  2.9744669e-02  2.9147605e-02  2.3813902e-02  1.7315979e-02  1.2496261e-02
  9.1614511e-03  5.6622542e-03  2.2725007e-03 -1.1819441e-03 -7.5254500e-03
 -1.5793963e-02 -1.9900305e-02 -1.8429244e-02 -1.6676821e-02 -1.6814179e-02
 -1.4860150e-02 -8.1980615e-03  9.7092218e-04  9.8492384e-03  1.6964830e-02
  2.0105234e-02  1.8504569e-02  1.2856273e-02  2.8590418e-03 -8.3399612e-03
 -1.4232069e-02 -1.3498754e-02 -1.0598172e-02 -7.9274439e-03 -3.6885073e-03
  2.6051509e-03  6.6969814e-03  4.9934090e-03  4.9040155e-04 -2.3921351e-03
 -4.3789532e-03 -7.4655220e-03 -1.0657879e-02 -1.2440875e-02 -1.1476045e-02
 -6.3781778e-03  1.3635004e-03  8.2195514e-03  1.1894766e-02  1.0868125e-02
  5.1077264e-03 -1.0227305e-03 -3.9374135e-03 -7.1487123e-03 -1.3396843e-02
 -1.8051509e-02 -1.7694821e-02 -1.4239823e-02 -8.4062033e-03  8.5870950e-04
  1.2841872e-02  2.5561894e-02  3.6073110e-02  4.1457768e-02  4.2446968e-02
  4.1765716e-02  3.8300748e-02  2.9003600e-02  1.5882581e-02  3.8083633e-03
 -6.3501523e-03 -1.4913320e-02 -1.9427305e-02 -1.8944337e-02 -1.6620327e-02
 -1.4540017e-02 -1.1147051e-02 -6.2368319e-03 -1.7383550e-03  1.4765993e-03
  3.1806148e-03  4.4605926e-03  6.0480753e-03  4.9559679e-03  4.3959014e-04
 -3.8206591e-03 -6.7163667e-03 -8.9468845e-03 -9.8944337e-03 -8.7726392e-03
 -4.1512047e-03  4.2332872e-03  1.2712268e-02  1.7601772e-02  1.8849072e-02
  1.5222376e-02  5.5082803e-03 -2.7386320e-03 -2.3109388e-03 -9.3832179e-05
 -3.5034063e-03 -8.2510108e-03 -1.0756134e-02 -1.1511493e-02 -9.0137912e-03
 -6.7610080e-03 -1.0583107e-02 -1.6085295e-02 -1.6468568e-02 -1.3772362e-02
 -1.1510385e-02 -7.7931875e-03 -1.2389920e-03  5.8602049e-03  1.1653282e-02
  1.4911105e-02  1.4627527e-02  1.2777624e-02  1.0992523e-02  7.4340626e-03
  1.5062863e-03 -5.1243423e-03 -1.1863750e-02 -1.8799225e-02 -2.5468845e-02
 -3.0542232e-02 -3.1929106e-02 -2.8512877e-02 -2.0395458e-02 -9.3889781e-03
  1.4718361e-04  6.1622819e-03  1.0318693e-02  1.2119634e-02  1.0295874e-02
  6.3324287e-03  2.0790917e-03 -3.1597895e-04  2.3610080e-03  1.0670839e-02
  1.7751315e-02  1.5690944e-02  8.0749931e-03  2.4723345e-03 -2.5808917e-03
 -9.9863750e-03 -1.6743284e-02 -1.9536970e-02 -1.8249792e-02 -1.4110219e-02
 -9.3684852e-03 -6.1365827e-03 -3.7584049e-03 -6.2803655e-04  2.7180282e-03
  5.2381058e-03  8.1293824e-03  1.1618942e-02  1.3651620e-02  1.4551094e-02
  1.6643589e-02  2.0234838e-02  2.3295486e-02  2.4135143e-02  2.1996123e-02
  1.6235946e-02  7.7117696e-03 -1.2085295e-03 -7.5785101e-03 -9.9965660e-03
 -9.6548325e-03 -6.9560786e-03 -2.6327333e-03 -6.9822210e-05 -1.1524785e-03
 -5.6324564e-03 -1.2581556e-02 -1.8238715e-02 -1.8912213e-02 -1.5429521e-02
 -1.0562503e-02 -6.0755469e-03 -3.5783993e-03 -3.2505123e-03 -1.8047078e-03
  3.1769593e-03  9.2622542e-03  1.3700360e-02  1.6152866e-02  1.6163944e-02
  1.5323179e-02  1.5603434e-02  1.3693714e-02  8.1719191e-03  4.3304348e-03
  4.3420659e-03  4.6386043e-03  3.2098588e-03  2.7570202e-04 -4.1394628e-03
 -8.4801994e-03 -9.7334810e-03 -7.3346995e-03 -4.6995292e-03 -4.1296040e-03
 -3.2433121e-03 -2.4610357e-04  2.7225699e-03  3.1687621e-03  1.3776793e-03
  1.9453891e-04  1.2097480e-03  2.2022708e-03  9.3343672e-04 -3.1786209e-04
  2.2698421e-03  6.8233730e-03  8.7276655e-03  8.4330102e-03  7.6076433e-03
  4.4048740e-03 -2.0271393e-03 -8.6777070e-03 -1.2292440e-02 -1.3054556e-02
 -1.2330102e-02 -9.7297148e-03 -6.3440598e-03 -4.7083910e-03 -4.3828302e-03
 -4.2759346e-03 -5.8506785e-03 -9.0029355e-03 -9.9947937e-03 -7.4058156e-03
 -3.9740792e-03 -7.8680698e-04  2.5369150e-03  3.5617834e-03  3.6594849e-04
 -4.3078372e-03 -6.5068956e-03 -6.3459430e-03 -7.2724453e-03 -9.8903351e-03
 -1.0368430e-02 -7.7033509e-03 -4.9476599e-03 -1.9782886e-03  2.5738023e-03
  6.5672667e-03  8.6061479e-03  9.7361396e-03  9.7885350e-03  8.2311825e-03
  6.6295209e-03  6.0474107e-03  5.4620881e-03  6.0312379e-03  9.2972584e-03
  1.2021047e-02  1.2149543e-02  1.1447245e-02  9.4719468e-03  6.5009139e-03
  5.3033509e-03  5.1152589e-03  4.5485461e-03  4.7219053e-03  5.1013016e-03
  3.8785932e-03  1.2112988e-03 -9.4455829e-04 -1.4468014e-03 -1.4981999e-03
 -3.0819164e-03 -5.2265854e-03 -4.8161728e-03 -2.7157020e-03 -1.8715037e-03
 -1.4703960e-03  7.0111327e-05  1.7484353e-03  2.3071725e-03  1.9476045e-03
  2.0801994e-03  3.2181667e-03  3.2652451e-03  4.0057602e-04 -4.7438383e-03
 -1.0710385e-02 -1.6268070e-02 -2.0776516e-02 -2.4179452e-02 -2.5364719e-02
 -2.3007477e-02 -1.8806979e-02 -1.5529216e-02 -1.3383550e-02 -1.1494877e-02
 -9.1616727e-03 -5.4960953e-03 -8.8660205e-04  3.6652451e-03  8.1433398e-03
  1.1563556e-02  1.2896151e-02  1.4320687e-02  1.7565217e-02  1.9740792e-02
  1.8895597e-02  1.7966214e-02  1.7608419e-02  1.5492661e-02  1.4062587e-02
  1.5262254e-02  1.5158128e-02  1.2518416e-02  9.8851288e-03  6.7590141e-03
  1.6344503e-03 -4.1962891e-03 -9.0516754e-03 -1.1793963e-02 -1.1359734e-02
 -9.1412905e-03 -7.7018001e-03 -7.2619219e-03 -6.8662420e-03 -6.3378565e-03
 -6.3636666e-03 -8.5415674e-03 -1.2871781e-02 -1.5671005e-02 -1.4153420e-02
 -1.0332096e-02 -7.5098311e-03 -5.4900028e-03 -2.3682083e-03  1.3142066e-03
  3.6443091e-03  3.8602049e-03  2.5177513e-03 -3.9665467e-04 -5.1822764e-03
 -9.6391027e-03 -1.1350872e-02 -1.0812296e-02 -9.4197729e-03 -7.6453060e-03
 -5.2711160e-03 -1.8456937e-03  2.4167267e-03  6.7575741e-03  1.0653559e-02
  1.3220714e-02  1.3376904e-02  1.1086126e-02  7.4549986e-03  3.6665744e-03
  6.7667682e-04 -9.9265577e-04 -1.7806702e-03 -2.4854057e-03 -3.1294378e-03
 -2.9226253e-03 -1.7260593e-03  2.7487123e-05  1.9145943e-03  3.1035170e-03
  3.0269731e-03  2.2667405e-03  1.9805040e-03  2.5187483e-03  2.6923290e-03
  1.4832456e-03  4.7632235e-04  1.2033232e-03  2.8921628e-03  5.0300748e-03
  6.5863196e-03  6.5722515e-03  7.2880642e-03  8.9150928e-03  7.5921351e-03
  5.0016062e-03  6.0482969e-03  9.5251177e-03  1.2136250e-02  1.2910551e-02
  1.2184990e-02  1.1349765e-02  1.0125173e-02  6.2774855e-03  2.9709222e-04
 -5.2520631e-03 -9.7730269e-03 -1.3752423e-02 -1.6936029e-02 -1.7546386e-02
 -1.3637220e-02 -6.3236777e-03  1.6211576e-03  8.5942952e-03  1.3310440e-02
  1.4738300e-02  1.3621711e-02  1.0942786e-02  7.0549986e-03  2.7939075e-03
 -1.1678759e-03 -3.6291332e-03 -4.1278316e-03 -5.3571864e-03 -8.1040155e-03
 -9.3023539e-03 -8.0792024e-03 -6.8110773e-03 -6.9800055e-03 -7.1751869e-03
 -5.7956245e-03 -4.6843534e-03 -5.5232346e-03 -5.3517585e-03 -1.9159236e-03
  2.1159790e-03  3.8479092e-03  2.5832179e-03 -1.5291055e-03 -5.9690944e-03
 -7.8065910e-03 -8.7671005e-03 -1.0640266e-02 -1.0600166e-02 -7.4574356e-03
 -2.8864027e-03  2.9787870e-03  8.8826364e-03  1.1718637e-02  1.1277762e-02
  9.5867073e-03  7.4300748e-03  4.9232899e-03  2.2072556e-03  2.4291332e-05
  3.7990584e-04  2.7573525e-03  3.3317087e-03  6.9085572e-04 -2.8787593e-03
 -5.3073387e-03 -5.6971476e-03 -3.6520631e-03 -4.1381335e-04  1.9674328e-03
  2.4537247e-03  1.5052894e-03  1.1242315e-03  2.4004431e-03  3.8854611e-03
  4.5698145e-03  5.4709499e-03  6.3686513e-03  5.2780947e-03  2.2566602e-03
 -1.1850457e-03 -4.8034340e-03 -7.8725007e-03 -8.1197452e-03 -5.3399058e-03
 -2.7824979e-03 -2.2350595e-03 -1.7726945e-03 -4.6659651e-05  1.3236223e-03
  3.1981169e-04 -2.2752700e-03 -4.0094157e-03 -4.5553032e-03 -4.6453614e-03
 -3.4825810e-03 -8.8206037e-04  1.4915536e-03  2.4286901e-03  2.3222376e-03
  1.6103019e-03  1.5493769e-04 -1.2255885e-03 -1.4362780e-03 -1.5255608e-03
 -3.0067017e-03 -4.9932983e-03 -6.0995846e-03 -6.3741900e-03 -5.8907782e-03
 -4.4057602e-03 -2.6485738e-03 -1.1467184e-03  9.0938798e-04  3.4771531e-03
  4.8335641e-03  3.7385766e-03  1.2163944e-03 -6.8585987e-04 -8.5329272e-04
  3.3568541e-04  9.3077818e-04  6.5685960e-04  1.7101080e-03  3.1442814e-03
  2.0628081e-03 -1.0805206e-05 -2.9035724e-04  7.5586818e-04  1.5915813e-03
  1.0210579e-03 -6.2367211e-04 -1.0838992e-03 -2.1116588e-04 -8.3175852e-04
 -3.2638050e-03 -4.2078095e-03 -2.7645528e-03 -1.4010523e-03 -7.8986430e-04
  2.9035724e-04  2.1368042e-03  4.3935752e-03  6.4290224e-03  7.8045971e-03
  9.0450291e-03  1.0275602e-02  1.0360011e-02  8.9571864e-03  7.0934367e-03
  4.8537247e-03  1.9799502e-03 -5.9490446e-04 -2.4933813e-03 -3.5995569e-03
 -2.8324564e-03 -8.8080864e-04 -6.3642204e-04 -2.3770701e-03 -2.9904182e-03
 -1.3386873e-03  5.5488230e-04  1.4140127e-03  1.4440321e-03  8.4343395e-04
  2.8738854e-04  4.4622542e-04  5.5573525e-04 -2.7808363e-05 -3.9399612e-04
 -4.1662697e-04 -1.5579064e-03 -3.6213791e-03 -4.9740238e-03 -5.8390474e-03
 -6.4466353e-03 -5.3283855e-03 -2.4910551e-03  2.9788978e-04  2.2581002e-03
  3.3818887e-03  3.4337303e-03  2.4040986e-03  6.4479646e-04 -7.8421490e-04
 -9.0923290e-04  7.9425090e-05  2.1144281e-03  4.7474938e-03  6.0958183e-03
  5.4227638e-03  3.7208529e-03  1.4351703e-03 -1.4749377e-03 -4.7386320e-03
 -8.0242592e-03 -1.0799778e-02 -1.2386597e-02 -1.2830795e-02 -1.3003600e-02
 -1.3130989e-02 -1.2145112e-02 -9.5776239e-03 -6.8620327e-03 -4.6856826e-03
 -1.8549986e-03  1.8730546e-03  5.3341457e-03  7.5584603e-03  8.4940460e-03
  8.8184990e-03  8.9387981e-03  8.7865965e-03  8.3488230e-03  7.7236223e-03
  6.8570479e-03  5.3732484e-03  2.9908613e-03  2.5997231e-04 -1.4883412e-03
 -2.2322902e-03 -3.4655220e-03 -4.8053171e-03 -4.8362227e-03 -3.4545555e-03
 -1.3854334e-03 -1.2127389e-03 -3.5949045e-03 -4.3394074e-03 -2.3778455e-03
 -1.9766270e-03 -1.3931875e-03  4.9880919e-03  7.8815840e-03 -2.6505677e-03
 -1.0001662e-02  1.3813348e-03  1.2661313e-02  4.4504016e-03 -8.0663528e-03
 -6.8486292e-03  3.0100249e-03  9.2139574e-03  5.7401274e-03 -3.1973415e-04
  8.7069510e-04  5.5330933e-03  5.5596788e-03  1.3409028e-03 -1.1798394e-03
  7.1473830e-04  4.1118804e-03  4.2852395e-03  1.0766214e-03  1.7600665e-04
  3.0697314e-03  4.9780116e-03  4.4573802e-03  3.6320133e-03  3.0509000e-03
  1.4708391e-03 -2.6183329e-03 -7.3094434e-03 -8.3521462e-03 -5.5192467e-03
 -2.4426475e-03 -1.7307117e-03 -2.7956799e-03 -2.0816394e-03  1.5400720e-03
  3.7471061e-03  2.6002769e-03  9.2120742e-04  9.9497092e-04  3.1597895e-03
  5.4366104e-03  5.3509831e-03  3.3653836e-03  1.3555248e-03 -1.6158405e-04
 -9.3074495e-04 -7.4067017e-04 -8.6576572e-04 -2.2871227e-03 -4.4475215e-03
 -5.1870396e-03 -2.1306009e-03  2.3035170e-03  2.1516477e-03 -2.0248131e-03
 -2.9491000e-03  1.1473830e-03  4.3861534e-03  3.2738854e-03  1.3450014e-03
  3.6885073e-03  8.8378842e-03  1.0711271e-02  8.4653559e-03  6.3400720e-03
  5.3207422e-03  2.7715314e-03 -4.7904736e-04 -5.0325118e-04  2.0617004e-03
  2.6465799e-03  9.0543340e-05 -3.0121296e-03 -5.1312102e-03 -7.1540294e-03
 -1.0236610e-02 -1.4154528e-02 -1.6907228e-02 -1.6135143e-02 -1.1687621e-02
 -7.0872335e-03 -7.3397951e-03 -1.0155857e-02 -5.5789532e-03  4.9375796e-03
  6.5175298e-03 -1.3906397e-03 -2.7929106e-03  6.5690390e-03  1.5962337e-02
  1.8874550e-02  1.7095541e-02  1.1600111e-02  1.8421490e-03 -9.1827195e-03
 -1.7475492e-02 -2.1448906e-02 -2.2842426e-02 -2.4605926e-02 -2.4639158e-02
 -1.8725007e-02 -7.3302686e-03  6.2731653e-03  1.7720299e-02  2.1875381e-02
  1.8574356e-02  1.4217668e-02  1.2529493e-02  1.1307671e-02  9.1050678e-03
  7.1454999e-03  6.3001939e-03  5.7399058e-03  4.4526170e-03  2.0849626e-03
 -5.0670728e-04 -4.7373027e-04  3.1550263e-03  7.5887012e-03  1.0174578e-02
  1.0245804e-02  7.4996400e-03  7.4726115e-04 -1.0199834e-02 -2.2530047e-02
 -3.1124896e-02 -3.0862365e-02 -2.0273608e-02 -4.6676267e-03  7.7113265e-03
  1.3390197e-02  1.3366934e-02  1.0704625e-02  8.2424813e-03  4.1443367e-03
 -3.2937137e-03 -1.0374522e-02 -1.3616173e-02 -1.2509554e-02 -7.3277209e-03
 -4.5117696e-04  5.1446137e-03  8.7552479e-03  9.2552755e-03  6.8146220e-03
  3.9671005e-03 -4.1718084e-05 -4.9572971e-03 -5.7352534e-03 -1.3268347e-03
  2.8845195e-03  2.3066187e-03 -2.5738023e-03 -8.4211576e-03 -1.1411797e-02
 -9.1678759e-03 -3.1520354e-03  3.8770424e-03  1.0424038e-02  1.5439490e-02
  1.7571864e-02  1.5075048e-02  7.6921628e-03 -1.4051509e-03 -8.0093049e-03
 -1.0445306e-02 -8.5621711e-03 -2.7968984e-03  4.4902797e-03  9.6901689e-03
  1.0081750e-02  6.6048186e-03  2.5594018e-03 -1.3788978e-03 -5.6681252e-03
 -8.4866242e-03 -8.8554971e-03 -8.8166159e-03 -9.2521739e-03 -8.0660205e-03
 -4.5430075e-03 -6.0358903e-04  1.4340626e-03  8.9835503e-04  2.2887843e-04
  9.7197452e-04  9.2975907e-04 -6.7017447e-04 -1.5306563e-03 -1.0588424e-03
 -8.3810579e-04 -1.3011354e-03 -1.0144226e-03  1.3002492e-03  4.3932429e-03
  5.5250069e-03  3.7279424e-03  3.3516477e-04 -2.5741346e-03 -3.8571033e-03
 -3.8923290e-03 -3.3525339e-03 -2.6234284e-03 -1.4841318e-03  1.0104237e-03
  4.3656605e-03  6.1845472e-03  5.2387704e-03  3.1371919e-03  2.2191083e-03
  2.3517031e-03  1.9423982e-03  1.1253392e-03  9.7628358e-04  1.6610357e-03
  2.9008031e-03  4.5346995e-03  5.9918028e-03  6.1279424e-03  4.6512323e-03
  2.6499031e-03  8.4468568e-04 -9.5983384e-04 -2.8510662e-03 -4.2979784e-03
 -4.1880919e-03 -2.2533370e-03  3.1942398e-04  2.6800332e-03  4.5701468e-03
  5.5861534e-03  6.1139850e-03  6.6743838e-03  6.4901689e-03  5.4993077e-03
  5.0849072e-03  5.4026032e-03  5.4421490e-03  5.1293271e-03  4.4974799e-03
  3.0404874e-03  1.0903905e-03 -6.5122127e-04 -2.4810856e-03 -4.8563833e-03
 -7.1826087e-03 -8.5699252e-03 -8.2747161e-03 -5.6850734e-03 -1.8363888e-03
  1.0327555e-03  2.5246192e-03  4.0623650e-03  6.0947106e-03  7.7934090e-03
  8.2989754e-03  7.0451399e-03  4.2861257e-03  1.4990861e-03 -9.7046801e-05
 -1.3584049e-03 -3.7761285e-03 -6.8238161e-03 -8.3182498e-03 -7.6684575e-03
 -7.0963168e-03 -7.9507062e-03 -9.0648574e-03 -9.3356965e-03 -8.7301025e-03
 -7.8633066e-03 -7.4771531e-03 -7.1798394e-03 -5.7749100e-03 -3.3690390e-03
 -1.6711160e-03 -1.4075879e-03 -5.9787317e-04  2.1969538e-03  4.8902797e-03
  5.6754362e-03  5.5469399e-03  5.1096095e-03  3.9932429e-03  2.7792855e-03
  2.2382719e-03  1.8853503e-03  1.2320133e-03  1.2704514e-03  2.6545555e-03
  3.7564110e-03  2.6185544e-03 -2.2299640e-04 -2.6049294e-03 -3.5648851e-03
 -3.5800609e-03 -2.8479646e-03 -1.6520631e-03 -1.1385212e-03 -1.3138743e-03
 -1.0104348e-03 -6.6053725e-04 -1.9112711e-03 -4.5619496e-03 -6.5001385e-03
 -6.9457768e-03 -6.8241484e-03 -6.0932706e-03 -4.1198560e-03 -1.4687344e-03
  9.8651897e-04  2.7854888e-03  3.7334810e-03  3.9543617e-03  3.5612296e-03
  2.6810302e-03  1.6506231e-03  1.1829410e-03  1.5714207e-03  1.6066464e-03
  6.1900858e-04 -2.8310163e-04 -4.8886181e-04 -4.7399612e-04 -8.1417890e-04
 -1.4278593e-03 -1.4753808e-03 -6.1165328e-04  4.9854334e-04  1.1157020e-03
  1.1798394e-03  1.2145112e-03  1.7475492e-03  2.3353088e-03  2.0590418e-03
  1.0965937e-03  2.8385489e-04  3.3756854e-05  3.5411797e-04  7.7364719e-04
  5.9896981e-04 -2.1211853e-04 -1.4413736e-03 -2.9926336e-03 -4.4764331e-03
 -5.5934644e-03 -6.2001662e-03 -5.8117973e-03 -4.1255054e-03 -2.0042094e-03
 -7.5089449e-04 -4.2687344e-05  1.1977845e-03  2.4738854e-03  3.2250346e-03
  3.9642204e-03  4.6163390e-03  4.8579341e-03  4.9853226e-03  4.9149820e-03
  4.0203822e-03  2.5715868e-03  1.7368042e-03  1.6797563e-03  1.7863196e-03
  2.0217114e-03  2.2679590e-03  2.3746331e-03  2.6114650e-03  2.7683190e-03
  2.6676267e-03  2.6040432e-03  2.2418167e-03  1.2245915e-03 -2.0984769e-04
 -1.9812794e-03 -3.8621988e-03 -5.2854057e-03 -5.6276932e-03 -4.3582387e-03
 -2.1659374e-03 -3.9327610e-04  9.3256162e-04  2.1422321e-03  2.8525062e-03
  2.9392412e-03  2.5193021e-03  1.5278870e-03  2.9584049e-04 -6.5996123e-04
 -8.4877319e-04  3.0618665e-04  2.2625312e-03  3.6213791e-03  4.0527278e-03
  3.7795624e-03  2.5417890e-03  6.8075325e-04 -8.4429798e-04 -1.6490723e-03
 -2.0775408e-03 -3.0680698e-03 -4.9216284e-03 -6.3252285e-03 -6.4632512e-03
 -5.9878150e-03 -5.2844088e-03 -4.5133204e-03 -4.0274716e-03 -3.3723622e-03
 -2.0583772e-03 -7.4212130e-04  6.7291055e-05  8.3685406e-04  1.5558017e-03
  1.8414844e-03  1.9415120e-03  1.9631127e-03  2.0454168e-03  2.2968707e-03
  2.1556356e-03  1.8146774e-03  2.3014124e-03  3.2949322e-03  3.5717530e-03
  3.0378289e-03  1.9852672e-03  2.7829410e-04 -1.2137358e-03 -1.5474938e-03
 -1.4636389e-03 -1.0188203e-03  6.1205206e-04  2.2514539e-03  2.4905012e-03
  1.9310994e-03  1.2601495e-03  6.9782332e-04  5.9169205e-04  5.1273331e-04
 -1.1717530e-04 -6.5682636e-04 -4.2068125e-04 -1.7942952e-04 -5.3217391e-04
 -5.8617557e-04 -5.7258377e-05 -2.2762670e-04 -1.7878704e-03 -3.7022431e-03
 -4.3562448e-03 -3.3502077e-03 -2.1577402e-03 -1.7483246e-03 -9.5271116e-04
  7.2681252e-04  1.6777624e-03  1.4744946e-03  1.5559125e-03  2.3491554e-03
  3.2003323e-03  3.7020216e-03  4.0391027e-03  4.6929936e-03  5.3413459e-03
  5.1635558e-03  4.1302686e-03  2.6676267e-03  1.3672667e-03  1.0270396e-03
  1.4324010e-03  1.3729161e-03  5.3435613e-04 -4.1483246e-04 -1.1758516e-03
 -1.6787593e-03 -1.9166990e-03 -2.3511493e-03 -3.2130712e-03 -4.1478815e-03
 -4.9589587e-03 -5.6801994e-03 -5.8151205e-03 -4.5282747e-03 -2.2226530e-03
 -1.8383827e-04  1.3385766e-03  2.3389643e-03  2.0800886e-03  9.1071725e-04
  4.5195237e-04  1.0333869e-03  1.3740238e-03  8.1281639e-04 -2.1508723e-04
 -1.2749931e-03 -2.0089726e-03 -2.1054556e-03 -1.7857657e-03 -1.3249515e-03
 -6.1683744e-04  2.9609526e-05 -5.7366934e-05 -6.4954860e-04 -1.1870396e-03
 -1.8127942e-03 -2.1194129e-03 -1.5013016e-03 -9.5085018e-04 -9.6353365e-04
 -1.7394628e-04  1.3211853e-03  2.0813071e-03  2.3718637e-03  2.9324841e-03
  3.5183606e-03  3.8892274e-03  3.7242869e-03  2.7689837e-03  1.4772639e-03
  1.7147605e-04 -1.2347826e-03 -2.5774578e-03 -3.8050402e-03 -4.9459983e-03
 -5.3736915e-03 -4.9274993e-03 -4.1792301e-03 -2.8779839e-03 -9.4659651e-04
  4.5156466e-04  8.8142897e-04  1.0177458e-03  7.9684298e-04  1.6942675e-04
  8.2080310e-05  5.2654666e-04  1.9502631e-05 -1.7313764e-03 -3.3176405e-03
 -4.4437552e-03 -5.6677929e-03 -6.2237607e-03 -5.1922459e-03 -2.9803379e-03
 -5.4328441e-04  1.5148158e-03  2.8484076e-03  3.4948768e-03  3.8156743e-03
  3.6404320e-03  2.8204929e-03  1.7662697e-03  4.9231792e-04 -1.0449626e-03
 -2.0622542e-03 -2.0955968e-03 -1.8718361e-03 -1.8678482e-03 -1.2394351e-03
  5.2589310e-04  1.8267516e-03  1.4398228e-03  4.2155636e-04 -4.6878981e-04
 -1.1728607e-03 -1.1778455e-03 -5.9238992e-04 -4.8091941e-05  4.0369981e-04
  7.3169759e-04  7.0680698e-04  6.1062310e-04  6.3828302e-04  6.4759900e-04
  9.1015231e-04  1.4554417e-03  1.9111603e-03  2.1978399e-03  2.3181390e-03
  2.5459983e-03  2.9992800e-03  3.3009139e-03  3.2585987e-03  2.5012462e-03
  9.9423982e-04 -2.2018277e-05  2.2917751e-04  1.1474938e-03  2.2219884e-03
  3.1751869e-03  3.4670728e-03  2.8577125e-03  1.9566879e-03  1.6303517e-03
  1.8587649e-03  2.1723622e-03  2.4171698e-03  2.3489338e-03  1.9178067e-03
  1.4496815e-03  8.6701745e-04 -4.0888397e-05 -7.7201883e-04 -9.2713376e-04
 -9.2777624e-04 -9.1083910e-04 -6.9767931e-04 -3.4598726e-04  1.2810856e-04
  1.0997175e-04 -8.1044586e-04 -1.2506231e-03 -2.1897535e-04  8.9284963e-04
  6.8297978e-04 -4.5898643e-05  1.6338964e-04  9.3265024e-04  1.0073775e-03
  7.4059263e-04  1.0495154e-03  1.4477984e-03  1.2626973e-03  9.1694268e-04
  9.4705068e-04  9.8949875e-04  5.5933536e-04  1.8062587e-04  1.2625865e-04
 -3.6986984e-04 -1.1674328e-03 -1.3208529e-03 -1.1906951e-03 -1.6235946e-03
 -2.0243700e-03 -1.5266685e-03 -4.5829964e-04  6.3382996e-04  1.4477984e-03
  1.7025755e-03  1.5636666e-03  1.2914982e-03  6.9364719e-04 -4.2728330e-04
 -1.7125450e-03 -2.4579341e-03 -2.5300471e-03 -2.5817779e-03 -2.8601495e-03
 -2.8007754e-03 -2.1801163e-03 -1.1597895e-03  3.1236777e-04  1.6738854e-03
  2.1338133e-03  2.0847411e-03  1.9194683e-03  1.4267516e-03  1.0706729e-03
  1.0527278e-03  6.0140681e-04 -5.1492661e-04 -1.9600111e-03 -3.4808086e-03
 -4.7817225e-03 -5.8496815e-03 -6.4624758e-03 -5.9617834e-03 -4.6132373e-03
 -3.2972584e-03 -2.0358903e-03 -7.4468014e-04  1.1107173e-04  5.4594295e-04
  6.2839103e-04 -3.7540847e-04 -2.4995846e-03 -4.5441152e-03 -5.8892274e-03
 -6.6432567e-03 -6.3930213e-03 -4.5440044e-03 -1.5539186e-03  1.1957906e-03
  3.2405428e-03  5.1056217e-03  6.3320964e-03  6.3195791e-03  5.7995015e-03
  5.2492938e-03  4.4209360e-03  3.5360842e-03  2.7429521e-03  1.9210191e-03
  1.5342011e-03  1.7591803e-03  1.7856549e-03  1.3243977e-03  1.1840487e-03
  1.4865688e-03  1.3549709e-03  3.9242315e-04 -1.0894600e-03 -2.7867073e-03
 -4.7301025e-03 -6.8513985e-03 -8.5951814e-03 -9.2470784e-03 -8.6158959e-03
 -7.3697037e-03 -5.9731930e-03 -4.0671282e-03 -1.9437275e-03 -4.1960676e-04
  6.4683467e-04  1.6398782e-03  2.5268347e-03  3.3616173e-03  4.0229299e-03
  3.9147051e-03  2.9013570e-03  1.8991969e-03  1.5494877e-03  1.4835780e-03
  1.5386320e-03  2.2720576e-03  3.6735530e-03  4.8253669e-03  5.2923844e-03
  5.3536417e-03  5.1313210e-03  4.5612850e-03  3.6876212e-03  2.5567433e-03
  1.1608973e-03 -3.5342011e-04 -1.5695375e-03 -2.0200498e-03 -1.3801163e-03
  1.8532263e-04  1.9016339e-03  3.2438660e-03  4.1771255e-03  4.7590141e-03
  4.9927444e-03  4.5888673e-03  3.4563279e-03  1.9654389e-03  3.8459153e-04
 -1.0270285e-03 -1.9559125e-03 -2.3954583e-03 -2.4864027e-03 -2.5428967e-03
 -2.8723345e-03 -3.2056494e-03 -3.3047909e-03 -3.4127942e-03 -3.5199114e-03
 -3.3845472e-03 -2.9271670e-03 -2.4249238e-03 -2.5430075e-03 -3.0665190e-03
 -2.9248408e-03 -2.1932983e-03 -1.8153420e-03 -1.8366104e-03 -1.7667128e-03
 -1.4952091e-03 -1.0945555e-03 -6.6947660e-04 -2.2057048e-04  2.6145666e-04
  4.3025201e-04 -2.9530878e-05 -9.3241761e-04 -1.8405982e-03 -2.5643866e-03
 -3.1918028e-03 -3.8281916e-03 -4.3934644e-03 -4.6026032e-03 -4.2291886e-03
 -3.2806425e-03 -2.0510662e-03 -8.8986984e-04  1.3196345e-04  1.0579895e-03
  1.8448075e-03  2.4877319e-03  2.9111050e-03  2.8842980e-03  2.5475492e-03
  2.4829687e-03  2.8437552e-03  3.1384104e-03  3.1807256e-03  3.2545001e-03
  3.3831072e-03  3.3988369e-03  3.1058433e-03  2.3497092e-03  1.5303240e-03
  1.2243700e-03  1.3652728e-03  1.5859319e-03  1.8396012e-03  2.3937967e-03
  3.0349488e-03  2.9462199e-03  2.3214622e-03  2.1374688e-03  2.0773193e-03
  1.4544448e-03  8.8187206e-04  8.0761008e-04  7.5394074e-04  6.7974522e-04
  7.6066464e-04  7.9185821e-04  8.3456106e-04  1.0854168e-03  1.3526447e-03
  1.4280809e-03  1.5811687e-03  1.9293271e-03  2.0469676e-03  1.6533924e-03
  8.2864580e-04 -2.2950983e-05 -4.5266131e-04 -5.0944337e-04 -5.3803379e-04
 -5.7883135e-04 -3.9423982e-04  2.0138466e-05  3.3957353e-04  7.5623373e-04
  1.7946275e-03  2.9122127e-03  3.4059263e-03  3.3483246e-03  2.7318748e-03
  1.8271947e-03  9.9143727e-04  3.4362780e-05 -8.3967876e-04 -1.2846303e-03
 -1.5530324e-03 -1.6311271e-03 -1.2166159e-03 -4.1402382e-04  4.4356688e-04
  9.6930490e-04  1.1016007e-03  1.1159236e-03  9.0718361e-04  3.1353088e-04
 -3.0861257e-04 -7.2578233e-04 -1.2148435e-03 -1.6659097e-03 -1.7682636e-03
 -1.9868181e-03 -2.6927721e-03 -3.5347549e-03 -4.2404874e-03 -4.8317917e-03
 -5.3306009e-03 -5.6886181e-03 -5.6797563e-03 -5.2516200e-03 -4.8855165e-03
 -4.8418721e-03 -4.6305179e-03 -3.8020493e-03 -2.5677098e-03 -1.2447521e-03
 -5.0294101e-05  6.6016062e-04  8.5963999e-04  6.2566602e-04 -1.9561340e-04
 -1.3485461e-03 -2.2812517e-03 -2.7628912e-03 -3.2031016e-03 -4.0588203e-03
 -4.5115480e-03 -3.5937967e-03 -2.1013570e-03 -9.6241484e-04  2.6890058e-04
  1.7720299e-03  2.8265854e-03  2.9753531e-03  2.5561894e-03  2.1539740e-03
  1.7966214e-03  1.4440321e-03  1.4229853e-03  1.5903628e-03  1.5923567e-03
  1.6175021e-03  1.7060094e-03  1.7369150e-03  1.8983107e-03  1.9831626e-03
  1.8595403e-03  1.9816117e-03  2.1201883e-03  1.6387704e-03  5.0882304e-04
 -9.5344226e-04 -2.2197729e-03 -2.9694821e-03 -3.3418998e-03 -3.3968430e-03
 -3.1651066e-03 -2.8834118e-03 -2.7813902e-03 -2.6752700e-03 -2.1113265e-03
 -1.0577347e-03  1.7060094e-04  1.0585544e-03  9.5975630e-04  7.8013847e-05
 -4.6567710e-04 -2.0427582e-04  4.4364442e-04  1.0549211e-03  1.2275824e-03
  9.3986153e-04  6.6412628e-04  5.3086680e-04  5.7453337e-04  1.3106619e-03
  2.5241761e-03  3.1457214e-03  3.2866242e-03  3.3982830e-03  2.8444198e-03
  1.7499862e-03  9.3639435e-04  3.9967876e-04  3.3546386e-04  1.1435060e-03
  2.3864857e-03  3.4962060e-03  4.2697314e-03  4.6489061e-03  4.6959845e-03
  4.5149820e-03  4.2936583e-03  4.0323456e-03  3.0473553e-03  1.1013237e-03
 -8.2388258e-04 -2.1666020e-03 -3.1633343e-03 -3.8645251e-03 -4.1008031e-03
 -3.8243146e-03 -3.4566602e-03 -3.4043755e-03 -3.1347549e-03 -1.8553309e-03
 -2.6160066e-05  1.2492938e-03  1.8219884e-03  2.2482415e-03  2.7964553e-03
  2.9755746e-03  2.2860150e-03  1.4310717e-03  1.0417281e-03  2.4163944e-04
 -1.3222930e-03 -2.2696206e-03 -1.9666574e-03 -1.3031293e-03 -9.1692052e-04
 -5.9057325e-04  1.0668402e-04  9.3352534e-04  1.3288286e-03  1.4493492e-03
  1.7381335e-03  2.0870673e-03  2.2708391e-03  2.1760177e-03  1.7178621e-03
  1.1152589e-03  4.0158405e-04 -5.1077264e-04 -1.3486569e-03 -2.0243700e-03
 -2.3855996e-03 -2.2172251e-03 -2.1487677e-03 -2.4811963e-03 -2.4289117e-03
 -1.8839103e-03 -1.4023816e-03 -9.0578787e-04 -5.0665190e-04 -6.3155912e-04
