Scaled from
PEER NGA STRONG MOTION DATABASE RECORD
ACCELERATION TIME SERIES IN UNITS OF G
NPTS= 2499.000000, DT= 0.010000, Scalar= 1.000000
  4.0368338e-04  7.6114160e-04  6.4754238e-04  6.9828028e-04  6.8625442e-04
  7.0762288e-04  7.0635443e-04  7.2762532e-04  7.2301500e-04  7.3304061e-04
  7.1196487e-04  6.9166972e-04  6.3346750e-04  5.6406879e-04  4.5378705e-04
  3.3062569e-04  1.7633126e-04  2.1646054e-05 -1.5758507e-04 -3.7277717e-04
 -6.8640078e-04 -1.1019637e-03 -1.6168313e-03 -2.1740456e-03 -2.7605806e-03
 -3.3299183e-03 -3.8465667e-03 -4.2271009e-03 -4.4615197e-03 -4.5969021e-03
 -4.6998414e-03 -4.7832663e-03 -4.8644957e-03 -4.9313331e-03 -5.0074399e-03
 -5.0852543e-03 -5.1425784e-03 -5.1537992e-03 -5.1494085e-03 -5.1559946e-03
 -5.1996585e-03 -5.2396634e-03 -5.2567386e-03 -5.2791804e-03 -5.3557751e-03
 -5.4677400e-03 -5.5865349e-03 -5.6802049e-03 -5.7467984e-03 -5.7894865e-03
 -5.8297353e-03 -5.8658373e-03 -5.9041347e-03 -5.9370655e-03 -5.9714599e-03
 -6.0058544e-03 -6.0478107e-03 -6.0873277e-03 -6.1456275e-03 -6.2673497e-03
 -6.4832297e-03 -6.7578973e-03 -7.0413465e-03 -7.3004025e-03 -7.5653128e-03
 -7.8580315e-03 -8.1295280e-03 -8.2458836e-03 -8.1329430e-03 -7.8668130e-03
 -7.5865349e-03 -7.3440663e-03 -7.1164776e-03 -6.8669350e-03 -6.6261739e-03
 -6.4451762e-03 -6.3617514e-03 -6.3429687e-03 -6.3354068e-03 -6.3119893e-03
 -6.2814977e-03 -6.2461276e-03 -6.2144164e-03 -6.1807538e-03 -6.1436761e-03
 -6.0970850e-03 -6.0478107e-03 -6.0017075e-03 -5.9751189e-03 -5.9631662e-03
 -5.9556043e-03 -5.9429199e-03 -5.9299915e-03 -5.9158434e-03 -5.9012075e-03
 -5.8777900e-03 -5.8509574e-03 -5.8390048e-03 -5.8938895e-03 -5.9634102e-03
 -5.8797414e-03 -5.6887425e-03 -5.5884864e-03 -5.5740944e-03 -5.5733626e-03
 -5.5636053e-03 -5.5401878e-03 -5.4782291e-03 -5.3608977e-03 -5.2040493e-03
 -5.0435419e-03 -4.8852299e-03 -4.7276497e-03 -4.5629955e-03 -4.4007806e-03
 -4.2636907e-03 -4.1729479e-03 -4.1102573e-03 -4.0517136e-03 -3.9878034e-03
 -3.9221856e-03 -3.8514453e-03 -3.7731431e-03 -3.6928894e-03 -3.6560556e-03
 -3.6963044e-03 -3.7999756e-03 -3.9129162e-03 -4.0075619e-03 -4.1168435e-03
 -4.2819856e-03 -4.4444444e-03 -4.4598122e-03 -4.2397853e-03 -3.8707159e-03
 -3.4872545e-03 -3.1459934e-03 -2.8159532e-03 -2.4637151e-03 -2.1138188e-03
 -1.8255885e-03 -1.6320527e-03 -1.5085498e-03 -1.3981705e-03 -1.2793267e-03
 -1.1503110e-03 -1.0150750e-03 -8.8225393e-04 -7.8929138e-04 -7.5962922e-04
 -7.5911697e-04 -7.3496768e-04 -6.9493841e-04 -6.7371631e-04 -6.8149774e-04
 -6.8752287e-04 -6.1731919e-04 -4.1602634e-04 -1.3832906e-04  1.4040737e-04
  3.8690084e-04  6.1129406e-04  8.4949384e-04  1.1090865e-03  1.3376265e-03
  1.5015002e-03  1.6256861e-03  1.7477985e-03  1.8766435e-03  2.0129284e-03
  2.1562630e-03  2.3090865e-03  2.4646908e-03  2.6215392e-03  2.7754604e-03
  2.9291377e-03  3.0845225e-03  3.2403952e-03  3.3882181e-03  3.5177461e-03
  3.6016587e-03  3.6211733e-03  3.6065374e-03  3.6075131e-03  3.6180022e-03
  3.6097085e-03  3.5833638e-03  3.5718990e-03  3.6421515e-03  3.8429077e-03
  4.1187950e-03  4.3980973e-03  4.6534943e-03  4.8947433e-03  5.1550189e-03
  5.4401756e-03  5.6943530e-03  5.8812050e-03  6.0273204e-03  6.1719722e-03
  6.3222344e-03  6.4737163e-03  6.6137334e-03  6.7203317e-03  6.7488718e-03
  6.6800829e-03  6.5471399e-03  6.3990731e-03  6.2595438e-03  6.1080620e-03
  5.9256007e-03  5.7485059e-03  5.6477619e-03  5.6658129e-03  5.7602147e-03
  5.8677888e-03  5.9641420e-03  6.0565923e-03  6.1558727e-03  6.2851567e-03
  6.4661544e-03  6.6825223e-03  6.9052323e-03  7.1389194e-03  7.3811440e-03
  7.6214172e-03  7.8485181e-03  8.0453714e-03  8.2122210e-03  8.3837053e-03
  8.5747042e-03  8.7703378e-03  8.9481644e-03  9.1037931e-03  9.2664959e-03
  9.4701793e-03  9.7199658e-03  1.0003415e-02  1.0313209e-02  1.0634955e-02
  1.0952067e-02  1.1289669e-02  1.1660690e-02  1.2006830e-02  1.2198317e-02
  1.2161239e-02  1.1969752e-02  1.1745579e-02  1.1544091e-02  1.1381876e-02
  1.1281620e-02  1.1201854e-02  1.0919868e-02  1.0270033e-02  9.3889499e-03
  8.5059154e-03  7.6963044e-03  6.8501037e-03  5.8065618e-03  4.7198439e-03
  4.1780705e-03  4.5720210e-03  5.5838517e-03  6.6974021e-03  7.6519088e-03
  8.3410172e-03  8.7891206e-03  9.3460178e-03  1.0830833e-02  1.3833638e-02
  1.7969021e-02  2.2371021e-02  2.5788511e-02  2.6744725e-02  2.5273814e-02
  2.2925235e-02  2.0701793e-02  1.8649591e-02  1.6628125e-02  1.4582266e-02
  1.2708379e-02  1.1394072e-02  1.0674472e-02  1.0173436e-02  9.5077448e-03
  8.3639468e-03  6.5364069e-03  4.0878156e-03  1.6719112e-03  8.1361142e-04
  2.6378827e-03  6.5786071e-03  1.1410660e-02  1.5564581e-02  1.6215880e-02
  1.1948774e-02  5.4257836e-03 -3.9258446e-04 -5.3330894e-03 -8.2856446e-03
 -5.7077692e-03  2.9310892e-03  1.3685815e-02  2.3098671e-02  2.9101110e-02
  2.9559702e-02  2.4961581e-02  1.9534577e-02  1.8010733e-02  2.1033053e-02
  2.3157458e-02  1.9619954e-02  1.2066106e-02  3.9724357e-03 -3.3277229e-03
 -8.3661422e-03 -8.9103549e-03 -5.2550311e-03 -1.9888523e-04  4.5700695e-03
  9.3365045e-03  1.4902061e-02  2.0862056e-02  2.2713258e-02  1.3452860e-02
 -6.9915843e-03 -3.0084157e-02 -4.6395902e-02 -4.7488718e-02 -3.0708623e-02
 -7.0028052e-03  9.2943042e-03  1.5547994e-02  1.7073789e-02  1.6851323e-02
  1.5366752e-02  1.2565679e-02  6.8071716e-03 -2.5156726e-03 -9.8743749e-03
 -6.8298573e-03  7.0586657e-03  2.3004025e-02  3.1696548e-02  2.9937797e-02
  2.1793146e-02  1.3937065e-02  1.2229296e-02  1.8769850e-02  2.8266862e-02
  3.2982071e-02  3.0759849e-02  2.6871570e-02  3.1867301e-02  5.1838029e-02
  7.6955726e-02  8.9610928e-02  8.0702525e-02  5.0050006e-02  4.7037444e-03
 -3.7087450e-02 -5.5797048e-02 -5.0540310e-02 -3.5845835e-02 -2.2635443e-02
 -1.5871936e-02 -1.7336992e-02 -2.2381998e-02 -2.2111721e-02 -1.1631175e-02
  4.6752043e-03  1.4919380e-02  9.1306257e-03 -5.7287474e-03 -1.1167216e-02
 -3.0320771e-03  5.0103671e-03 -1.2142944e-03 -2.3335529e-02 -4.4159044e-02
 -3.9831687e-02 -5.8602269e-03  3.7470423e-02  6.5822661e-02  6.9203561e-02
  5.1552628e-02  2.7093548e-02  1.3562630e-02  1.4324918e-02  1.7879741e-02
  1.4438834e-02  5.4177339e-03  4.5705574e-04  4.4398097e-03  1.2932065e-02
  1.8302232e-02  1.4171484e-02  1.0319795e-03 -1.2693011e-02 -1.8303940e-02
 -1.3515063e-02 -2.9747530e-03  5.8192462e-03  8.8127820e-03  7.7565557e-03
  4.7459446e-03 -5.9302354e-04 -6.5822661e-03 -9.3016221e-03 -8.4337114e-03
 -7.2579583e-03 -6.7949750e-03 -3.4840834e-03  5.8731553e-03  1.7410172e-02
  2.2704232e-02  1.6815465e-02 -4.1258690e-04 -2.4856690e-02 -4.6398341e-02
 -5.4696914e-02 -5.0203683e-02 -4.2085620e-02 -3.6062935e-02 -3.0713502e-02
 -1.9254543e-02 -2.4668862e-04  1.1663374e-02  5.2596658e-03 -1.1330650e-02
 -2.3750213e-02 -2.2189535e-02 -6.2873521e-03  1.8803025e-02  5.0347603e-02
  8.2656422e-02  1.0334431e-01  1.0007318e-01  6.4424930e-02 -3.3479693e-03
 -8.0012197e-02 -1.2472741e-01 -1.1853153e-01 -7.9987803e-02 -3.3533358e-02
  1.1105013e-02  4.6654470e-02  6.0282961e-02  4.4451762e-02  1.0559580e-02
 -1.4052445e-02 -1.1082083e-02  7.5801927e-03  1.5452860e-02  4.5598244e-03
 -9.6448347e-03 -6.1658739e-03  1.6448103e-02  3.2201488e-02  2.0199049e-02
 -1.2548360e-02 -4.3861447e-02 -5.5701915e-02 -4.4483474e-02 -1.8855958e-02
  8.5278693e-03  2.5378705e-02  2.2907428e-02  4.2729601e-03 -1.8061959e-02
 -3.6497134e-02 -4.7820466e-02 -4.6893524e-02 -3.3174777e-02 -1.3508965e-02
  2.9306013e-03  7.9112087e-03  1.4366630e-03 -6.8044884e-03 -8.9330406e-03
 -8.4551775e-03 -1.4052445e-02 -2.1623613e-02 -1.5878522e-02  4.8771801e-03
  2.4341993e-02  3.1074521e-02  2.8962069e-02  2.4160507e-02  1.5311867e-02
 -4.6900842e-04 -1.8223198e-02 -2.4442005e-02 -1.1133797e-02  1.1319917e-02
  2.2929869e-02  1.0814734e-02 -2.2056836e-02 -6.0834248e-02 -8.7517990e-02
 -8.8781559e-02 -6.6620320e-02 -3.4404196e-02 -5.7104525e-03  5.1333089e-03
 -7.4970118e-03 -2.5922673e-02 -2.6473960e-02 -1.0397122e-02  1.5518722e-03
 -1.8214172e-03 -1.5432370e-02 -2.3273082e-02 -4.7225271e-03  4.3722405e-02
  9.3933407e-02  1.0007806e-01  3.9202342e-02 -5.4965240e-02 -1.1703135e-01
 -1.1256007e-01 -6.2505184e-02 -1.0735456e-02  1.2517380e-02  5.4331016e-04
 -3.0935480e-02 -5.5745823e-02 -6.0119527e-02 -4.3485791e-02 -2.9701183e-03
  5.3496768e-02  9.0196365e-02  7.2169777e-02  1.2889377e-02 -3.0289060e-02
 -1.7520185e-02  4.0104891e-02  1.0297841e-01  1.2904257e-01  9.6619100e-02
  2.8315648e-02 -1.9188925e-02 -5.2516161e-03  5.4148067e-02  1.0249299e-01
  8.9828028e-02  5.2003903e-03 -1.1042322e-01 -1.9018661e-01 -2.0121478e-01
 -1.6289304e-01 -1.0903281e-01 -6.3717527e-02 -4.2278327e-02 -4.6466642e-02
 -6.8415660e-02 -1.0390779e-01 -1.4665935e-01 -1.7323088e-01 -1.6148311e-01
 -1.1817295e-01 -6.1583120e-02 -2.9771923e-03  4.2478351e-02  5.8846201e-02
  4.7493597e-02  2.7766801e-02  2.0142944e-02  2.8486401e-02  4.3866325e-02
  5.9848762e-02  7.4257836e-02  8.5551897e-02  9.3904135e-02  1.0387364e-01
  1.1930967e-01  1.2360288e-01  7.0759849e-02 -6.9857300e-02 -2.4429809e-01
 -3.3006464e-01 -2.7125259e-01 -1.4901817e-01 -6.8869374e-02 -6.1102573e-02
 -1.0445908e-01 -1.6457617e-01 -2.1302110e-01 -2.4498110e-01 -2.6320283e-01
 -2.5059154e-01 -1.9796561e-01 -1.3079400e-01 -7.1825832e-02 -1.6912306e-02
  3.2308818e-02  4.1719722e-02 -3.5250640e-02 -1.7408221e-01 -2.4600561e-01
 -1.8665935e-01 -8.0851323e-02 -7.1650201e-03  2.0908891e-02  1.2844981e-02
  2.8322966e-03  1.3207220e-02  2.4424930e-02  1.7588486e-02 -1.8368825e-03
 -2.2894011e-02 -3.8509574e-02 -4.6520307e-02 -4.8796195e-02 -4.7713136e-02
 -4.7274058e-02 -5.5672643e-02 -7.5031101e-02 -9.0579339e-02 -8.5732406e-02
 -6.1575802e-02 -3.4077327e-02 -1.9194048e-02 -1.8528357e-02 -2.5061593e-02
 -4.0439078e-02 -6.5969021e-02 -8.1068423e-02 -6.5876326e-02 -4.2456397e-02
 -5.2467374e-02 -1.0163678e-01 -1.5497256e-01 -1.7182095e-01 -1.3889987e-01
 -7.8038785e-02 -1.5419929e-02  4.3795585e-02  1.0407855e-01  1.6729113e-01
  2.3296256e-01  2.8276619e-01  2.8354677e-01  2.2589828e-01  1.3216002e-01
  4.4259056e-02  1.2609099e-02  6.2905232e-02  1.7922430e-01  3.1869740e-01
  4.1092816e-01  3.6375168e-01  1.2221003e-01 -2.2214416e-01 -4.3995609e-01
 -4.6571533e-01 -4.3666301e-01 -3.5604342e-01 -2.0043420e-01 -8.0553726e-02
 -5.6143432e-02 -1.2910843e-01 -2.8454690e-01 -4.4890840e-01 -5.3260154e-01
 -5.0218319e-01 -4.0917185e-01 -3.3530918e-01 -3.1279424e-01 -2.9447494e-01
 -2.1829979e-01 -8.5532382e-02  6.6283693e-02  2.0723991e-01  3.1967313e-01
  4.0868399e-01  4.8730333e-01  5.4518844e-01  5.5816563e-01  5.1979510e-01
  4.4144408e-01  3.2689352e-01  2.0739846e-01  1.8252958e-01  3.0874497e-01
  4.8927918e-01  5.8221734e-01  5.5465301e-01  4.5493353e-01  3.3996829e-01
  3.0742774e-01  4.2285645e-01  5.2457617e-01  3.2928406e-01 -6.7137456e-02
 -2.2141969e-01 -1.2100012e-01 -1.0310282e-01 -1.8418588e-01 -2.1728991e-01
 -1.9240883e-01 -1.8008782e-01 -2.4192462e-01 -3.5557995e-01 -4.3424808e-01
 -4.3793146e-01 -4.0585437e-01 -3.7770460e-01 -3.4511526e-01 -2.8942554e-01
 -2.3202342e-01 -2.1453348e-01 -2.3905598e-01 -2.6434931e-01 -2.4781071e-01
 -1.7629223e-01 -6.8696182e-02  4.1453836e-02  1.2564459e-01  1.8104403e-01
  2.3502622e-01  3.0452494e-01  3.5326259e-01  3.1833150e-01  1.6600073e-01
 -6.5320161e-02 -2.0091231e-01 -1.0193926e-01  8.1224540e-02  1.7516039e-01
  2.1303818e-01  2.2005854e-01  1.7075985e-01  1.0645932e-01  9.6765459e-02
  1.5321869e-01  2.2726674e-01  2.6647152e-01  2.5395780e-01  2.1753872e-01
  2.0787901e-01  2.2775460e-01  2.2243444e-01  1.7255519e-01  1.3072814e-01
  1.6301744e-01  2.4164166e-01  2.5881205e-01  2.1145993e-01  1.9620198e-01
  2.3201122e-01  2.6752043e-01  2.7813148e-01  2.7242347e-01  2.6220271e-01
  2.5293328e-01  2.5237224e-01  2.6627638e-01  2.8359556e-01  2.8720576e-01
  2.8169289e-01  2.7298451e-01  2.6795951e-01  2.9291377e-01  3.2238078e-01
  3.1435541e-01  2.9954873e-01  3.0750091e-01  3.2740578e-01  3.0854982e-01
  2.4291255e-01  2.3333821e-01  2.7537505e-01  2.4690816e-01  1.5935846e-01
  9.9885352e-02  8.0895231e-02  7.3496768e-02  7.0340285e-02  8.4344432e-02
  8.9623125e-02  5.2935724e-02  2.4661544e-03 -4.2070984e-02 -9.3004025e-02
 -1.3598732e-01 -1.7191609e-01 -2.1955848e-01 -2.6432492e-01 -2.9508477e-01
 -3.2855226e-01 -3.6804488e-01 -3.8987681e-01 -3.9638980e-01 -4.0329308e-01
 -3.8180266e-01 -2.8837663e-01 -1.3107696e-01  1.2329308e-02  8.9591414e-02
  1.1987559e-01  1.2947433e-01  1.4502256e-01  1.9112087e-01  2.5215270e-01
  2.8815709e-01  2.8274180e-01  2.5971460e-01  2.6925235e-01  3.3711428e-01
  4.3478473e-01  5.1974631e-01  5.7709477e-01  6.1675814e-01  6.4929869e-01
  6.7915599e-01  7.0767167e-01  7.1662398e-01  6.7986340e-01  6.1187950e-01
  5.4777412e-01  5.0189047e-01  4.8166850e-01  4.6754482e-01  4.3746798e-01
  4.2461276e-01  4.5732406e-01  5.1011099e-01  5.5099402e-01  5.2345408e-01
  3.3045493e-01  1.0711794e-02 -2.1664105e-01 -2.4473716e-01 -1.7003537e-01
 -3.4255397e-02  7.2547872e-02 -6.5527503e-02 -2.9518234e-01 -3.3399195e-01
 -3.3538236e-01 -4.3610196e-01 -5.1881937e-01 -5.5040859e-01 -5.8668130e-01
 -6.2163678e-01 -6.3410172e-01 -6.4234663e-01 -6.4744481e-01 -6.6625198e-01
 -6.5717770e-01 -5.9004757e-01 -5.8824247e-01 -6.5390901e-01 -6.8730333e-01
 -7.2042932e-01 -7.2991828e-01 -6.8879132e-01 -7.3199171e-01 -8.0524454e-01
 -7.7572875e-01 -7.1542871e-01 -5.9592633e-01 -4.7178924e-01 -4.9376753e-01
 -5.2306379e-01 -4.7735090e-01 -4.5293328e-01 -4.4864008e-01 -4.3500427e-01
 -4.0321990e-01 -3.7792414e-01 -3.8433955e-01 -3.7014270e-01 -3.0964752e-01
 -2.4773753e-01 -2.0063666e-01 -1.4775216e-01 -8.7071594e-02 -4.4949384e-02
 -4.6017807e-02 -4.3776070e-02  1.2919380e-02  6.1380656e-02  7.0257348e-02
  1.0361751e-01  1.5237224e-01  1.5073302e-01  7.1289182e-02 -5.9748750e-02
 -1.6023417e-01 -1.8557873e-01 -1.7212343e-01 -1.9325284e-01 -2.9118185e-01
 -4.0321990e-01 -4.5029882e-01 -4.2207586e-01 -3.8741310e-01 -4.0504940e-01
 -4.0153677e-01 -3.3499207e-01 -2.7547262e-01 -2.4384437e-01 -2.1081351e-01
 -1.7557507e-01 -1.5351384e-01 -1.6075863e-01 -1.7569460e-01 -1.4766679e-01
 -1.0207830e-01 -8.3656543e-02 -5.4248079e-02  3.8946213e-02  1.9704842e-01
  3.5126235e-01  4.2878400e-01  4.4105379e-01  4.3902915e-01  4.5622637e-01
  5.2752775e-01  6.5049396e-01  6.9725576e-01  5.6814246e-01  3.3979754e-01
  1.3936822e-01  2.3520429e-02 -8.4915234e-03 -1.6927674e-02 -6.4102939e-02
 -1.1300159e-01 -1.4172704e-01 -1.5562874e-01 -1.2740090e-01 -1.0207098e-01
 -1.2185876e-01 -1.5446518e-01 -1.8616661e-01 -2.0152945e-01 -1.6155873e-01
 -9.5975119e-02 -9.9109648e-02 -1.8380046e-01 -2.5673863e-01 -2.9332845e-01
 -3.4516404e-01 -4.0175631e-01 -4.1173314e-01 -3.7975363e-01 -4.3373582e-01
 -5.5626296e-01 -4.4107818e-01 -1.6317112e-01 -6.2371021e-02 -9.0572021e-02
 -2.0085864e-01 -3.6123918e-01 -3.5948286e-01 -2.6203196e-01 -2.6937431e-01
 -3.2028296e-01 -2.7520429e-01 -1.1087450e-01  8.4866447e-03 -1.1073058e-02
 -5.6402000e-02 -5.7697280e-02  2.8959629e-02  2.0320527e-01  3.1181851e-01
  3.5440907e-01  4.7839980e-01  7.1262349e-01  9.0730577e-01  8.4210270e-01
  6.8261983e-01  6.6742286e-01  6.9145018e-01  6.7008172e-01  6.3478473e-01
  6.6108062e-01  7.4321259e-01  7.5179900e-01  6.6237346e-01  5.8955970e-01
  5.6670326e-01  5.3935846e-01  5.2706428e-01  5.7716795e-01  6.5564093e-01
  6.6808147e-01  5.8158312e-01  4.8308330e-01  4.8481522e-01  6.5420173e-01
  8.6237346e-01  7.0772045e-01  2.0513477e-01 -6.6347116e-02  3.5189657e-03
  6.0853763e-02  1.6041468e-02 -1.9542383e-02 -2.3457983e-02 -4.1690450e-02
 -6.9374314e-02 -8.6361751e-02 -1.1263813e-01 -1.5487255e-01 -1.9969265e-01
 -2.5881205e-01 -3.2135626e-01 -3.2145384e-01 -2.6739846e-01 -2.7803391e-01
 -3.7919258e-01 -4.6359312e-01 -4.6098305e-01 -3.9941456e-01 -3.5904379e-01
 -3.9512136e-01 -4.7205757e-01 -5.2594219e-01 -5.6743505e-01 -6.0004879e-01
 -5.6036102e-01 -5.0245152e-01 -5.3194292e-01 -6.1627028e-01 -6.7798512e-01
 -6.7044762e-01 -6.5251860e-01 -7.2333211e-01 -8.5829979e-01 -9.4418832e-01
 -9.0547628e-01 -7.6348335e-01 -6.2846689e-01 -5.8431516e-01 -6.1461154e-01
 -6.3354068e-01 -5.8785218e-01 -5.0813514e-01 -4.4395658e-01 -3.9387730e-01
 -3.6128796e-01 -3.2160020e-01 -2.0067081e-01 -7.0167094e-02  5.0537870e-02
  2.0746676e-01  3.0650079e-01  3.3540676e-01  3.7126479e-01  4.3963898e-01
  5.2691792e-01  5.8163191e-01  6.6169045e-01  7.6782534e-01  8.1931943e-01
  8.2897914e-01  8.5461642e-01  8.7625320e-01  8.4981095e-01  8.2558849e-01
  8.2441761e-01  8.8805952e-01  9.8870594e-01  1.0000000e+00  9.4231004e-01
  8.9091353e-01  8.1517258e-01  7.5060373e-01  7.3840712e-01  7.4894499e-01
  8.4402976e-01  8.5373826e-01  6.1087938e-01  3.1242834e-01  1.2052445e-01
  8.7466764e-02  7.5804366e-02  1.6300281e-02 -2.9684108e-02 -1.0133431e-01
 -1.1751433e-01 -7.8014392e-02 -6.7408221e-02 -6.3698012e-02 -8.1827052e-02
 -1.0155385e-01 -9.3201610e-02 -1.0006342e-01 -1.2655202e-01 -1.4577387e-01
 -1.3551653e-01 -1.0747652e-01 -9.9514575e-02 -1.1251372e-01 -1.3974631e-01
 -1.8346140e-01 -2.1175753e-01 -1.8427857e-01 -1.0987437e-01 -4.5520185e-02
 -2.1664593e-02 -2.5908038e-02 -3.6721551e-02 -3.3979754e-02 -9.0386633e-03
  2.5561654e-02  5.0418344e-02  7.1408708e-02  1.0281742e-01  1.3866081e-01
  1.7169167e-01  2.0280766e-01  2.3599463e-01  2.7483839e-01  3.1516039e-01
  3.5050616e-01  3.7041103e-01  3.6084888e-01  3.2516161e-01  2.6883766e-01
  1.9923893e-01  1.5435785e-01  1.5165020e-01  1.7952189e-01  2.4280766e-01
  3.0991584e-01  3.3884620e-01  3.2764971e-01  2.6876448e-01  1.7895841e-01
  9.7746067e-02  4.6156848e-02  3.3887059e-02  4.0214660e-02  3.4250518e-02
  9.2299061e-03 -3.1386754e-02 -7.9202342e-02 -1.2011465e-01 -1.4579827e-01
 -1.6361995e-01 -1.9171850e-01 -2.3413343e-01 -2.7669228e-01 -3.0289060e-01
 -3.1342847e-01 -3.2791804e-01 -3.5672643e-01 -3.9909745e-01 -4.5503110e-01
 -5.0393950e-01 -5.1589218e-01 -5.0823271e-01 -5.2411270e-01 -5.6241005e-01
 -5.9799976e-01 -6.2007562e-01 -6.0426881e-01 -5.4165142e-01 -4.9510916e-01
 -5.0718380e-01 -5.4140749e-01 -5.6860593e-01 -5.8980363e-01 -6.0280522e-01
 -6.0119527e-01 -5.9470667e-01 -5.9553604e-01 -5.9468228e-01 -5.8902305e-01
 -5.8099768e-01 -5.6402000e-01 -5.4123674e-01 -5.2603976e-01 -5.2360044e-01
 -5.2406391e-01 -5.0593975e-01 -4.5749482e-01 -3.9275521e-01 -3.3040615e-01
 -2.7554580e-01 -2.2499329e-01 -1.7324064e-01 -1.1631662e-01 -5.0840346e-02
  2.3804610e-02  9.6031223e-02  1.5682644e-01  2.1837785e-01  2.9254787e-01
  3.7143554e-01  4.3688255e-01  4.7781437e-01  5.0291499e-01  5.3116234e-01
  5.6594707e-01  5.9026711e-01  5.9375534e-01  5.8311989e-01  5.6419075e-01
  5.3513843e-01  5.1833150e-01  5.7397244e-01  7.0135382e-01  7.6465423e-01
  5.9638980e-01  2.4176851e-01 -1.6689596e-02 -7.1501403e-02 -6.2456397e-02
 -6.0922064e-02 -7.1650201e-02 -1.0128308e-01 -1.3555556e-01 -1.7014026e-01
 -2.0658617e-01 -2.3411392e-01 -2.4868886e-01 -2.6922795e-01 -3.0345164e-01
 -3.2718624e-01 -3.3906574e-01 -3.5592145e-01 -3.7121600e-01 -3.7955848e-01
 -3.8121722e-01 -3.6221490e-01 -3.2733260e-01 -3.3052811e-01 -3.9426759e-01
 -4.0595195e-01 -2.4309794e-01 -2.6581290e-02  6.6061715e-02  9.3186974e-02
  1.6132211e-01  2.6742286e-01  3.6267838e-01  4.1868521e-01  4.6076351e-01
  5.1179412e-01  5.6009269e-01  5.9839005e-01  6.2871082e-01  6.4154165e-01
  6.1534333e-01  5.5065252e-01  4.8554702e-01  4.3327235e-01  3.7841200e-01
  3.5940968e-01  4.0234175e-01  4.2473472e-01  3.3282108e-01  1.7367484e-01
  6.4837175e-02 -9.1764849e-03 -1.1768264e-01 -2.2836931e-01 -2.9989023e-01
 -3.5053055e-01 -3.8331504e-01 -3.3621173e-01 -2.0275643e-01 -1.1867057e-01
 -1.3605562e-01 -1.4493963e-01 -1.1646298e-01 -1.2200024e-01 -1.6574216e-01
 -1.8757897e-01 -1.4395658e-01 -7.9792658e-02 -3.7704598e-02  1.4472009e-02
  6.2717405e-02  7.0391511e-02  4.8588852e-02  8.6949628e-02  2.8823027e-01
  5.0201244e-01  5.2384437e-01  4.9545066e-01  5.6414197e-01  6.6012928e-01
  6.5195756e-01  5.3706550e-01  4.7071594e-01  4.9240151e-01  5.0867179e-01
  5.0169533e-01  4.8908403e-01  4.6373948e-01  4.1478229e-01  3.1608733e-01
  1.8078302e-01  4.6639834e-02 -7.3565069e-02 -1.7636785e-01 -2.6051958e-01
 -3.2830833e-01 -3.6665447e-01 -3.7043542e-01 -3.5650689e-01 -3.5084766e-01
 -3.5289669e-01 -3.3006464e-01 -2.7115502e-01 -2.0113672e-01 -1.3654104e-01
 -8.4966459e-02 -6.0265886e-02 -5.7646054e-02 -6.0248811e-02 -6.5476278e-02
 -7.5806806e-02 -8.8735212e-02 -9.2360044e-02 -6.3632150e-02  1.2594707e-02
  1.2351262e-01  2.3731675e-01  3.2455177e-01  3.6458105e-01  3.4692036e-01
  2.8752287e-01  2.3160873e-01  2.1926820e-01  2.4998171e-01  2.8203439e-01
  2.7122820e-01  2.0746189e-01  1.1541164e-01  3.4531040e-02 -1.4350531e-02
 -4.8486401e-02 -1.0033419e-01 -1.6829369e-01 -2.0906452e-01 -1.9638249e-01
 -1.6069521e-01 -1.5323332e-01 -1.8584462e-01 -2.2922795e-01 -2.5593365e-01
 -2.5449445e-01 -2.2528113e-01 -2.0515429e-01 -2.3688743e-01 -2.6449567e-01
 -2.0986706e-01 -1.2214172e-01 -7.8126601e-02 -6.7330162e-02 -5.3421149e-02
 -3.5721429e-02 -3.0374436e-02 -3.8526650e-02 -5.3140627e-02 -7.3762654e-02
 -9.8792536e-02 -1.2138797e-01 -1.3899744e-01 -1.5618246e-01 -1.7764605e-01
 -1.9896573e-01 -2.1165508e-01 -2.1669960e-01 -2.2148555e-01 -2.2454690e-01
 -2.2043664e-01 -2.1151604e-01 -2.0144408e-01 -1.8883522e-01 -1.7231614e-01
 -1.5395048e-01 -1.3992926e-01 -1.3407245e-01 -1.3159898e-01 -1.2603000e-01
 -1.1626540e-01 -1.0524942e-01 -9.7738749e-02 -9.6219051e-02 -9.6933772e-02
 -9.3882181e-02 -8.6522747e-02 -7.8824247e-02 -7.2772289e-02 -6.6066593e-02
 -5.4594463e-02 -3.6782534e-02 -1.5923893e-02  1.9208196e-03  1.3780705e-02
  2.2835956e-02  3.2491767e-02  4.2256373e-02  5.0525674e-02  5.6755702e-02
  6.0622027e-02  6.0639102e-02  5.5609221e-02  4.7276497e-02  3.8497378e-02
  3.0608611e-02  2.3563361e-02  1.6627638e-02  7.7585071e-03 -5.5109160e-03
 -2.3075009e-02 -4.2988169e-02 -6.4595682e-02 -8.7356995e-02 -1.0778388e-01
 -1.2123186e-01 -1.2828882e-01 -1.3255275e-01 -1.3240883e-01 -1.2405171e-01
 -1.0861081e-01 -8.8918161e-02 -6.6771558e-02 -4.5737285e-02 -3.0601293e-02
 -2.1836565e-02 -1.5503110e-02 -8.4068789e-03  7.7660690e-05  9.0554946e-03
  1.7609221e-02  2.5732406e-02  3.3911453e-02  4.2854007e-02  5.3204049e-02
  6.4881083e-02  7.5919015e-02  8.1870960e-02  8.0239054e-02  7.4845713e-02
  7.0472009e-02  6.6734968e-02  5.8751067e-02  4.3234541e-02  2.4049762e-02
  7.8548603e-03 -4.1983169e-03 -1.5384071e-02 -2.7905842e-02 -4.2017319e-02
 -5.6889865e-02 -6.9771923e-02 -7.6963044e-02 -7.8099768e-02 -7.6731309e-02
 -7.5753141e-02 -7.5411636e-02 -7.4079766e-02 -7.0006098e-02 -6.3483352e-02
 -5.6299549e-02 -4.9459690e-02 -4.3378461e-02 -3.9136480e-02 -3.7704598e-02
 -3.8563239e-02 -4.0824491e-02 -4.4054153e-02 -4.7578973e-02 -5.0998902e-02
 -5.5289669e-02 -6.1944140e-02 -7.0711062e-02 -7.9936578e-02 -8.8708379e-02
 -9.7194780e-02 -1.0473228e-01 -1.0793511e-01 -1.0419807e-01 -9.5604342e-02
 -8.5315282e-02 -7.3799244e-02 -6.0097573e-02 -4.2492987e-02 -2.0047811e-02
  5.3118673e-03  3.0659837e-02  5.4587145e-02  7.7053299e-02  9.7797292e-02
  1.1372850e-01  1.2022198e-01  1.1767289e-01  1.1149408e-01  1.0535187e-01
  9.9707281e-02  9.4206611e-02  8.9171850e-02  8.5678741e-02  8.4681059e-02
  8.6573972e-02  9.1155019e-02  9.7833882e-02  1.0552262e-01  1.1200634e-01
  1.1560190e-01  1.1718014e-01  1.1811928e-01  1.1692645e-01  1.1054763e-01
  9.8846201e-02  8.4883522e-02  7.0889133e-02  5.7248445e-02  4.3756556e-02
  3.0347603e-02  1.7168191e-02  4.2197829e-03 -8.6934992e-03 -2.1566045e-02
 -3.3791926e-02 -4.4422491e-02 -5.3433346e-02 -6.1773387e-02 -7.0679351e-02
 -8.1536773e-02 -9.4994512e-02 -1.0978656e-01 -1.2154653e-01 -1.2476400e-01
 -1.1982681e-01 -1.1288938e-01 -1.0796683e-01 -1.0497134e-01 -1.0024881e-01
 -8.8462008e-02 -6.8113185e-02 -4.0426881e-02 -6.3039395e-03  3.1081839e-02
  6.8003415e-02  1.0343213e-01  1.3539212e-01  1.5968045e-01  1.7504574e-01
  1.8226369e-01  1.8167094e-01  1.7674351e-01  1.7217222e-01  1.6961093e-01
  1.6749848e-01  1.6226125e-01  1.5180388e-01  1.3822661e-01  1.2502988e-01
  1.1369679e-01  1.0385657e-01  9.4494451e-02  8.4693255e-02  7.3965118e-02
  6.2361264e-02  5.0374436e-02  3.8941334e-02  2.9830467e-02  2.3989267e-02
  2.0123918e-02  1.7681425e-02  1.8405903e-02  2.2700817e-02  2.8654714e-02
  3.4638371e-02  3.9195024e-02  3.9497500e-02  3.3752897e-02  2.3882181e-02
  1.2753507e-02  1.4556653e-03 -9.7265520e-03 -1.8783754e-02 -2.2449079e-02
 -2.0548360e-02 -1.4937431e-02 -5.4884742e-03  7.0874497e-03  1.9038907e-02
  2.7805830e-02  3.4094402e-02  3.8975485e-02  4.2480790e-02  4.4993292e-02
  4.7886328e-02  5.2386876e-02  5.8087572e-02  6.3929748e-02  6.9991462e-02
  7.6760581e-02  8.3276009e-02  8.6210513e-02  8.2734480e-02  7.2233199e-02
  5.3984632e-02  2.9788999e-02  4.6193438e-03 -1.9171850e-02 -4.2075863e-02
 -6.3115014e-02 -7.9860959e-02 -9.2416148e-02 -1.0294914e-01 -1.1090377e-01
 -1.1359190e-01 -1.1128674e-01 -1.0730577e-01 -1.0334919e-01 -9.8090011e-02
 -9.0110989e-02 -8.0200024e-02 -6.9852421e-02 -5.9648738e-02 -4.9610928e-02
 -3.9460910e-02 -2.7637517e-02 -1.1791194e-02  7.8963288e-03  2.8464447e-02
  4.7939993e-02  6.6486157e-02  8.4951823e-02  1.0342969e-01  1.1930235e-01
  1.2814734e-01  1.2985730e-01  1.2900842e-01  1.2910355e-01  1.3046225e-01
  1.3006464e-01  1.2187584e-01  1.0267350e-01  7.6231248e-02  4.8230272e-02
  2.1821198e-02 -3.2530796e-03 -2.6025125e-02 -4.1261129e-02 -4.7903403e-02
 -5.0942798e-02 -5.3982193e-02 -5.7689962e-02 -6.2819856e-02 -7.1935602e-02
 -8.6817905e-02 -1.0563971e-01 -1.2611050e-01 -1.4708379e-01 -1.6367362e-01
 -1.6706915e-01 -1.5320649e-01 -1.2482498e-01 -8.7525308e-02 -4.8869374e-02
 -1.8231492e-02 -7.2425906e-04  8.1656300e-03  1.4987437e-02  2.1238444e-02
  2.5793389e-02  2.6778875e-02  2.3347725e-02  1.7452128e-02  1.0851079e-02
  4.1558727e-03  4.3807781e-04  2.6683742e-03  7.1908769e-03  7.1701427e-03
  1.4849860e-03 -4.1656300e-03 -3.5601903e-03  3.6048299e-03  1.2901817e-02
  2.0956946e-02  2.7735090e-02  3.4428589e-02  4.1500183e-02  4.7881449e-02
  5.2055129e-02  5.3918771e-02  5.4609099e-02  5.2969874e-02  4.4068789e-02
  2.7132577e-02  1.2987925e-02  9.2106354e-03  6.6820344e-03 -2.8462008e-03
 -1.4230272e-02 -2.3898036e-02 -3.9241371e-02 -6.6008050e-02 -9.5331138e-02
 -1.1089157e-01 -1.0422978e-01 -7.9356019e-02 -4.5778754e-02 -1.2918893e-02
  8.2451518e-03  7.7450909e-03 -1.1245762e-02 -3.3928528e-02 -4.9847542e-02
 -5.9180388e-02 -6.6854494e-02 -7.5962922e-02 -8.5690938e-02 -9.3538236e-02
 -9.8126601e-02 -1.0097329e-01 -1.0373216e-01 -1.0392243e-01 -9.6799610e-02
 -8.0987925e-02 -6.0490304e-02 -4.0719600e-02 -2.4522503e-02 -1.1692645e-02
 -3.4996951e-03 -4.3190633e-03 -1.2026101e-02 -1.5998049e-02 -9.1176973e-03
  8.8708379e-03  3.5970240e-02  6.6608123e-02  9.2962556e-02  1.1303818e-01
  1.3060373e-01  1.4823027e-01  1.6600805e-01  1.8362727e-01  1.9927308e-01
  2.0667155e-01  2.0113672e-01  1.8616417e-01  1.6498353e-01  1.3664349e-01
  1.0418100e-01  7.5721429e-02  5.6575192e-02  4.4915234e-02  3.4806684e-02
  2.0448103e-02  6.3632150e-04 -2.1329674e-02 -4.3090621e-02 -6.5883644e-02
 -9.1818514e-02 -1.2127089e-01 -1.5248933e-01 -1.7901939e-01 -1.9041347e-01
 -1.8267350e-01 -1.6175631e-01 -1.3518966e-01 -1.0616417e-01 -7.7238688e-02
 -5.7177705e-02 -5.2262471e-02 -5.3538236e-02 -5.0228077e-02 -4.1931943e-02
 -2.9340163e-02 -1.1590926e-02  8.8659593e-03  2.8701061e-02  4.8193682e-02
  7.0954995e-02  9.7926576e-02  1.2089523e-01  1.2834248e-01  1.2441273e-01
  1.2743749e-01  1.3799976e-01  1.4321747e-01  1.4918649e-01  1.6050250e-01
  1.6528845e-01  1.6096597e-01  1.5536041e-01  1.5283327e-01  1.5373094e-01
  1.5720942e-01  1.5935846e-01  1.5447981e-01  1.4190755e-01  1.2568362e-01
  1.0924503e-01  9.4877424e-02  8.2632028e-02  7.0269545e-02  5.4284669e-02
  3.0845225e-02  3.0908647e-03 -1.9357483e-02 -3.3299183e-02 -4.3263813e-02
 -5.2684474e-02 -6.2295402e-02 -7.2162459e-02 -8.1502622e-02 -8.8581534e-02
 -9.2406391e-02 -9.4213929e-02 -9.6484937e-02 -1.0078790e-01 -1.0573485e-01
 -1.0641542e-01 -9.9743871e-02 -8.9120624e-02 -7.8680327e-02 -6.6488596e-02
 -4.8115624e-02 -2.6181242e-02 -9.4599341e-03 -1.6827662e-03  4.1419685e-05
 -4.2256373e-04 -4.3117453e-04  6.0719600e-04  1.9750213e-03  3.2618612e-03
  4.4415173e-03  5.1642883e-03  4.8054641e-03  3.2703988e-03  3.3125991e-04
 -5.0245152e-03 -1.2758629e-02 -2.1783144e-02 -3.1728260e-02 -4.1317234e-02
 -4.7596048e-02 -4.9793877e-02 -5.0323210e-02 -5.1352604e-02 -5.3406513e-02
 -5.4779851e-02 -5.0811075e-02 -3.8458349e-02 -2.1005488e-02 -3.5516526e-03
  1.1125259e-02  1.9846079e-02  2.0429077e-02  1.5923893e-02  1.1083791e-02
  7.7306989e-03  5.4038297e-03  4.2085620e-03  5.5987316e-03  9.8436395e-03
  1.5518478e-02  2.1593609e-02  2.6822783e-02  2.8247347e-02  2.4043420e-02
  1.6264422e-02  6.7674107e-03 -5.4638371e-03 -2.0674960e-02 -3.7099646e-02
 -5.3584583e-02 -7.0306135e-02 -8.7337480e-02 -1.0281986e-01 -1.1366020e-01
 -1.1963166e-01 -1.2349555e-01 -1.2703500e-01 -1.3058910e-01 -1.3439200e-01
 -1.3836078e-01 -1.4103915e-01 -1.4020978e-01 -1.3584827e-01 -1.3013538e-01
 -1.2454934e-01 -1.1932187e-01 -1.1441395e-01 -1.0956214e-01 -1.0344920e-01
 -9.4287108e-02 -8.2334431e-02 -6.9649957e-02 -5.7650933e-02 -4.6791072e-02
 -3.7153311e-02 -2.8305891e-02 -1.9556531e-02 -1.1028906e-02 -3.8809611e-03
  1.4012684e-03  5.8285157e-03  8.9896329e-03  8.3927308e-03  3.7470423e-03
 -2.4015368e-03 -8.3405293e-03 -1.4162947e-02 -2.0433467e-02 -2.6625198e-02
 -3.0423222e-02 -3.0242713e-02 -2.7557019e-02 -2.4639590e-02 -2.2160995e-02
 -1.9684108e-02 -1.6789852e-02 -1.4273204e-02 -1.4778632e-02 -2.0306867e-02
 -2.9964630e-02 -4.1956336e-02 -5.4799366e-02 -6.5276253e-02 -6.8940115e-02
 -6.5178680e-02 -5.7770460e-02 -4.9806074e-02 -4.2322234e-02 -3.5706794e-02
 -2.9820710e-02 -2.4273936e-02 -1.9235760e-02 -1.5009879e-02 -1.0968411e-02
 -5.6350774e-03  1.5229662e-03  9.2020978e-03  1.6125625e-02  2.2005610e-02
  2.6949628e-02  3.1374558e-02  3.5853153e-02  4.0848884e-02  4.6503232e-02
  5.2462495e-02  5.8341261e-02  6.4395658e-02  7.1313575e-02  7.9629223e-02
  8.8176607e-02  9.2491767e-02  8.9127942e-02  8.0948896e-02  7.4170021e-02
  7.2977192e-02  7.6772777e-02  8.1975851e-02  8.7013050e-02  9.3465057e-02
  1.0294914e-01  1.1499451e-01  1.2847908e-01  1.4241981e-01  1.5281132e-01
  1.5318941e-01  1.4190023e-01  1.2268569e-01  9.9775582e-02  7.8148555e-02
  6.2856446e-02  5.3952921e-02  4.6171484e-02  3.4889621e-02  2.0100500e-02
  5.6794731e-03 -4.5054275e-03 -1.0445664e-02 -1.4859617e-02 -1.9450177e-02
 -2.4573729e-02 -3.0457373e-02 -3.6836200e-02 -4.1427003e-02 -4.1136724e-02
 -3.6367850e-02 -3.0271984e-02 -2.4210026e-02 -1.7819490e-02 -1.0961337e-02
 -3.5962922e-03  4.6520307e-03  1.3017685e-02  1.8059276e-02  1.7522869e-02
  1.4066350e-02  1.0945969e-02  8.5432370e-03  5.8646176e-03  2.2116112e-03
 -8.9445054e-04 -1.4506403e-04  4.9942676e-03  1.1772411e-02  1.8304183e-02
  2.4724966e-02  3.1750213e-02  3.9285279e-02  4.4685937e-02  4.4066350e-02
  3.7987559e-02  3.1999024e-02  2.9810953e-02  3.0342725e-02  3.1289182e-02
  3.1799000e-02  3.2045371e-02  3.2403952e-02  3.3133309e-02  3.4262715e-02
  3.5489694e-02  3.6309306e-02  3.6997195e-02  4.0404927e-02  5.0391511e-02
  6.5090865e-02  7.6136114e-02  7.8253446e-02  7.3340651e-02  6.4456641e-02
  5.3260154e-02  4.1214782e-02  2.9137700e-02  1.7966093e-02  9.1423344e-03
  2.8369313e-03 -2.0456641e-03 -6.3732162e-03 -1.0697646e-02 -1.4901085e-02
 -1.7629711e-02 -1.7697036e-02 -1.5822173e-02 -1.3400415e-02 -1.0706184e-02
 -7.4704232e-03 -3.8982803e-03 -2.4749360e-04  3.6697158e-03  7.8494938e-03
  1.1729479e-02  1.4840346e-02  1.7258690e-02  1.9648006e-02  2.2669838e-02
  2.5429930e-02  2.4294670e-02  1.6558605e-02  4.5898280e-03 -7.4874985e-03
 -1.8136846e-02 -2.8137578e-02 -3.8746189e-02 -5.0286620e-02 -6.2163678e-02
 -7.3008904e-02 -8.1134285e-02 -8.6476400e-02 -9.0689108e-02 -9.5162825e-02
 -1.0060495e-01 -1.0672521e-01 -1.0991096e-01 -1.0466398e-01 -9.0532992e-02
 -7.1620929e-02 -5.0447616e-02 -2.7861934e-02 -4.6156848e-03  1.7393341e-02
  3.3869984e-02  4.2405171e-02  4.5893402e-02  4.7364313e-02  4.6366630e-02
  4.2693011e-02  3.8111965e-02  3.4250518e-02  3.0698866e-02  2.4468838e-02
  1.3493597e-02 -1.6556409e-04 -1.3850714e-02 -2.6576412e-02 -3.6404440e-02
 -4.1058666e-02 -4.1270887e-02 -3.9870716e-02 -3.8660812e-02 -3.8124161e-02
 -3.8670570e-02 -4.0656178e-02 -4.3283327e-02 -4.4171240e-02 -4.1624588e-02
 -3.6260520e-02 -2.8864496e-02 -1.9583364e-02 -9.4316380e-03 -6.8132699e-04
  4.2690572e-03  5.4384681e-03  4.3898036e-03  1.3505306e-03 -3.2152702e-03
 -7.0891572e-03 -8.7744847e-03 -8.9864618e-03 -8.9503598e-03 -8.9571899e-03
 -8.8071716e-03 -8.4690816e-03 -8.2292963e-03 -8.2758873e-03 -8.4285889e-03
 -8.3317478e-03 -8.1700207e-03 -8.7625320e-03 -1.0392731e-02 -1.2456397e-02
 -1.4479571e-02 -1.6398097e-02 -1.8200756e-02 -1.9870472e-02 -2.1714355e-02
 -2.4389560e-02 -2.8059519e-02 -3.1791682e-02 -3.3996829e-02 -3.3343091e-02
 -2.9896329e-02 -2.5456763e-02 -2.1848274e-02 -1.9043542e-02 -1.5496280e-02
 -1.0247835e-02 -4.0241493e-03  2.1319185e-03  7.9099890e-03  1.3549213e-02
  1.9352360e-02  2.4976217e-02  2.9123064e-02  3.1033053e-02  3.1638005e-02
  3.2152702e-02  3.2882059e-02  3.3694353e-02  3.4445664e-02  3.5104281e-02
  3.5662886e-02  3.6126357e-02  3.6528845e-02  3.6892304e-02  3.7197219e-02
  3.7528967e-02  3.8011953e-02  3.8321747e-02  3.7431394e-02  3.4731065e-02
  3.1098915e-02  2.7696060e-02  2.4412733e-02  2.0359312e-02  1.5361629e-02
  1.0022442e-02  4.7398463e-03 -5.0879376e-04 -5.7194780e-03 -1.0445664e-02
 -1.3978290e-02 -1.5875595e-02 -1.6208562e-02 -1.5520185e-02 -1.4502500e-02
 -1.3521161e-02 -1.2582754e-02 -1.1580681e-02 -1.0656178e-02 -1.0273692e-02
 -1.0693499e-02 -1.1519210e-02 -1.1142090e-02 -7.2916209e-03 -1.2713746e-05
  8.0790340e-03  1.5090865e-02  2.1185998e-02  2.7069155e-02  3.1952677e-02
  3.3977314e-02  3.3177217e-02  3.1572143e-02  3.0237834e-02  2.8274180e-02
  2.4603000e-02  1.9632638e-02  1.4386633e-02  9.4233443e-03  5.1245274e-03
  1.6247835e-03 -1.4644225e-03 -4.5190877e-03 -7.6843518e-03 -1.1251372e-02
 -1.5440907e-02 -1.9682156e-02 -2.2518112e-02 -2.3156970e-02 -2.2568850e-02
 -2.2052445e-02 -2.1501890e-02 -1.9449689e-02 -1.4957434e-02 -8.9867057e-03
 -2.5642151e-03  4.5346994e-03  1.2527869e-02  2.0471765e-02  2.6327601e-02
  2.8937675e-02  2.9615807e-02  3.0081717e-02  3.0452494e-02  2.9998780e-02
  2.8640078e-02  2.6942310e-02  2.5307964e-02  2.3826076e-02  2.2516404e-02
  2.1218685e-02  1.9218929e-02  1.5643127e-02  1.0692523e-02  5.0737895e-03
 -1.2825467e-03 -8.5185998e-03 -1.6291743e-02 -2.4050250e-02 -3.0418344e-02
 -3.3767533e-02 -3.4477375e-02 -3.4504208e-02 -3.4533480e-02 -3.3316258e-02
 -2.9852421e-02 -2.5095743e-02 -2.0506891e-02 -1.6408586e-02 -1.2512258e-02
 -8.7932675e-03 -5.3816319e-03 -2.1923161e-03  9.3484571e-04  3.9895109e-03
  6.8374192e-03  9.4616417e-03  1.2100500e-02  1.4816197e-02  1.6788389e-02
  1.6758141e-02  1.4783510e-02  1.2268325e-02  1.0191975e-02  8.5742164e-03
  7.0013416e-03  5.0262227e-03  2.5993414e-03  3.7970484e-05 -2.4768874e-03
 -5.0572021e-03 -7.8446152e-03 -1.0781559e-02 -1.3703135e-02 -1.6307842e-02
 -1.7893158e-02 -1.8011465e-02 -1.7218685e-02 -1.6296378e-02 -1.5523357e-02
 -1.4910843e-02 -1.4323210e-02 -1.3385535e-02 -1.1848030e-02 -9.9529211e-03
 -8.0600073e-03 -6.2666179e-03 -4.5022564e-03 -2.6974021e-03 -8.6017807e-04
  8.6571533e-04  2.3766069e-03  3.7955848e-03  5.3479693e-03  7.0074399e-03
  8.0239054e-03  7.2423466e-03  4.6459324e-03  1.3962678e-03 -1.7316990e-03
 -4.7452128e-03 -7.7477741e-03 -1.0344920e-02 -1.1827784e-02 -1.2170996e-02
 -1.2074887e-02 -1.2074643e-02 -1.2273692e-02 -1.2474692e-02 -1.2234907e-02
 -1.1356751e-02 -1.0144164e-02 -8.8020490e-03 -7.2372241e-03 -5.5201854e-03
 -3.8041225e-03 -2.1498719e-03 -6.7596048e-04  5.0025613e-04  1.4007318e-03
  2.0160263e-03  2.3102330e-03  2.4327113e-03  2.9149896e-03  4.3790706e-03
  6.7042322e-03  8.8710818e-03  9.9417002e-03  9.9551165e-03  9.6538602e-03
  9.5379924e-03  9.6633736e-03  9.8782778e-03  9.7402122e-03  8.6644713e-03
  6.6956946e-03  4.6520307e-03  3.4833516e-03  3.5216490e-03  4.2371021e-03
  4.9842664e-03  5.6043420e-03  6.1907550e-03  6.8066837e-03  7.3296744e-03
  7.4545676e-03  7.0225637e-03  6.2461276e-03  5.3428467e-03  4.3458958e-03
  3.2818636e-03  2.2109282e-03  1.1829004e-03  2.8874253e-04 -4.2380778e-04
 -1.0253202e-03 -1.6042444e-03 -2.1529211e-03 -2.6115380e-03 -2.9549945e-03
 -3.2342969e-03 -3.4974997e-03 -3.7489938e-03 -3.9621905e-03 -4.0858641e-03
 -3.9963410e-03 -3.6270277e-03 -3.0957434e-03 -2.5676302e-03 -2.0993780e-03
 -1.6458593e-03 -1.0671789e-03 -2.9176729e-04  5.6863032e-04  1.3795341e-03
  2.1312355e-03  2.8496158e-03  3.4467618e-03  3.6592267e-03  3.3728503e-03
  2.8376631e-03  2.2916453e-03  1.6790340e-03  9.1598975e-04  1.1797048e-04
 -5.0708623e-04 -8.8937675e-04 -1.1239663e-03 -1.3177705e-03 -1.4727162e-03
 -1.5506037e-03 -1.5530431e-03 -1.5267228e-03 -1.5015002e-03 -1.4884742e-03
 -1.4739602e-03 -1.4091719e-03 -1.2400293e-03 -9.9687767e-04 -7.5282352e-04
 -5.3816319e-04 -3.4677400e-04 -1.8804488e-04 -7.3618734e-05  2.5837297e-07
  5.4211489e-05  9.6994755e-05  1.3441395e-04  1.6639590e-04  1.9325528e-04
  2.0329796e-04  1.8873277e-04  1.5542383e-04  1.2349067e-04  9.9782900e-05
  8.4078546e-05  6.8896207e-05  5.4265154e-05  4.0936700e-05  3.3806562e-05
  3.0284181e-05  2.9664593e-05  2.7896085e-05  2.7032565e-05  2.5407977e-05
  2.4871326e-05  2.3263081e-05  2.2882059e-05  2.2005854e-05  2.2380290e-05
  2.1174290e-05  1.9201122e-05  1.4780339e-05  1.1701427e-05  9.1745335e-06
  8.9903647e-06  8.5366508e-06  9.2281986e-06  8.8654714e-06  9.4177339e-06
  8.8225393e-06  9.2301500e-06  8.5342115e-06  8.7176485e-06  7.9385291e-06
  7.9685327e-06  7.0498841e-06  7.1435541e-06  6.2168557e-06  6.3466276e-06
  5.4187096e-06  5.6455665e-06  4.7520429e-06  4.9864618e-06  4.1563605e-06
  4.3724844e-06  3.5406757e-06  3.8321747e-06  3.0123186e-06  3.3511404e-06
  2.5703135e-06  2.8942554e-06  2.1933407e-06  2.5007928e-06  1.7698744e-06
  2.1441883e-06  1.4359556e-06  1.7935358e-06  1.1032077e-06  1.4545676e-06
  7.6099524e-07  1.1145993e-06  5.1674594e-07  9.5594585e-07  3.9048664e-07
  7.7675326e-07  1.1998049e-07  5.0520795e-07 -8.3673619e-08  3.7416758e-07
 -1.7181364e-07  3.1311136e-07 -2.3154531e-07  2.9047445e-07 -2.8947433e-07
  0.0000000e+00  0.0000000e+00  0.0000000e+00  0.0000000e+00  0.0000000e+00
