Scaled from
PEER NGA STRONG MOTION DATABASE RECORD
ACCELERATION TIME SERIES IN UNITS OF G
NPTS= 2499.000000, DT= 0.010000, Scalar= 1.000000
  4.7429705e-04  9.0234173e-04  7.7436605e-04  8.4737795e-04  8.4442384e-04
  8.8964119e-04  9.0753838e-04  9.6375280e-04  9.9338020e-04  1.0592117e-03
  1.1035449e-03  1.1831551e-03  1.2534069e-03  1.3695015e-03  1.5002588e-03
  1.7009013e-03  1.9377264e-03  2.2293859e-03  2.5150940e-03  2.8126617e-03
  3.0660255e-03  3.2596602e-03  3.3068829e-03  3.2469381e-03  3.1574521e-03
  3.1244609e-03  3.0899603e-03  3.0438158e-03  2.9407452e-03  2.8327152e-03
  2.7335260e-03  2.6656029e-03  2.5905641e-03  2.5243661e-03  2.4316457e-03
  2.3343971e-03  2.2403830e-03  2.1968259e-03  2.1700880e-03  2.0948551e-03
  1.8229688e-03  1.3777385e-03  8.8998620e-04  4.9003795e-04  1.2441565e-04
 -2.7553045e-04 -7.2774711e-04 -1.0936907e-03 -1.2793902e-03 -1.2931258e-03
 -1.2569864e-03 -1.2106262e-03 -1.1810635e-03 -1.1368380e-03 -1.0944454e-03
 -1.0773676e-03 -1.1603200e-03 -1.3263541e-03 -1.5357081e-03 -1.7264533e-03
 -1.9112472e-03 -2.0804942e-03 -2.2429705e-03 -2.3600569e-03 -2.4240987e-03
 -2.4146110e-03 -2.3740728e-03 -2.3246938e-03 -2.3055028e-03 -2.2955839e-03
 -2.3011903e-03 -2.3121873e-03 -2.3339658e-03 -2.3313783e-03 -2.3195187e-03
 -2.2981715e-03 -2.2947214e-03 -2.2839400e-03 -2.2636709e-03 -2.2209764e-03
 -2.1830257e-03 -2.1411722e-03 -2.1233397e-03 -2.1173883e-03 -2.1100785e-03
 -2.0644730e-03 -2.0114283e-03 -2.0040969e-03 -2.1457435e-03 -2.4152579e-03
 -2.7268415e-03 -3.0153528e-03 -3.2999827e-03 -3.5649905e-03 -3.8412110e-03
 -4.1394256e-03 -4.4796878e-03 -4.8210281e-03 -5.0414007e-03 -4.9730464e-03
 -4.8404347e-03 -4.9933155e-03 -5.4101259e-03 -5.8594963e-03 -6.2985165e-03
 -6.7519838e-03 -7.2056667e-03 -7.4195705e-03 -7.2190357e-03 -6.7440055e-03
 -6.2571157e-03 -5.8088235e-03 -5.3693721e-03 -4.8848542e-03 -4.4173711e-03
 -4.1411506e-03 -4.2051923e-03 -4.4753752e-03 -4.7697085e-03 -5.0226410e-03
 -5.2712610e-03 -5.5315249e-03 -5.8090392e-03 -5.9858548e-03 -5.9882267e-03
 -5.8696308e-03 -5.7527600e-03 -5.6404175e-03 -5.5181559e-03 -5.4090478e-03
 -5.4150854e-03 -5.5261342e-03 -5.6772900e-03 -5.8178799e-03 -5.9761515e-03
 -6.1482232e-03 -6.3336640e-03 -6.4934449e-03 -6.6064344e-03 -6.6573228e-03
 -6.6898827e-03 -6.7082111e-03 -6.7274021e-03 -6.7375367e-03 -6.7515525e-03
 -6.7580214e-03 -6.7711747e-03 -6.7765655e-03 -6.7841125e-03 -6.7780749e-03
 -6.7748404e-03 -6.7675091e-03 -6.7683716e-03 -6.7597464e-03 -6.7528463e-03
 -6.7377523e-03 -6.7349491e-03 -6.7362429e-03 -6.7487494e-03 -6.7509056e-03
 -6.7515525e-03 -6.7392617e-03 -6.7308522e-03 -6.7148956e-03 -6.6982922e-03
 -6.6646541e-03 -6.6314473e-03 -6.5947904e-03 -6.5693462e-03 -6.5225548e-03
 -6.4302657e-03 -6.2799724e-03 -6.1204071e-03 -5.9681732e-03 -5.8426772e-03
 -5.7070467e-03 -5.5485596e-03 -5.4004226e-03 -5.3577281e-03 -5.4060290e-03
 -5.4696395e-03 -5.4873210e-03 -5.5013369e-03 -5.5328187e-03 -5.5865103e-03
 -5.5968604e-03 -5.5028463e-03 -5.2964896e-03 -5.0692168e-03 -4.8632914e-03
 -4.6981197e-03 -4.5355356e-03 -4.3565637e-03 -4.1527945e-03 -3.9539848e-03
 -3.7564689e-03 -3.5781439e-03 -3.4045627e-03 -3.2232189e-03 -3.0052182e-03
 -2.7753579e-03 -2.5677074e-03 -2.4635587e-03 -2.4486804e-03 -2.4588149e-03
 -2.4322926e-03 -2.3723478e-03 -2.2919182e-03 -2.2336985e-03 -2.1815163e-03
 -2.1324823e-03 -2.0719553e-03 -2.0081939e-03 -1.9321201e-03 -1.8773935e-03
 -1.8411032e-03 -1.8217397e-03 -1.7793471e-03 -1.6919959e-03 -1.5509531e-03
 -1.4070209e-03 -1.2665819e-03 -1.1363852e-03 -9.9717526e-04 -8.5475246e-04
 -7.0335950e-04 -5.8579869e-04 -5.1183802e-04 -4.7037261e-04 -4.2127393e-04
 -3.7081680e-04 -3.0509315e-04 -2.2901932e-04 -1.3569734e-04 -3.0338968e-05
  1.2076289e-04  2.9336295e-04  4.7007073e-04  6.3138261e-04  7.9636019e-04
  9.6148870e-04  1.1286010e-03  1.2510350e-03  1.3225591e-03  1.3746981e-03
  1.4658875e-03  1.5843540e-03  1.7040495e-03  1.7885113e-03  1.9688848e-03
  2.4588149e-03  3.2835950e-03  4.2140331e-03  5.1410212e-03  6.0744782e-03
  7.0683112e-03  8.1190702e-03  8.9673538e-03  9.1497757e-03  8.6693548e-03
  7.9021477e-03  7.0939710e-03  6.2577626e-03  5.3641970e-03  4.4249181e-03
  3.7489219e-03  3.7437468e-03  4.3878299e-03  5.1694842e-03  5.7333535e-03
  6.1087632e-03  6.5059514e-03  7.0430826e-03  7.7180007e-03  8.2721666e-03
  8.4884423e-03  8.4360445e-03  8.4215974e-03  8.8192168e-03  9.7906245e-03
  1.1007849e-02  1.2124590e-02  1.3119717e-02  1.4174357e-02  1.5363766e-02
  1.6482232e-02  1.6782387e-02  1.5697559e-02  1.3552484e-02  1.1021865e-02
  8.9035277e-03  8.2575039e-03  9.1344661e-03  1.0583923e-02  1.2166638e-02
  1.4202605e-02  1.6912196e-02  1.9970243e-02  2.1359755e-02  1.7873038e-02
  9.2321459e-03  3.1908746e-04 -3.2368035e-03 -9.3160255e-04  3.6704330e-03
  8.3873124e-03  1.3163058e-02  1.8255132e-02  2.3292220e-02  2.6696998e-02
  2.6673279e-02  2.3632914e-02  1.9516129e-02  1.5581551e-02  1.2717354e-02
  1.1877048e-02  1.2560592e-02  1.3445532e-02  1.4617690e-02  1.7343238e-02
  2.1646973e-02  2.5140159e-02  2.4995687e-02  2.1646973e-02  1.8172977e-02
  1.6041271e-02  1.4321416e-02  1.2074564e-02  9.3313352e-03  6.5445489e-03
  4.1864326e-03  2.7667328e-03  2.5457133e-03  3.5718906e-03  5.5528722e-03
  7.6453338e-03  9.2168363e-03  1.0581766e-02  1.2205667e-02  1.4115706e-02
  1.6116957e-02  1.8129420e-02  2.0280749e-02  2.3061497e-02  2.6932034e-02
  3.1828963e-02  3.6941521e-02  4.0007763e-02  3.8390547e-02  3.2697947e-02
  2.6002674e-02  1.9767121e-02  1.3690918e-02  8.6896239e-03  7.4178454e-03
  1.1130542e-02  1.8716146e-02  2.9198292e-02  4.0883215e-02  4.8512161e-02
  4.6879852e-02  3.6939365e-02  2.3673883e-02  1.1731283e-02  3.9410471e-03
  1.2898482e-04 -1.9476885e-03 -3.5162584e-03 -4.1044937e-03 -3.3959376e-03
 -2.1445791e-03  2.1438244e-04  7.2912713e-03  2.0005822e-02  2.9463516e-02
  2.6656029e-02  1.5255089e-02  6.1674142e-03  6.6448163e-03  1.4988140e-02
  2.3833448e-02  2.8296964e-02  2.6712092e-02  2.0201182e-02  1.5553735e-02
  2.1361911e-02  3.8565206e-02  6.0343712e-02  7.7630671e-02  8.2963171e-02
  7.7307228e-02  6.8147318e-02  5.9328101e-02  5.0601604e-02  4.1491289e-02
  3.2273159e-02  2.3874418e-02  1.7067017e-02  1.2276393e-02  1.0001078e-02
  9.6922977e-03  9.9639900e-03  1.0119674e-02  9.7727273e-03  8.6126445e-03
  7.6856564e-03  8.5059082e-03  1.0147274e-02  8.4940486e-03  8.5307055e-04
 -1.0816586e-02 -2.3481973e-02 -3.5210022e-02 -4.2720373e-02 -4.3535449e-02
 -3.9412627e-02 -3.2380973e-02 -2.1535924e-02 -7.0292824e-03  8.2365879e-03
  2.1810850e-02  3.3961532e-02  4.6580128e-02  6.0162584e-02  7.0262636e-02
  6.9641625e-02  5.8073141e-02  4.3634639e-02  3.1809557e-02  2.1830257e-02
  1.1122348e-02 -1.1702389e-03 -1.2360488e-02 -1.8459548e-02 -1.6865189e-02
 -6.6400725e-03  1.0334656e-02  3.0707694e-02  4.9297050e-02  5.9276350e-02
  5.8592807e-02  4.9605399e-02  3.3737278e-02  1.3016647e-02 -9.7595739e-03
 -3.2605227e-02 -5.1891064e-02 -6.2819131e-02 -6.5624461e-02 -6.4876229e-02
 -5.9425134e-02 -4.4527342e-02 -2.5394601e-02 -9.9620493e-03  2.4786528e-03
  1.2794980e-02  1.7520269e-02  1.7043514e-02  1.8651889e-02  2.7861394e-02
  4.2211489e-02  5.4843022e-02  5.8760997e-02  5.1298085e-02  3.6676298e-02
  2.0663274e-02  6.8216319e-03 -1.3544075e-03 -2.5017250e-03 -7.1983353e-04
 -2.9275919e-03 -1.3011471e-02 -2.8579438e-02 -4.2547870e-02 -4.7272296e-02
 -4.0501553e-02 -3.0166465e-02 -2.7887269e-02 -3.6572796e-02 -4.8835605e-02
 -5.4215543e-02 -4.7621615e-02 -3.4222443e-02 -2.1961791e-02 -1.2563395e-02
 -2.8764878e-03  9.4990944e-03  2.2377954e-02  2.8952475e-02  2.5181128e-02
  1.5045498e-02  3.5884940e-03 -8.6303260e-03 -2.0510178e-02 -2.7652234e-02
 -2.7740642e-02 -2.2841556e-02 -1.6010221e-02 -1.0073961e-02 -6.5335518e-03
 -4.0130671e-03 -4.1016905e-04  3.9253062e-03  7.0182853e-03  7.9631706e-03
  8.2130844e-03  8.1257547e-03  3.3267207e-03 -1.0983267e-02 -3.1434363e-02
 -4.7522425e-02 -5.2975677e-02 -5.0526134e-02 -4.4857254e-02 -3.7638002e-02
 -2.6308867e-02 -5.3838192e-03  2.5610229e-02  5.5209591e-02  6.7534932e-02
  6.1352855e-02  5.2859238e-02  5.3232275e-02  5.5942729e-02  5.3663533e-02
  5.2926082e-02  5.9377695e-02  6.4453597e-02  5.9968518e-02  5.1466276e-02
  4.6336467e-02  4.3649733e-02  4.2230895e-02  4.1029843e-02  3.2171813e-02
  1.3740944e-02 -1.4743833e-03 -4.0389426e-03  4.0009919e-03  1.8383647e-02
  3.3187425e-02  3.8601863e-02  2.6565465e-02  1.7671856e-03 -1.5038382e-02
 -4.6793600e-03  2.5435570e-02  5.1093238e-02  6.1538296e-02  6.0645593e-02
  5.3672158e-02  4.7593583e-02  5.6580990e-02  8.8474642e-02  1.2792824e-01
  1.5657021e-01  1.7550673e-01  1.9289719e-01  2.0828877e-01  2.1443635e-01
  2.0594057e-01  1.8594532e-01  1.5895938e-01  1.1968259e-01  6.6657323e-02
  1.4096084e-02 -2.9323357e-02 -7.1217871e-02 -1.1703683e-01 -1.5893997e-01
 -1.8823314e-01 -2.0851087e-01 -2.2779024e-01 -2.4846904e-01 -2.7054942e-01
 -2.9545455e-01 -3.2327066e-01 -3.4504916e-01 -3.4144816e-01 -3.0103933e-01
 -2.4171986e-01 -2.0217354e-01 -1.9889382e-01 -2.0643005e-01 -1.9631059e-01
 -1.6537864e-01 -1.2177635e-01 -7.6181646e-02 -3.9733914e-02 -1.6712739e-02
 -4.8167155e-03  2.3479817e-03  1.2031654e-02  2.4866310e-02  3.3868811e-02
  3.0903916e-02  8.2376660e-03 -3.7782474e-02 -8.4560980e-02 -9.1599103e-02
 -7.1832413e-02 -8.0543816e-02 -1.0801061e-01 -1.0254011e-01 -6.9714939e-02
 -4.8736415e-02 -5.5248404e-02 -8.6314042e-02 -1.3228394e-01 -1.8038641e-01
 -2.2259358e-01 -2.5780576e-01 -2.8877005e-01 -3.1606866e-01 -3.3610057e-01
 -3.4573918e-01 -3.4513541e-01 -3.3663964e-01 -3.2348629e-01 -3.0569691e-01
 -2.7826893e-01 -2.3488442e-01 -1.7316716e-01 -9.9036139e-02 -2.4726151e-02
  3.3058047e-02  5.9121097e-02  5.0062532e-02  1.3072926e-02 -3.7497844e-02
 -8.4608418e-02 -1.2233914e-01 -1.6088710e-01 -2.1005477e-01 -2.6690530e-01
 -3.2320597e-01 -3.7515094e-01 -4.1898827e-01 -4.3927894e-01 -4.2368898e-01
 -3.9496722e-01 -3.8858461e-01 -4.0784026e-01 -4.3753234e-01 -4.6439969e-01
 -4.7535363e-01 -4.6791444e-01 -4.5116008e-01 -4.3009315e-01 -4.0106952e-01
 -3.6441263e-01 -3.3211144e-01 -3.0955667e-01 -2.7788080e-01 -2.3193031e-01
 -2.1518889e-01 -2.5985423e-01 -3.1009574e-01 -2.8273245e-01 -2.0362041e-01
 -1.5673193e-01 -1.5383172e-01 -1.6658617e-01 -1.8000690e-01 -1.8026350e-01
 -1.5052398e-01 -8.4746421e-02  8.0168622e-03  1.0675565e-01  1.7403398e-01
  1.8135027e-01  1.4626100e-01  1.0738960e-01  8.2639727e-02  7.2375798e-02
  6.6937640e-02  4.9614024e-02  1.5262636e-02 -2.8512593e-02 -7.0305762e-02
 -8.6568484e-02 -5.4398827e-02  1.3562619e-02  7.1638347e-02  8.8375453e-02
  7.3826979e-02  5.0301880e-02  2.6377868e-02  2.7904520e-03 -2.1679317e-02
 -4.4281525e-02 -6.8093410e-02 -9.0354925e-02 -7.7570295e-02 -7.3221063e-02
 -1.7819562e-01 -3.1294204e-01 -3.3495774e-01 -2.8682939e-01 -2.6403743e-01
 -2.6865189e-01 -2.6175177e-01 -2.3292220e-01 -2.0713947e-01 -2.0514059e-01
 -2.1834570e-01 -2.3169312e-01 -2.4872779e-01 -2.7990771e-01 -3.1235984e-01
 -3.1117388e-01 -2.6257116e-01 -1.8648439e-01 -1.1101001e-01 -5.8931344e-02
 -3.5188460e-02 -2.8566500e-02 -1.9179101e-02  3.4049940e-02  1.6701527e-01
  3.5218648e-01  5.1295929e-01  5.9532948e-01  6.0112989e-01  5.6201484e-01
  5.1390806e-01  5.1356305e-01  5.8530274e-01  6.4201311e-01  6.1070381e-01
  5.4262981e-01  5.0519665e-01  5.0724513e-01  5.2762205e-01  5.4347076e-01
  5.4776177e-01  5.5021994e-01  5.6126013e-01  5.6813869e-01  5.4804209e-01
  5.1701311e-01  5.0010781e-01  4.8816198e-01  4.7703554e-01  4.6265310e-01
  4.5310074e-01  4.7196826e-01  4.7901932e-01  4.6834570e-01  4.9143954e-01
  5.1714249e-01  5.1408056e-01  5.1022080e-01  5.2212351e-01  5.3544937e-01
  5.4532517e-01  5.6343799e-01  5.8597119e-01  6.0846127e-01  6.1822926e-01
  6.1152320e-01  5.9755046e-01  5.7376660e-01  5.7443505e-01  5.8741590e-01
  5.7756167e-01  6.2939883e-01  7.7162757e-01  8.3657495e-01  6.9855097e-01
  5.8109798e-01  6.8966707e-01  8.2585820e-01  8.1298516e-01  7.1586597e-01
  6.4011558e-01  6.2409436e-01  6.4350095e-01  6.9542436e-01  7.6968691e-01
  8.0060807e-01  7.8732534e-01  7.7320166e-01  7.5959548e-01  7.4851216e-01
  7.1875539e-01  6.6150595e-01  6.2021304e-01  5.9748577e-01  5.5591254e-01
  4.9877092e-01  4.5980680e-01  4.4742971e-01  4.6657754e-01  5.1173021e-01
  5.0420476e-01  3.8582456e-01  2.1024237e-01  6.6206659e-02 -1.9317966e-03
 -1.0421339e-02  5.9358289e-03  3.4190098e-02  6.9753752e-02  1.0552657e-01
  1.4237105e-01  1.8520140e-01  2.3113248e-01  2.7095912e-01  2.9797740e-01
  3.1259703e-01  3.2120062e-01  3.2672072e-01  3.2454287e-01  3.1085044e-01
  2.8588063e-01  2.4885717e-01  1.9130800e-01  1.0389426e-01  9.5450233e-03
 -4.7647490e-02 -5.9905986e-02 -5.8991720e-02 -8.5141021e-02 -1.5572926e-01
 -2.3510005e-01 -2.7995084e-01 -2.9504485e-01 -3.2063999e-01 -3.9697257e-01
 -5.1030706e-01 -5.9541573e-01 -6.0007331e-01 -5.4526048e-01 -5.1602122e-01
 -5.6240297e-01 -6.4429878e-01 -6.9238399e-01 -7.1211402e-01 -7.2811368e-01
 -7.3111092e-01 -7.3412972e-01 -7.2774711e-01 -7.1394687e-01 -7.4299206e-01
 -7.9416077e-01 -8.0075901e-01 -7.7389167e-01 -7.5381663e-01 -7.4532086e-01
 -7.7488356e-01 -8.4274194e-01 -8.6128601e-01 -8.1721149e-01 -7.6119113e-01
 -7.2910557e-01 -7.5053907e-01 -7.7412886e-01 -8.0606348e-01 -8.5755563e-01
 -8.4313007e-01 -7.9651113e-01 -7.2651803e-01 -6.3955494e-01 -6.5076764e-01
 -6.6493445e-01 -5.9908142e-01 -5.5405813e-01 -5.4321201e-01 -5.5436001e-01
 -5.8362084e-01 -6.0938848e-01 -6.3181387e-01 -6.3026134e-01 -5.9118941e-01
 -5.4694238e-01 -5.3094273e-01 -5.1951440e-01 -4.5719769e-01 -3.6971710e-01
 -3.4203036e-01 -3.6089788e-01 -3.3957219e-01 -2.7072193e-01 -1.9708686e-01
 -9.0630930e-02  6.4701570e-02  1.8365534e-01  2.1608159e-01  2.2738054e-01
  2.9055977e-01  3.9539848e-01  4.7311109e-01  4.7597895e-01  4.0870278e-01
  3.4970674e-01  3.9160342e-01  4.9695963e-01  5.7717354e-01  6.0324306e-01
  6.0207866e-01  6.6446007e-01  7.4523460e-01  7.2367173e-01  6.7323616e-01
  6.6215284e-01  6.7017423e-01  7.1403312e-01  7.4967656e-01  7.2319734e-01
  7.1912196e-01  7.7578920e-01  8.1279110e-01  8.4280662e-01  8.6380887e-01
  7.9666207e-01  6.6116095e-01  5.3937381e-01  4.7265827e-01  4.3173193e-01
  3.9964637e-01  4.1551665e-01  3.7862256e-01  1.8257073e-01 -4.5197947e-02
 -1.6321589e-01 -1.7784199e-01 -1.5448077e-01 -1.7904520e-01 -2.4439365e-01
 -2.4292738e-01 -2.1808694e-01 -2.4391927e-01 -2.6123426e-01 -2.6882439e-01
 -2.8823098e-01 -3.0834915e-01 -3.4949112e-01 -3.8129636e-01 -3.5373900e-01
 -3.2469381e-01 -3.9115060e-01 -5.1496464e-01 -5.4319044e-01 -4.9829653e-01
 -5.1472745e-01 -5.8510868e-01 -6.8783422e-01 -7.7527169e-01 -8.2555632e-01
 -9.2664309e-01 -9.0307487e-01 -6.8429791e-01 -6.0962567e-01 -6.6881577e-01
 -7.1862601e-01 -8.7685441e-01 -9.5021132e-01 -8.3758841e-01 -8.5925910e-01
 -9.7278765e-01 -9.6401156e-01 -8.4000345e-01 -7.5791358e-01 -8.0524409e-01
 -8.4207349e-01 -8.2618165e-01 -7.6828532e-01 -6.5203985e-01 -6.0050457e-01
 -6.2909695e-01 -5.6593928e-01 -4.1327411e-01 -2.8393997e-01 -1.1936993e-01
  5.0269536e-02  1.3887140e-01  1.7790452e-01  1.7575470e-01  1.8742022e-01
  2.8611782e-01  3.7336122e-01  3.0466189e-01  2.1515439e-01  2.3287908e-01
  2.3635070e-01  2.2177419e-01  2.5049595e-01  3.0690443e-01  3.6150164e-01
  3.5227273e-01  2.8795066e-01  2.1634035e-01  1.6077713e-01  2.0897878e-01
  3.9934449e-01  4.6935915e-01  1.7819777e-01 -2.0625970e-01 -3.6072538e-01
 -3.7935570e-01 -3.9473003e-01 -3.7493531e-01 -3.3006296e-01 -3.1615491e-01
 -3.2555632e-01 -3.4168535e-01 -3.8550112e-01 -4.4018458e-01 -4.7296015e-01
 -5.0467914e-01 -5.5921166e-01 -5.9280662e-01 -5.4797740e-01 -5.2289978e-01
 -6.3403485e-01 -7.2628083e-01 -6.8429791e-01 -6.3123167e-01 -6.2165775e-01
 -6.6006124e-01 -7.2091168e-01 -7.1972572e-01 -6.7897188e-01 -6.3000259e-01
 -5.5272124e-01 -4.9156891e-01 -4.8857168e-01 -5.1558996e-01 -5.1192427e-01
 -4.2347335e-01 -2.9485078e-01 -2.3188718e-01 -2.0734863e-01 -1.4530576e-01
 -1.5247757e-02  1.7445877e-01  3.4215974e-01  4.2312834e-01  4.3826548e-01
  4.4919786e-01  5.0329912e-01  6.0906503e-01  7.1411937e-01  7.6699155e-01
  8.0291530e-01  8.2038123e-01  7.9478610e-01  7.9946524e-01  8.1171295e-01
  7.9286700e-01  8.2087718e-01  8.9360876e-01  9.4930568e-01  9.4643781e-01
  9.1150595e-01  9.5200104e-01  9.8997326e-01  9.7108418e-01  9.4781784e-01
  9.0247111e-01  8.3127048e-01  7.9728739e-01  8.4155598e-01  8.8992151e-01
  8.9716664e-01  8.5753407e-01  8.0707694e-01  8.3053735e-01  9.0419614e-01
  9.7015698e-01  9.4434621e-01  8.9626100e-01  9.3102036e-01  9.4294463e-01
  9.2606089e-01  7.0933241e-01  1.9952562e-01 -2.3637226e-01 -4.0326893e-01
 -3.8004571e-01 -3.6460669e-01 -4.1575384e-01 -4.4175867e-01 -4.5646455e-01
 -4.2362429e-01 -3.8977057e-01 -4.3522512e-01 -4.6521908e-01 -4.2485337e-01
 -3.7797568e-01 -3.5358806e-01 -3.1425737e-01 -2.7374073e-01 -2.6699155e-01
 -2.4803778e-01 -1.9837416e-01 -1.6290538e-01 -1.1957478e-01 -3.0662412e-03
  1.7777730e-01  3.4772296e-01  4.4613593e-01  4.8926169e-01  5.2928239e-01
  5.8400897e-01  6.3539331e-01  6.6381318e-01  6.6545196e-01  6.6282129e-01
  6.8216319e-01  7.1659910e-01  7.5894859e-01  8.1160514e-01  8.5699500e-01
  8.7696222e-01  8.7159307e-01  8.5235898e-01  8.2805762e-01  7.9692082e-01
  7.5959548e-01  7.2028636e-01  6.7830343e-01  6.3563050e-01  5.8801967e-01
  5.6089357e-01  6.1643954e-01  7.2936433e-01  8.0994480e-01  8.4897361e-01
  8.5997067e-01  8.0433845e-01  6.4971106e-01  4.4510091e-01  3.0632224e-01
  2.5821546e-01  2.2595739e-01  1.6427894e-01  6.6068656e-02 -5.4159479e-02
 -1.6745515e-01 -2.5787045e-01 -3.2732448e-01 -3.8127480e-01 -4.2261083e-01
 -4.5568829e-01 -4.8622132e-01 -5.2085130e-01 -5.6307142e-01 -5.9498447e-01
 -5.9759358e-01 -5.9144816e-01 -6.0358806e-01 -6.3530706e-01 -6.8112817e-01
 -7.2248577e-01 -7.3788166e-01 -7.3673883e-01 -7.3337502e-01 -7.4984906e-01
 -8.3241332e-01 -9.5305762e-01 -1.0000000e+00 -9.4507935e-01 -8.7510781e-01
 -8.4520010e-01 -8.3810592e-01 -8.3269363e-01 -8.2186907e-01 -7.9234949e-01
 -7.4335863e-01 -7.1627566e-01 -7.3095998e-01 -7.4396239e-01 -7.3218906e-01
 -7.1069087e-01 -6.8093410e-01 -6.3179231e-01 -5.5750819e-01 -4.6679317e-01
 -3.7683284e-01 -3.0140590e-01 -2.4516992e-01 -1.9879895e-01 -1.4669010e-01
 -8.3748059e-02 -1.6047740e-02  4.9896498e-02  1.0954589e-01  1.5908228e-01
  1.9760005e-01  2.3076591e-01  2.7085130e-01  3.2637571e-01  3.8869243e-01
  4.4380714e-01  4.9100828e-01  5.2788080e-01  5.4006383e-01  5.2100224e-01
  4.7891151e-01  4.2629809e-01  3.7681128e-01  3.3780404e-01  3.0388563e-01
  2.6882439e-01  2.3561756e-01  2.0753191e-01  1.9245084e-01  2.2235639e-01
  2.4588149e-01  1.1336898e-01 -1.3768328e-01 -3.1949715e-01 -3.9878385e-01
 -4.4699845e-01 -5.0077626e-01 -5.6833276e-01 -6.4246593e-01 -7.0676643e-01
 -7.4355270e-01 -7.3499224e-01 -6.8274539e-01 -6.2965758e-01 -6.1326979e-01
 -6.2321028e-01 -6.4492410e-01 -6.6719855e-01 -6.6245472e-01 -6.1881145e-01
 -5.6136795e-01 -5.1444713e-01 -4.7673366e-01 -5.0513196e-01 -6.5216923e-01
 -7.4184923e-01 -5.0588667e-01 -5.8047266e-02  2.1741849e-01  2.5004313e-01
  2.3387097e-01  2.7654390e-01  3.6035881e-01  4.2718216e-01  4.5795239e-01
  4.8292220e-01  5.2960583e-01  5.9095222e-01  6.4352251e-01  6.7336553e-01
  6.8196912e-01  6.6855701e-01  6.2090305e-01  5.6074263e-01  5.3391841e-01
  5.5159997e-01  6.0548560e-01  6.8421166e-01  7.2740210e-01  6.7302053e-01
  5.6147576e-01  4.5392013e-01  3.3508711e-01  1.5308349e-01 -8.0410126e-02
 -3.0690443e-01 -4.7444799e-01 -5.3818786e-01 -5.3792910e-01 -5.3678627e-01
 -5.3335777e-01 -5.3133086e-01 -5.3762722e-01 -5.5798258e-01 -6.1050975e-01
 -6.5318268e-01 -6.5898309e-01 -6.5803433e-01 -6.3312920e-01 -5.7514663e-01
 -5.3801535e-01 -5.7544851e-01 -6.7371054e-01 -7.3188718e-01 -6.5857340e-01
 -4.3654045e-01 -1.7172029e-01 -5.1535277e-02 -6.0408401e-02 -4.8363378e-02
  5.8946438e-02  2.2697085e-01  3.6510264e-01  4.4650250e-01  5.0150940e-01
  5.4146541e-01  5.7747542e-01  6.1930740e-01  6.5445489e-01  6.7897188e-01
  6.7869156e-01  6.4542004e-01  5.9791703e-01  5.4912023e-01  5.0558479e-01
  4.8736415e-01  4.9583836e-01  5.1354149e-01  5.3391841e-01  5.6266172e-01
  5.9239693e-01  6.0149646e-01  5.8946438e-01  5.8133517e-01  5.8433241e-01
  5.8070985e-01  5.6057012e-01  5.3853286e-01  5.2106693e-01  4.7727273e-01
  3.9253062e-01  3.0610661e-01  2.5166034e-01  2.1834570e-01  1.8198206e-01
  1.3784285e-01  1.0010350e-01  7.9034414e-02  6.4841728e-02  3.7366310e-02
 -1.3859539e-02 -7.9728739e-02 -1.4694885e-01 -2.2513800e-01 -3.2449974e-01
 -4.0993186e-01 -4.4773159e-01 -4.6795756e-01 -5.1914784e-01 -6.1602984e-01
 -7.2065292e-01 -7.2753148e-01 -5.7156719e-01 -3.4679576e-01 -1.8843583e-01
 -1.1381965e-01 -7.1321373e-02 -4.5068570e-02 -4.4768846e-02 -5.5595567e-02
 -4.5370450e-02  1.7631749e-02  1.2914439e-01  2.0328187e-01  1.9113119e-01
  1.8331465e-01  2.2073918e-01  2.4890029e-01  2.7820424e-01  3.2126531e-01
  3.3610057e-01  3.1093669e-01  2.7111006e-01  2.3952044e-01  2.2727273e-01
  2.3078748e-01  2.3794635e-01  2.4195705e-01  2.4245299e-01  2.4070640e-01
  2.3609194e-01  2.2485769e-01  2.0453683e-01  1.8033466e-01  1.5774323e-01
  1.3637226e-01  1.1474685e-01  9.2534932e-02  7.0137571e-02  4.9702432e-02
  3.3528118e-02  2.2960152e-02  1.7683716e-02  1.5750388e-02  1.5041401e-02
  1.4306538e-02  1.2510350e-02  8.6223478e-03  1.6817319e-03 -9.2429274e-03
 -2.4739089e-02 -4.4076678e-02 -6.4492410e-02 -8.0919010e-02 -8.9432034e-02
 -8.8636364e-02 -7.6828532e-02 -5.4245731e-02 -2.4435053e-02  1.0080645e-02
  4.7386579e-02  8.1889339e-02  1.0484733e-01  1.1052268e-01  9.8083060e-02
  7.1845351e-02  3.9475160e-02  5.7268846e-03 -2.8713127e-02 -6.3703209e-02
 -9.8579006e-02 -1.3178584e-01 -1.6067578e-01 -1.8293298e-01 -1.9742971e-01
 -2.0364197e-01 -2.0392444e-01 -2.0163878e-01 -1.9563136e-01 -1.8399388e-01
 -1.7023029e-01 -1.5902622e-01 -1.5175953e-01 -1.4773805e-01 -1.4538554e-01
 -1.4290366e-01 -1.3888865e-01 -1.3250173e-01 -1.2401458e-01 -1.1463472e-01
 -1.0495515e-01 -9.4710626e-02 -8.4045627e-02 -7.3313783e-02 -6.2866569e-02
 -5.3445748e-02 -4.5903053e-02 -4.0611523e-02 -3.7521563e-02 -3.5434276e-02
 -3.1361049e-02 -2.2671209e-02 -9.5279886e-03  6.6553821e-03  2.4516992e-02
  4.2601777e-02  6.0330775e-02  7.8456529e-02  9.5844834e-02  1.0805373e-01
  1.1049034e-01  1.0106736e-01  8.1831120e-02  5.6865620e-02  2.8305589e-02
 -2.5677074e-03 -3.4134035e-02 -6.3698896e-02 -8.7758755e-02 -1.0595782e-01
 -1.2059686e-01 -1.3132224e-01 -1.3685311e-01 -1.3903312e-01 -1.4073659e-01
 -1.4309557e-01 -1.4607124e-01 -1.4941565e-01 -1.5374978e-01 -1.6120191e-01
 -1.7316931e-01 -1.8776738e-01 -2.0220157e-01 -2.1543255e-01 -2.2766086e-01
 -2.3921856e-01 -2.4926686e-01 -2.5476540e-01 -2.5224254e-01 -2.3982232e-01
 -2.1832413e-01 -1.9243359e-01 -1.6712524e-01 -1.4395593e-01 -1.2220761e-01
 -1.0105874e-01 -8.0522253e-02 -6.1046662e-02 -4.2666465e-02 -2.4361739e-02
 -5.2151975e-03  1.2272727e-02  2.2257202e-02  2.0742410e-02  7.4025358e-03
 -1.3986329e-02 -3.7262808e-02 -5.9517854e-02 -8.1475332e-02 -1.0410126e-01
 -1.2805330e-01 -1.5405166e-01 -1.8198853e-01 -2.0852812e-01 -2.2869588e-01
 -2.4131016e-01 -2.4769277e-01 -2.4736933e-01 -2.3939106e-01 -2.2425392e-01
 -2.0510393e-01 -1.8550112e-01 -1.6686648e-01 -1.4873857e-01 -1.3044463e-01
 -1.1184880e-01 -9.3360790e-02 -7.5224254e-02 -5.7540538e-02 -4.0344144e-02
 -2.3359065e-02 -6.3054166e-03  1.0315465e-02  2.6035018e-02  4.1331723e-02
  5.6833276e-02  7.2625927e-02  8.8703209e-02  1.0507806e-01  1.2111006e-01
  1.3480464e-01  1.4484000e-01  1.5256814e-01  1.5991245e-01  1.6678454e-01
  1.7042220e-01  1.6709074e-01  1.5625970e-01  1.3922934e-01  1.1617647e-01
  8.8795929e-02  6.0481715e-02  3.4276350e-02  1.1451829e-02 -9.3867518e-03
 -3.0110402e-02 -5.1257116e-02 -7.2336985e-02 -9.2638434e-02 -1.1214637e-01
 -1.3134164e-01 -1.5032991e-01 -1.6844057e-01 -1.8318311e-01 -1.9294894e-01
 -1.9817147e-01 -1.9621356e-01 -1.8365534e-01 -1.6165042e-01 -1.3195618e-01
 -9.6334311e-02 -5.8271520e-02 -2.0153743e-02  1.5768717e-02  4.6439969e-02
  7.2138606e-02  9.6327842e-02  1.2079955e-01  1.4438287e-01  1.6580990e-01
  1.8513455e-01  2.0189322e-01  2.1542177e-01  2.2701397e-01  2.3742884e-01
  2.4415646e-01  2.4527773e-01  2.4316457e-01  2.3936950e-01  2.3184406e-01
  2.2009229e-01  2.0688934e-01  1.9416724e-01  1.8165646e-01  1.6816888e-01
  1.5362041e-01  1.4100397e-01  1.3474211e-01  1.3519924e-01  1.3898568e-01
  1.4342979e-01  1.4581033e-01  1.4289503e-01  1.3498792e-01  1.2562317e-01
  1.1700664e-01  1.0813352e-01  9.5549422e-02  7.7029067e-02  5.4668363e-02
  3.1615491e-02  9.2765655e-03 -1.1418622e-02 -2.9912023e-02 -4.6845351e-02
 -6.2905382e-02 -7.8570812e-02 -9.4471278e-02 -1.1077497e-01 -1.2666897e-01
 -1.3970588e-01 -1.4654994e-01 -1.4612299e-01 -1.3820726e-01 -1.2284587e-01
 -1.0321718e-01 -8.2266690e-02 -6.0065551e-02 -3.6833707e-02 -1.3460411e-02
  9.5385544e-03  3.2128687e-02  5.4601518e-02  7.7880800e-02  1.0314171e-01
  1.3034112e-01  1.5806883e-01  1.8534587e-01  2.1148008e-01  2.3434535e-01
  2.5213472e-01  2.6533121e-01  2.7458168e-01  2.8064085e-01  2.8426341e-01
  2.8488874e-01  2.8296964e-01  2.8074866e-01  2.7895894e-01  2.7421511e-01
  2.6129895e-01  2.4090047e-01  2.1888477e-01  1.9802268e-01  1.7671856e-01
  1.5310505e-01  1.2754011e-01  1.0105011e-01  7.4027514e-02  4.7897619e-02
  2.4113766e-02  1.2807487e-03 -2.4322926e-02 -5.4618768e-02 -8.7564689e-02
 -1.2034457e-01 -1.5253795e-01 -1.8502674e-01 -2.1860445e-01 -2.5388132e-01
 -2.8924444e-01 -3.1787994e-01 -3.3478523e-01 -3.4291444e-01 -3.4362601e-01
 -3.3428929e-01 -3.1684492e-01 -2.9668363e-01 -2.7822581e-01 -2.6537433e-01
 -2.5595135e-01 -2.3522943e-01 -1.8950104e-01 -1.2278334e-01 -5.0325599e-02
  1.2595092e-02  5.9155598e-02  9.5665862e-02  1.3143005e-01  1.6963731e-01
  2.0890116e-01  2.4644213e-01  2.8087804e-01  3.1328705e-01  3.4343195e-01
  3.6838020e-01  3.8789460e-01  4.0529584e-01  4.2340866e-01  4.4290150e-01
  4.6183371e-01  4.7494394e-01  4.7895463e-01  4.7697085e-01  4.7203295e-01
  4.5816802e-01  4.2340866e-01  3.6303260e-01  2.8838192e-01  2.1890633e-01
  1.6354796e-01  1.1438244e-01  5.9056408e-02 -6.6310160e-03 -7.8277557e-02
 -1.5212394e-01 -2.3095998e-01 -3.1874245e-01 -4.1368380e-01 -5.0616698e-01
 -5.8006296e-01 -6.2176557e-01 -6.3299983e-01 -6.3000259e-01 -6.2663878e-01
 -6.2597033e-01 -6.2758755e-01 -6.3187856e-01 -6.3563050e-01 -6.2799724e-01
 -6.0013800e-01 -5.5906072e-01 -5.1757375e-01 -4.7004916e-01 -4.0592117e-01
 -3.4125410e-01 -2.9627393e-01 -2.6380024e-01 -2.2757461e-01 -1.8242841e-01
 -1.2931258e-01 -7.0342418e-02 -8.1425737e-03  5.6220890e-02  1.2041358e-01
  1.7778808e-01  2.2377954e-01  2.6220459e-01  2.9937899e-01  3.3795498e-01
  3.7788943e-01  4.1676729e-01  4.4915474e-01  4.7183888e-01  4.8848542e-01
  5.0207004e-01  5.0985423e-01  5.1086769e-01  5.0536916e-01  4.9038296e-01
  4.6577971e-01  4.3688546e-01  4.0777557e-01  3.7942039e-01  3.4998706e-01
  3.1397706e-01  2.6757375e-01  2.1447732e-01  1.6050112e-01  1.0770010e-01
  5.5461877e-02  2.2565551e-03 -5.2693203e-02 -1.0841168e-01 -1.6385630e-01
 -2.1935915e-01 -2.7447387e-01 -3.2540538e-01 -3.6885458e-01 -4.0419614e-01
 -4.2571589e-01 -4.2314991e-01 -4.0216923e-01 -3.8515612e-01 -3.8235294e-01
 -3.8457392e-01 -3.8200794e-01 -3.7556063e-01 -3.7217526e-01 -3.7176557e-01
 -3.6197602e-01 -3.3243488e-01 -2.8245213e-01 -2.0893781e-01 -1.1900121e-01
 -4.1672417e-02 -1.1084181e-03 -4.1532258e-03 -2.2035104e-02 -7.5457133e-03
  2.9590737e-02  5.5505003e-02  7.9582111e-02  1.1485035e-01  1.4884639e-01
  1.7234992e-01  1.9008970e-01  2.0891625e-01  2.3070122e-01  2.4952562e-01
  2.5418320e-01  2.3714853e-01  1.9783724e-01  1.4486372e-01  9.4801190e-02
  5.7365879e-02  2.7833362e-02 -2.1250216e-03 -3.4634294e-02 -6.5579179e-02
 -8.9951699e-02 -1.0829740e-01 -1.2470243e-01 -1.3713774e-01 -1.3831723e-01
 -1.2759401e-01 -1.1071459e-01 -9.0225548e-02 -6.7388304e-02 -4.6694411e-02
 -3.1645679e-02 -2.1304985e-02 -1.4074737e-02 -9.7050198e-03 -7.4879248e-03
 -7.2714335e-03 -9.7474987e-03 -1.4450362e-02 -2.2942902e-02 -3.9473003e-02
 -6.2103243e-02 -8.2467224e-02 -9.7155856e-02 -1.0940573e-01 -1.2225936e-01
 -1.3587200e-01 -1.4733483e-01 -1.5277730e-01 -1.5201829e-01 -1.4448206e-01
 -1.2494609e-01 -9.3000690e-02 -5.7292565e-02 -2.7885113e-02 -9.0469208e-03
  3.0584785e-03  1.3945360e-02  2.5431258e-02  3.7206745e-02  4.8883043e-02
  6.0216491e-02  7.0883647e-02  8.0731413e-02  9.0333362e-02  1.0037951e-01
  1.1085691e-01  1.2026695e-01  1.2628083e-01  1.2877135e-01  1.2927592e-01
  1.2684578e-01  1.1990900e-01  1.0988442e-01  9.9072796e-02  8.8304295e-02
  7.7609108e-02  6.6851389e-02  5.6085044e-02  4.5573141e-02  3.5477402e-02
  2.5653355e-02  1.6120838e-02  7.1310592e-03 -1.3335346e-03 -9.5870709e-03
 -1.7808996e-02 -2.6082456e-02 -3.4468259e-02 -4.2845437e-02 -5.0336381e-02
 -5.5878040e-02 -5.8493617e-02 -5.7038123e-02 -5.2035536e-02 -4.6002243e-02
 -4.0352769e-02 -3.3881749e-02 -2.4320769e-02 -1.1528592e-02  2.4532086e-03
  1.6166552e-02  2.9541142e-02  4.2985596e-02  5.6841901e-02  7.0266948e-02
  8.0513628e-02  8.5561497e-02  8.5848284e-02  8.1889339e-02  7.4648525e-02
  6.6381318e-02  5.8390116e-02  5.0534759e-02  4.2429274e-02  3.4187942e-02
  2.7264102e-02  2.3693290e-02  2.3533724e-02  2.4941780e-02  2.6610747e-02
  2.8219338e-02  2.9799896e-02  3.1018199e-02  3.1195015e-02  3.0216060e-02
  2.8542781e-02  2.6479213e-02  2.4230205e-02  2.1922977e-02  1.9543945e-02
  1.7016129e-02  1.4154304e-02  1.0713947e-02  7.0314387e-03  3.8019665e-03
  1.2188632e-03 -1.1923624e-03 -4.1167845e-03 -7.6860876e-03 -9.3833017e-03
 -4.8883043e-03  6.0332931e-03  1.9578446e-02  3.4427290e-02  5.1666810e-02
  7.1056150e-02  9.0423926e-02  1.0646455e-01  1.1754140e-01  1.2595308e-01
  1.3421382e-01  1.4066327e-01  1.4128644e-01  1.3487364e-01  1.2207176e-01
  1.0336381e-01  8.1281266e-02  5.8829998e-02  3.6738830e-02  1.4585561e-02
 -7.9972400e-03 -3.0461877e-02 -5.0791358e-02 -6.7340866e-02 -7.9769708e-02
 -8.7303778e-02 -9.0102639e-02 -8.9738227e-02 -8.6945834e-02 -8.2456443e-02
 -7.7779455e-02 -7.3596257e-02 -6.9753752e-02 -6.6135501e-02 -6.2741504e-02
 -5.8952907e-02 -5.3635501e-02 -4.6703036e-02 -3.9253062e-02 -3.1600397e-02
 -2.2912713e-02 -1.2559082e-02 -1.0215198e-03  9.3619545e-03  1.5126790e-02
  1.5657452e-02  1.3756038e-02  1.2096127e-02  1.1892574e-02  1.3208125e-02
  1.5018975e-02  1.6347033e-02  1.7132353e-02  1.7856219e-02  1.8759703e-02
  1.9460712e-02  1.8866224e-02  1.6434363e-02  1.2620321e-02  6.3494049e-03
 -4.9946093e-03 -2.1106607e-02 -3.8627738e-02 -5.5291530e-02 -7.1289029e-02
 -8.7340435e-02 -1.0183716e-01 -1.1116957e-01 -1.1333233e-01 -1.0699068e-01
 -9.1601259e-02 -7.0661549e-02 -4.8488442e-02 -2.7525013e-02 -1.1105097e-02
 -1.5030404e-03  3.4901673e-03  7.3889512e-03  1.1701742e-02  1.7025185e-02
  2.3704071e-02  3.1535708e-02  3.9738227e-02  4.5987149e-02  4.7020010e-02
  4.2828187e-02  3.6527514e-02  3.0172934e-02  2.4029671e-02  1.7921123e-02
  1.1676729e-02  5.5558910e-03  6.4966793e-05 -3.9015870e-03 -4.0680524e-03
  1.4617690e-03  1.1610747e-02  2.4312144e-02  3.8000259e-02  5.0232879e-02
  5.7085561e-02  5.6938934e-02  5.2637140e-02  4.6347249e-02  3.7812662e-02
  2.7740642e-02  1.7401673e-02  7.2084699e-03 -2.9676988e-03 -1.3347205e-02
 -2.3971451e-02 -3.4724858e-02 -4.5734863e-02 -5.7266690e-02 -6.9035708e-02
 -7.8542781e-02 -8.2152406e-02 -8.0065120e-02 -7.5366569e-02 -6.7636277e-02
 -5.4791271e-02 -3.8459548e-02 -2.2628083e-02 -1.1686217e-02 -9.6817319e-03
 -1.6227143e-02 -2.7895894e-02 -4.2920907e-02 -6.0153959e-02 -7.7908832e-02
 -9.3470761e-02 -1.0334225e-01 -1.0754701e-01 -1.0887312e-01 -1.0700578e-01
 -1.0025229e-01 -9.0225548e-02 -7.9478610e-02 -6.8511730e-02 -5.6897964e-02
 -4.4848629e-02 -3.2961014e-02 -2.1452907e-02 -1.0061670e-02  1.4774237e-03
  1.3016431e-02  2.3641539e-02  3.2361566e-02  3.9082715e-02  4.4602812e-02
  4.9704589e-02  5.4886148e-02  6.0423495e-02  6.5374332e-02  6.6590478e-02
  6.2081680e-02  5.3126617e-02  4.0932810e-02  2.6311023e-02  1.1012161e-02
 -4.1258410e-03 -1.9105141e-02 -3.2624633e-02 -4.2310678e-02 -4.7606521e-02
 -4.8188718e-02 -4.1851389e-02 -2.9200449e-02 -1.4695317e-02 -9.7278765e-04
  1.2953467e-02  2.8557875e-02  4.5342418e-02  6.1652579e-02  7.5265223e-02
  8.2732448e-02  8.1602553e-02  7.2860963e-02  5.8769622e-02  4.2153269e-02
  2.8206400e-02  2.2408142e-02  2.4411333e-02  2.8967569e-02  3.2855356e-02
  3.6311885e-02  4.0180266e-02  4.4727876e-02  4.9685182e-02  5.4648956e-02
  5.9397102e-02  6.4201311e-02  6.9462653e-02  7.4085734e-02  7.4251768e-02
  6.7485337e-02  5.6143264e-02  4.3117130e-02  2.8801535e-02  1.3592375e-02
 -5.8946438e-04 -1.1373555e-02 -1.8655123e-02 -2.4542867e-02 -3.0578316e-02
 -3.6967397e-02 -4.3511730e-02 -4.9877092e-02 -5.5591254e-02 -6.0335087e-02
 -6.4742539e-02 -6.9311713e-02 -7.0795239e-02 -6.3202950e-02 -4.5704675e-02
 -2.3510005e-02 -2.7007504e-03  1.2285234e-02  2.1476410e-02  2.7775142e-02
  3.2115750e-02  3.4625668e-02  3.5986286e-02  3.6339917e-02  3.5731844e-02
  3.4645075e-02  3.3528118e-02  3.3245644e-02  3.4845610e-02  3.8181387e-02
  4.2090737e-02  4.5883647e-02  4.9482491e-02  5.2960583e-02  5.6410643e-02
  6.0229429e-02  6.4904261e-02  7.0279886e-02  7.5599448e-02  8.0727100e-02
  8.6413231e-02  9.3350009e-02  9.9182767e-02  9.6513283e-02  8.0617130e-02
  5.7327066e-02  3.5246679e-02  1.6733440e-02  1.0704459e-04 -1.6025962e-02
 -3.2191220e-02 -4.8684664e-02 -6.5704244e-02 -8.2102812e-02 -9.4410902e-02
 -1.0041185e-01 -1.0177894e-01 -9.9245299e-02 -9.1959203e-02 -8.1585303e-02
 -7.0732707e-02 -6.0291961e-02 -5.0247973e-02 -4.0454114e-02 -3.0643005e-02
 -2.0577454e-02 -1.0786614e-02 -3.0612817e-03  1.2078877e-03  2.8141711e-03
  3.1831120e-03  3.0856477e-03  2.9321201e-03  2.8620407e-03  2.8846817e-03
  3.0602036e-03  3.4110316e-03  4.5049163e-03  7.3453942e-03  1.2006426e-02
  1.7439840e-02  2.2867431e-02  2.8154649e-02  3.3420304e-02  3.8610488e-02
  4.3311195e-02  4.7054511e-02  5.0047438e-02  5.2382698e-02  5.2706141e-02
  4.9890029e-02  4.4939193e-02  3.9043902e-02  3.2398223e-02  2.5288943e-02
  1.8169959e-02  1.1107901e-02  3.9274625e-03 -3.4934018e-03 -1.0895506e-02
 -1.7891151e-02 -2.4467397e-02 -3.1033293e-02 -3.7269277e-02 -4.1437381e-02
 -4.2386148e-02 -4.1437381e-02 -4.0423926e-02 -3.9503191e-02 -3.7353372e-02
 -3.3118423e-02 -2.7617733e-02 -2.2045886e-02 -1.6648051e-02 -1.1203424e-02
 -5.9416509e-03 -2.0069864e-03 -1.3447473e-04  4.7953683e-04  1.0497671e-03
  1.9474297e-03  2.9038727e-03  3.5813783e-03  4.4919786e-03  7.3522943e-03
  1.3196697e-02  2.0763973e-02  2.8443592e-02  3.5815939e-02  4.2895032e-02
  4.9338020e-02  5.4153010e-02  5.6108763e-02  5.5571848e-02  5.3844661e-02
  5.0696481e-02  4.5327324e-02  3.8550112e-02  3.1654304e-02  2.4971968e-02
  1.8053735e-02  1.0550069e-02  2.6843626e-03 -5.1306710e-03 -1.2754226e-02
 -2.0172503e-02 -2.7184319e-02 -3.3027859e-02 -3.7114024e-02 -3.9582974e-02
 -4.0596429e-02 -4.0423926e-02 -3.9802915e-02 -3.9196998e-02 -3.8694583e-02
 -3.8282732e-02 -3.7892444e-02 -3.7094618e-02 -3.5294118e-02 -3.2540538e-02
 -2.9586424e-02 -2.6893221e-02 -2.4415646e-02 -2.1955322e-02 -1.9468044e-02
 -1.7139037e-02 -1.5303174e-02 -1.3976626e-02 -1.2889210e-02 -1.1819044e-02
 -1.0743704e-02 -9.7043730e-03 -8.7189495e-03 -7.5978955e-03 -6.0790064e-03
 -4.1644385e-03 -2.1470373e-03 -1.8220200e-04  1.7700966e-03  3.8179231e-03
  5.7706572e-03  6.8951613e-03  6.6219596e-03  5.4409608e-03  4.1463257e-03
  3.0205279e-03  1.9647663e-03  8.4407883e-04 -3.7157150e-04 -1.4878385e-03
 -2.3751509e-03 -3.2447818e-03 -4.4423840e-03 -5.9502760e-03 -7.5707262e-03
 -9.4814128e-03 -1.1893868e-02 -1.3525746e-02 -1.2876488e-02 -1.0797395e-02
 -8.8052010e-03 -6.9348370e-03 -4.8167155e-03 -2.6099707e-03 -9.4218993e-04
 -1.7273590e-04  5.9282819e-05  2.8946007e-04  5.9341038e-04  6.0654218e-04
 -1.3020743e-04 -1.5332500e-03 -3.1078575e-03 -4.4389339e-03 -5.2061411e-03
 -5.2516388e-03 -4.8891668e-03 -4.5077195e-03 -4.2289115e-03 -3.9190530e-03
 -3.2465068e-03 -1.8420088e-03  1.3888865e-04  2.1875539e-03  4.0602898e-03
  5.8433241e-03  7.6216146e-03  9.3904175e-03  1.0945963e-02  1.2079093e-02
  1.2897404e-02  1.3735337e-02  1.4498232e-02  1.4499310e-02  1.3278636e-02
  1.1326979e-02  9.3248663e-03  7.4752027e-03  5.6505520e-03  3.7454718e-03
  1.7562532e-03 -2.5043126e-04 -2.1471666e-03 -3.6119976e-03 -4.4814128e-03
 -5.0019407e-03 -5.4832241e-03 -5.8556150e-03 -5.8741590e-03 -5.5192341e-03
 -5.0599448e-03 -4.6610316e-03 -4.3020097e-03 -3.8823961e-03 -3.4024064e-03
 -2.9644644e-03 -2.7044161e-03 -2.6132051e-03 -2.5892703e-03 -2.5472227e-03
 -2.4963343e-03 -2.4516992e-03 -2.4126703e-03 -2.2904088e-03 -2.0140590e-03
 -1.6193937e-03 -1.2182594e-03 -8.3819217e-04 -4.8348284e-04 -1.4876445e-04
  1.8734043e-04  5.9369070e-04  1.0507159e-03  1.4882267e-03  1.8485639e-03
  2.1389296e-03  2.3667414e-03  2.5523978e-03  2.6729343e-03  2.7162757e-03
  2.6884595e-03  2.6313179e-03  2.5418320e-03  2.4062015e-03  2.1948853e-03
  1.9256512e-03  1.6047956e-03  1.2593583e-03  9.3097723e-04  6.7448680e-04
  4.8369846e-04  3.4325944e-04  2.2336985e-04  1.2523935e-04  4.0434708e-05
 -1.5495731e-05 -4.6468001e-05 -5.2309384e-05 -5.7046748e-05 -5.7135156e-05
 -5.3322839e-05 -2.8055460e-05  2.9092634e-06  3.3060204e-05  4.7408142e-05
  5.8221925e-05  6.1206227e-05  6.6875108e-05  6.6167845e-05  6.7442211e-05
  6.2575470e-05  6.1816457e-05  5.6496895e-05  5.5576160e-05  5.0140159e-05
  4.9385458e-05  4.5178541e-05  4.6291185e-05  4.2744092e-05  4.2867000e-05
  3.8032603e-05  3.7491375e-05  3.2635415e-05  3.2385285e-05  2.8070554e-05
  2.8391841e-05  2.4437209e-05  2.4959031e-05  2.1164827e-05  2.1976885e-05
  1.8370493e-05  1.9292738e-05  1.5836208e-05  1.7000604e-05  1.3728868e-05
  1.4896929e-05  1.1732362e-05  1.3035622e-05  9.9900811e-06  1.1377652e-05
  8.3573400e-06  9.8063654e-06  6.9527342e-06  8.4459634e-06  5.6214421e-06
  7.2423236e-06  4.4880973e-06  6.1980335e-06  3.4293600e-06  5.1837157e-06
  2.6004830e-06  4.3802829e-06  1.7640806e-06  3.6286010e-06  1.0587804e-06
  2.9707176e-06  4.1402881e-07  2.4348801e-06  3.9494566e-09  2.0198810e-06
 -4.0751682e-07  1.6468001e-06 -7.2572020e-07  1.3886062e-06 -9.4945662e-07
  1.2697516e-06 -1.0704028e-06  1.0755348e-06 -1.1648482e-06  1.0671468e-06
  0.0000000e+00  0.0000000e+00  0.0000000e+00  0.0000000e+00  0.0000000e+00
