Scaled from
PEER NGA STRONG MOTION DATABASE RECORD
ACCELERATION TIME SERIES IN UNITS OF G
NPTS= 2989.000000, DT= 0.005000, Scalar= 1.000000
  1.5023132e-01  1.6777436e-01  1.7553604e-01  1.7701557e-01  1.6818534e-01
  1.4691999e-01  1.1384655e-01  7.2683826e-02  2.9489678e-02 -8.9182969e-03
 -3.6894390e-02 -5.1561729e-02 -5.3424062e-02 -4.5899580e-02 -3.3898922e-02
 -2.2220004e-02 -1.4349123e-02 -1.2071112e-02 -1.5831004e-02 -2.5373993e-02
 -4.0159930e-02 -5.9278786e-02 -8.1026749e-02 -1.0255278e-01 -1.2006529e-01
 -1.2981142e-01 -1.2949438e-01 -1.1950166e-01 -1.0327141e-01 -8.6424696e-02
 -7.4952444e-02 -7.3060755e-02 -8.1584510e-02 -9.7564642e-02 -1.1519105e-01
 -1.2768606e-01 -1.2948263e-01 -1.1789296e-01 -9.3985580e-02 -6.2280125e-02
 -2.9617670e-02 -3.4191306e-03  1.0230267e-02  8.2233860e-03 -8.6011367e-03
 -3.5525234e-02 -6.5173434e-02 -8.9600996e-02 -1.0262911e-01 -1.0160283e-01
 -8.7896010e-02 -6.5887368e-02 -4.0961931e-02 -1.7282356e-02  3.4565886e-03
  2.1918226e-02  3.9748949e-02  5.7772246e-02  7.4869073e-02  8.8149644e-02
  9.4452925e-02  9.2250065e-02  8.2893779e-02  7.0465701e-02  6.0017379e-02
  5.5404993e-02  5.7415279e-02  6.3374510e-02  6.8307461e-02  6.7031070e-02
  5.6160024e-02  3.5214063e-02  6.4306850e-03 -2.6347432e-02 -5.9006364e-02
 -8.8093281e-02 -1.1109532e-01 -1.2625349e-01 -1.3234776e-01 -1.2880158e-01
 -1.1597778e-01 -9.5563749e-02 -7.0470398e-02 -4.4168761e-02 -1.9695404e-02
  1.2478570e-03  1.8694958e-02  3.4106761e-02  4.9498603e-02  6.6494446e-02
  8.5650877e-02  1.0626571e-01  1.2660576e-01  1.4428971e-01  1.5661915e-01
  1.6082290e-01  1.5455250e-01  1.3648106e-01  1.0719570e-01  6.9823395e-02
  3.0147249e-02 -4.4122966e-03 -2.6767807e-02 -3.2537986e-02 -2.1954628e-02
 -3.2373594e-04  2.3363707e-02  3.9395505e-02  4.0870341e-02  2.6441371e-02
  1.1824523e-03 -2.5113313e-02 -4.1566661e-02 -4.0675419e-02 -2.1850121e-02
  7.4678847e-03  3.3770931e-02  4.2111505e-02  2.1837204e-02 -2.8704117e-02
 -1.0029826e-01 -1.7504286e-01 -2.3180527e-01 -2.5337592e-01 -2.3242761e-01
 -1.7425612e-01 -9.5232615e-02 -1.7194289e-02  3.9677321e-02  6.3177239e-02
  5.2292102e-02  1.6492097e-02 -2.8426998e-02 -6.5976609e-02 -8.4147859e-02
 -7.8415256e-02 -5.1933961e-02 -1.3547122e-02  2.5637021e-02  5.5783096e-02
  7.1065734e-02  7.0955356e-02  5.9850638e-02  4.5190343e-02  3.4449637e-02
  3.1930908e-02  3.6388295e-02  4.0731782e-02  3.4289942e-02  7.1739743e-03
 -4.4831028e-02 -1.1685963e-01 -1.9511050e-01 -2.6062093e-01 -2.9605928e-01
 -2.9213734e-01 -2.5143843e-01 -1.8757192e-01 -1.2005355e-01 -6.7028722e-02
 -3.9177098e-02 -3.7072873e-02 -5.2816984e-02 -7.4734036e-02 -9.2476691e-02
 -1.0036401e-01 -9.7770132e-02 -8.7260750e-02 -7.2000423e-02 -5.4323525e-02
 -3.5629741e-02 -1.7344590e-02 -1.5145253e-03  9.7320401e-03  1.5697142e-02
  1.8426059e-02  2.2522956e-02  3.3031164e-02  5.2270966e-02  7.7535755e-02
  1.0134215e-01  1.1464973e-01  1.1164604e-01  9.3504145e-02  6.8851131e-02
  5.0144431e-02  4.7566990e-02  6.3562387e-02  9.0940795e-02  1.1586741e-01
  1.2429252e-01  1.0881966e-01  7.2090839e-02  2.5416265e-02 -1.6967662e-02
 -4.4784059e-02 -5.6229304e-02 -5.7950729e-02 -6.0758319e-02 -7.3633780e-02
 -9.9232052e-02 -1.3315798e-01 -1.6695240e-01 -1.9291468e-01 -2.0758085e-01
 -2.1246565e-01 -2.1152627e-01 -2.0765130e-01 -2.0000705e-01 -1.8450717e-01
 -1.5678354e-01 -1.1581339e-01 -6.6079942e-02 -1.6642399e-02  2.2742538e-02
  4.6294122e-02  5.5315751e-02  5.7928419e-02  6.5350743e-02  8.6501022e-02
  1.2336488e-01  1.6947700e-01  2.1189028e-01  2.3616167e-01  2.3188746e-01
  1.9686010e-01  1.3798408e-01  6.9181090e-02  6.7169630e-03 -3.6036025e-02
 -5.2811113e-02 -4.6122684e-02 -2.6056222e-02 -6.4223480e-03  4.7333318e-04
 -1.1472370e-02 -3.9638571e-02 -7.3591508e-02 -9.9215613e-02 -1.0460651e-01
 -8.5304479e-02 -4.6586506e-02 -1.6937132e-03  3.3450365e-02  4.6512529e-02
  3.3458585e-02 -6.4755407e-04 -4.4940232e-02 -8.8233015e-02 -1.2404594e-01
 -1.5265024e-01 -1.7912919e-01 -2.0895470e-01 -2.4348888e-01 -2.7811700e-01
 -3.0377398e-01 -3.1154740e-01 -2.9722177e-01 -2.6379136e-01 -2.2053263e-01
 -1.7881215e-01 -1.4719006e-01 -1.2813227e-01 -1.1763463e-01 -1.0798948e-01
 -9.1856697e-02 -6.5693619e-02 -3.0896409e-02  7.2650948e-03  4.2326390e-02
  6.8903971e-02  8.3963505e-02  8.6569127e-02  7.6970949e-02  5.5889951e-02
  2.4544985e-02 -1.4726052e-02 -5.7923722e-02 -9.9623071e-02 -1.3410911e-01
 -1.5695968e-01 -1.6627134e-01 -1.6291304e-01 -1.4972640e-01 -1.2992884e-01
 -1.0589113e-01 -7.8597262e-02 -4.8037857e-02 -1.4040300e-02  2.2921021e-02
  6.1404147e-02  9.9262582e-02  1.3417956e-01  1.6407553e-01  1.8727836e-01
  2.0240248e-01  2.0840281e-01  2.0459830e-01  1.9118856e-01  1.6957094e-01
  1.4243442e-01  1.1338038e-01  8.6139358e-02  6.3776097e-02  4.8071910e-02
  3.9177098e-02  3.5654400e-02  3.4788990e-02  3.3132148e-02  2.7366666e-02
  1.5235668e-02 -3.3961156e-03 -2.5881262e-02 -4.7011578e-02 -6.0221695e-02
 -5.9712078e-02 -4.2611728e-02 -1.0383857e-02  3.1236937e-02  7.3867453e-02
  1.0896996e-01  1.3023414e-01  1.3486062e-01  1.2337662e-01  9.8527512e-02
  6.3859468e-02  2.2774242e-02 -2.1461450e-02 -6.5439985e-02 -1.0535568e-01
 -1.3772575e-01 -1.6042366e-01 -1.7376295e-01 -1.8046781e-01 -1.8442498e-01
 -1.8845260e-01 -1.9236279e-01 -1.9231582e-01 -1.8235833e-01 -1.5718278e-01
 -1.1516991e-01 -5.9824804e-02  1.0824781e-03  5.8378150e-02  1.0494704e-01
  1.3810150e-01  1.5974261e-01  1.7443226e-01  1.8645640e-01  1.9765858e-01
  2.0695850e-01  2.1172589e-01  2.1002325e-01  2.0217938e-01  1.9077758e-01
  1.7910570e-01  1.6885465e-01  1.5875625e-01  1.4497076e-01  1.2335314e-01
  9.2271201e-02  5.4790869e-02  1.8582232e-02 -6.3626970e-03 -1.1526385e-02
  6.6307743e-03  4.4908527e-02  9.4194594e-02  1.4252836e-01  1.7908222e-01
  1.9752941e-01  1.9757638e-01  1.8423710e-01  1.6542589e-01  1.4893967e-01
  1.4003898e-01  1.4025035e-01  1.4792983e-01  1.5960170e-01  1.7196637e-01
  1.8313332e-01  1.9340786e-01  2.0482140e-01  2.2010991e-01  2.4165708e-01
  2.7041403e-01  3.0551185e-01  3.4443766e-01  3.8355135e-01  4.1897795e-01
  4.4731218e-01  4.6631127e-01  4.7527066e-01  4.7504756e-01  4.6790822e-01
  4.5656513e-01  4.4321411e-01  4.2858317e-01  4.1136892e-01  3.8888237e-01
  3.5849322e-01  3.1975529e-01  2.7612081e-01  2.3508137e-01  2.0638313e-01
  1.9851577e-01  2.1483760e-01  2.5103920e-01  2.9550739e-01  3.3275405e-01
  3.4874709e-01  3.3607712e-01  2.9668162e-01  2.4070595e-01  1.8228787e-01
  1.3378032e-01  1.0159578e-01  8.4832437e-02  7.7467650e-02  7.2593410e-02
  6.6423992e-02  6.0005636e-02  5.7996524e-02  6.5528052e-02  8.4857096e-02
  1.1392640e-01  1.4736620e-01  1.7914093e-01  2.0554942e-01  2.2660341e-01
  2.4521500e-01  2.6484817e-01  2.8724079e-01  3.1131256e-01  3.3398699e-01
  3.5232850e-01  3.6546817e-01  3.7510862e-01  3.8447899e-01  3.9617435e-01
  4.1048825e-01  4.2513093e-01  4.3661492e-01  4.4255654e-01  4.4343721e-01
  4.4269745e-01  4.4513985e-01  4.5441629e-01  4.7107865e-01  4.9233226e-01
  5.1342148e-01  5.3016604e-01  5.4091027e-01  5.4702802e-01  5.5194805e-01
  5.5888777e-01  5.6938541e-01  5.8270120e-01  5.9680374e-01  6.1020173e-01
  6.2320049e-01  6.3805453e-01  6.5792255e-01  6.8508255e-01  7.1956976e-01
  7.5878913e-01  7.9839600e-01  8.3363472e-01  8.6027806e-01  8.7509687e-01
  8.7556657e-01  8.5931519e-01  8.2413518e-01  7.6879359e-01  6.9379535e-01
  6.0232263e-01  4.9996477e-01  3.9353233e-01  2.8924873e-01  1.9134121e-01
  1.0134802e-01  1.8848782e-02 -5.7448158e-02 -1.2828492e-01 -1.9380710e-01
 -2.5372819e-01 -3.0848266e-01 -3.5990230e-01 -4.1114582e-01 -4.6588854e-01
 -5.2636152e-01 -5.9249430e-01 -6.6133956e-01 -7.2802424e-01 -7.8756957e-01
 -8.3660553e-01 -8.7447453e-01 -9.0297316e-01 -9.2527183e-01 -9.4430615e-01
 -9.6167305e-01 -9.7725511e-01 -9.8974895e-01 -9.9763979e-01 -1.0000000e+00
 -9.9671215e-01 -9.8819896e-01 -9.7494188e-01 -9.5705831e-01 -9.3452479e-01
 -9.0738827e-01 -8.7625936e-01 -8.4254715e-01 -8.0804819e-01 -7.7450036e-01
 -7.4310138e-01 -7.1446185e-01 -6.8894577e-01 -6.6709330e-01 -6.4996125e-01
 -6.3872384e-01 -6.3393297e-01 -6.3493107e-01 -6.3963975e-01 -6.4522909e-01
 -6.4952678e-01 -6.5229797e-01 -6.5594984e-01 -6.6460393e-01 -6.8264014e-01
 -7.1238346e-01 -7.5269486e-01 -7.9884221e-01 -8.4358047e-01 -8.7942979e-01
 -9.0069515e-01 -9.0418262e-01 -8.8965736e-01 -8.5845800e-01 -8.1268641e-01
 -7.5459712e-01 -6.8652685e-01 -6.1176346e-01 -5.3424062e-01 -4.5883140e-01
 -3.8997440e-01 -3.3096921e-01 -2.8294310e-01 -2.4486273e-01 -2.1422700e-01
 -1.8773631e-01 -1.6219675e-01 -1.3496630e-01 -1.0419553e-01 -6.9388929e-02
 -3.1833447e-02  4.8657852e-03  3.5097814e-02  5.2434184e-02  5.1697940e-02
  3.1103074e-02 -6.6499143e-03 -5.5153707e-02 -1.0659566e-01 -1.5464644e-01
 -1.9623776e-01 -2.3145300e-01 -2.6127850e-01 -2.8510368e-01 -2.9944107e-01
 -2.9945281e-01 -2.8262605e-01 -2.5233085e-01 -2.1881825e-01 -1.9582678e-01
 -1.9361922e-01 -2.1146756e-01 -2.3395411e-01 -2.3409502e-01 -1.8314506e-01
 -6.3402691e-02  1.2133346e-01  3.4375661e-01  5.6037904e-01  7.2638031e-01
  8.1164134e-01  8.1074893e-01  7.4347714e-01  6.4544045e-01  5.5338062e-01
  4.9250840e-01  4.7016275e-01  4.7822973e-01  5.0142082e-01  5.2665508e-01
  5.4861323e-01  5.6950283e-01  5.9430262e-01  6.2484441e-01  6.5670135e-01
  6.8029168e-01  6.8554050e-01  6.6685846e-01  6.2584251e-01  5.7016040e-01
  5.0948780e-01  4.5112844e-01  3.9744252e-01  3.4638689e-01  2.9477936e-01
  2.4118738e-01  1.8798290e-01  1.4052042e-01  1.0458538e-01  8.3810855e-02
  7.8114652e-02  8.4400319e-02  9.8341984e-02  1.1611869e-01  1.3528334e-01
  1.5437637e-01  1.7170804e-01  1.8484770e-01  1.9074235e-01  1.8704352e-01
  1.7312886e-01  1.5060708e-01  1.2246072e-01  9.1175642e-02  5.7565581e-02
  2.0334187e-02 -2.2659167e-02 -7.2111975e-02 -1.2540805e-01 -1.7615838e-01
 -2.1535427e-01 -2.3435335e-01 -2.2796552e-01 -1.9634344e-01 -1.4520561e-01
 -8.3969376e-02 -2.2650948e-02  3.1078415e-02  7.3796999e-02  1.0671896e-01
  1.3421479e-01  1.6179752e-01  1.9344308e-01  2.3025528e-01  2.6994434e-01
  3.0783683e-01  3.3867218e-01  3.5878678e-01  3.6755830e-01  3.6772269e-01
  3.6428219e-01  3.6252084e-01  3.6590263e-01  3.7463892e-01  3.8601724e-01
  3.9569291e-01  4.0004932e-01  3.9766563e-01  3.8983349e-01  3.7934760e-01
  3.6830981e-01  3.5615650e-01  3.3887180e-01  3.1019704e-01  2.6412015e-01
  1.9797562e-01  1.1450764e-01  2.1860689e-02 -6.8388483e-02 -1.4481811e-01
 -1.9973697e-01 -2.3141777e-01 -2.4433433e-01 -2.4719946e-01 -2.4964186e-01
 -2.5898875e-01 -2.7799958e-01 -3.0476034e-01 -3.3408093e-01 -3.5984359e-01
 -3.7763322e-01 -3.8601724e-01 -3.8646345e-01 -3.8197788e-01 -3.7537869e-01
 -3.6808671e-01 -3.6018412e-01 -3.5142434e-01 -3.4239450e-01 -3.3532561e-01
 -3.3345858e-01 -3.3941194e-01 -3.5327963e-01 -3.7163289e-01 -3.8829525e-01
 -3.9638571e-01 -3.9130128e-01 -3.7274841e-01 -3.4470773e-01 -3.1382542e-01
 -2.8633663e-01 -2.6574059e-01 -2.5207252e-01 -2.4348888e-01 -2.3888589e-01
 -2.4002489e-01 -2.5170851e-01 -2.7940866e-01 -3.2548555e-01 -3.8589981e-01
 -4.4962542e-01 -5.0102158e-01 -5.2518729e-01 -5.1331580e-01 -4.6631127e-01
 -3.9428384e-01 -3.1289777e-01 -2.3755901e-01 -1.7861253e-01 -1.3889998e-01
 -1.1485052e-01 -9.9712313e-02 -8.7340598e-02 -7.4561424e-02 -6.1492215e-02
 -5.0184355e-02 -4.2769075e-02 -4.0311406e-02 -4.2769075e-02 -4.9619549e-02
 -6.0670252e-02 -7.5948193e-02 -9.5128109e-02 -1.1687490e-01 -1.3892346e-01
 -1.5877974e-01 -1.7517203e-01 -1.8868744e-01 -2.0147484e-01 -2.1549517e-01
 -2.3051361e-01 -2.4287828e-01 -2.4622484e-01 -2.3389540e-01 -2.0216763e-01
 -1.5234494e-01 -9.0669547e-02 -2.5847209e-02  3.4914633e-02  8.8660435e-02
  1.3742045e-01  1.8608065e-01  2.3841620e-01  2.9340551e-01  3.4393274e-01
  3.7869003e-01  3.8634602e-01  3.6036025e-01  3.0194218e-01  2.1996900e-01
  1.2794439e-01  3.9505883e-02 -3.5387849e-02 -9.2486085e-02 -1.3245344e-01
 -1.5885019e-01 -1.7566520e-01 -1.8592800e-01 -1.9154083e-01 -1.9417111e-01
 -1.9594420e-01 -1.9961955e-01 -2.0774524e-01 -2.2163641e-01 -2.4052981e-01
 -2.6192433e-01 -2.8239121e-01 -2.9910054e-01 -3.1098377e-01 -3.1908598e-01
 -3.2600221e-01 -3.3500857e-01 -3.4877058e-01 -3.6854466e-01 -3.9342665e-01
 -4.2042225e-01 -4.4454099e-01 -4.5971208e-01 -4.5993518e-01 -4.4100655e-01
 -4.0171673e-01 -3.4468425e-01 -2.7569808e-01 -2.0182711e-01 -1.2911862e-01
 -6.0330899e-02  5.6374909e-03  7.2817689e-02  1.4558136e-01  2.2614546e-01
  3.1261596e-01  3.9909819e-01  4.7751344e-01  5.4001785e-01  5.8160917e-01
  6.0103098e-01  6.0038515e-01  5.8389892e-01  5.5623400e-01  5.2165285e-01
  4.8367817e-01  4.4525727e-01  4.0858599e-01  3.7469764e-01  3.4271154e-01
  3.0959818e-01  2.7122425e-01  2.2394965e-01  1.6688194e-01  1.0322444e-01
  3.9764214e-02 -1.5468167e-02 -5.6252789e-02 -8.1004439e-02 -9.3326836e-02
 -1.0053310e-01 -1.1025575e-01 -1.2753341e-01 -1.5301426e-01 -1.8396703e-01
 -2.1675160e-01 -2.4945398e-01 -2.8287264e-01 -3.1950870e-01 -3.6057162e-01
 -4.0334891e-01 -4.4046641e-01 -4.6215448e-01 -4.6052230e-01 -4.3389070e-01
 -3.8871797e-01 -3.3813203e-01 -2.9675207e-01 -2.7474695e-01 -2.7349052e-01
 -2.8525633e-01 -2.9693995e-01 -2.9615321e-01 -2.7663747e-01 -2.4069421e-01
 -1.9732979e-01 -1.5725324e-01 -1.2761560e-01 -1.0878678e-01 -9.4946103e-02
 -7.7691928e-02 -5.0847796e-02 -1.3858294e-02  2.8006623e-02  6.6507362e-02
  9.4571523e-02  1.0986590e-01  1.1581104e-01  1.1978347e-01  1.2950612e-01
  1.4960898e-01  1.7959888e-01  2.1433268e-01  2.4601348e-01  2.6697353e-01
  2.7184660e-01  2.5887133e-01  2.2998520e-01  1.9033137e-01  1.4751885e-01
  1.1051995e-01  8.7978206e-02  8.6294357e-02  1.0765482e-01  1.4901012e-01
  2.0264907e-01  2.5835467e-01  3.0656866e-01  3.4096193e-01  3.5950306e-01
  3.6321364e-01  3.5359667e-01  3.3024119e-01  2.9012940e-01  2.2924544e-01
  1.4600409e-01  4.4391865e-02 -6.4879876e-02 -1.6637702e-01 -2.4441652e-01
 -2.8822714e-01 -2.9534299e-01 -2.7162349e-01 -2.2816514e-01 -1.7648717e-01
 -1.2435124e-01 -7.4308964e-02 -2.4992367e-02  2.5637021e-02  7.7233978e-02
  1.2568986e-01  1.6432212e-01  1.8655034e-01  1.8876964e-01  1.7160236e-01
  1.3942838e-01  9.8226909e-02  5.3509781e-02  9.0088302e-03 -3.3103967e-02
 -7.1139710e-02 -1.0280759e-01 -1.2497358e-01 -1.3434396e-01 -1.2870764e-01
 -1.0786149e-01 -7.3759423e-02 -2.9989902e-02  1.9123553e-02  6.9089500e-02
  1.1531786e-01  1.5308471e-01  1.7782579e-01  1.8626852e-01  1.7791973e-01
  1.5624339e-01  1.2870764e-01  1.0480731e-01  9.3059111e-02  9.7804185e-02
  1.1755243e-01  1.4571053e-01  1.7342242e-01  1.9337263e-01  2.0268430e-01
  2.0351800e-01  2.0148658e-01  2.0248468e-01  2.0974143e-01  2.2257580e-01
  2.3717151e-01  2.4850285e-01  2.5290623e-01  2.4921914e-01  2.3849839e-01
  2.2293981e-01  2.0461004e-01  1.8497687e-01  1.6537892e-01  1.4802377e-01
  1.3607008e-01  1.3300533e-01  1.4087269e-01  1.5895587e-01  1.8328597e-01
  2.0821493e-01  2.2891665e-01  2.4377070e-01  2.5520772e-01  2.6824170e-01
  2.8695897e-01  3.1076067e-01  3.3254268e-01  3.3962331e-01  3.1797046e-01
  2.5773232e-01  1.5826308e-01  2.9648200e-02 -1.0912614e-01 -2.3563326e-01
 -3.3055823e-01 -3.8309340e-01 -3.9335619e-01 -3.7098706e-01 -3.3128625e-01
 -2.8977713e-01 -2.5794368e-01 -2.4076466e-01 -2.3687795e-01 -2.4043588e-01
 -2.4393509e-01 -2.4064724e-01 -2.2612198e-01 -1.9862145e-01 -1.5861534e-01
 -1.0823842e-01 -5.0507269e-02  1.1051643e-02  7.2527653e-02  1.2982316e-01
  1.7888260e-01  2.1630539e-01  2.3987224e-01  2.4911345e-01  2.4548508e-01
  2.3211057e-01  2.1315845e-01  1.9282074e-01  1.7439703e-01  1.5956647e-01
  1.4823513e-01  1.3875907e-01  1.2886029e-01  1.1655081e-01  1.0089946e-01
  8.2574388e-02  6.3476668e-02  4.6107419e-02  3.2373594e-02  2.2675606e-02
  1.5410629e-02  7.3650220e-03 -5.0647002e-03 -2.4227942e-02 -4.9842653e-02
 -7.8314272e-02 -1.0336535e-01 -1.1792818e-01 -1.1637585e-01 -9.6447946e-02
 -6.0139499e-02 -1.3069209e-02  3.7621240e-02  8.5488833e-02  1.2661751e-01
  1.6014185e-01  1.8738404e-01  2.1025810e-01  2.2967990e-01  2.4496841e-01
  2.5428008e-01  2.5573613e-01  2.4871422e-01  2.3422418e-01  2.1453230e-01
  1.9208098e-01  1.6864329e-01  1.4512341e-01  1.2219065e-01  1.0148306e-01
  8.6114699e-02  8.0295202e-02  8.7817336e-02  1.1009605e-01  1.4491205e-01
  1.8674996e-01  2.2855264e-01  2.6456636e-01  2.9226650e-01  3.1275686e-01
  3.2897302e-01  3.4262934e-01  3.5185881e-01  3.5061412e-01  3.3084005e-01
  2.8663019e-01  2.1807849e-01  1.3351025e-01  4.7822973e-02 -2.1942885e-02
 -6.2403419e-02 -6.8495338e-02 -4.4957845e-02 -4.0549776e-03  3.9234635e-02
  7.2492426e-02  8.9287476e-02  8.9658533e-02  7.7857495e-02  5.9002842e-02
  3.6499847e-02  1.1200888e-02 -1.7535990e-02 -4.9860266e-02 -8.4051572e-02
 -1.1656373e-01 -1.4346774e-01 -1.6226721e-01 -1.7317583e-01 -1.7881215e-01
 -1.8264014e-01 -1.8706700e-01 -1.9222188e-01 -1.9621427e-01 -1.9673094e-01
 -1.9276203e-01 -1.8583406e-01 -1.7965759e-01 -1.7845988e-01 -1.8519997e-01
 -2.0021841e-01 -2.2148376e-01 -2.4584909e-01 -2.7060191e-01 -2.9443883e-01
 -3.1679622e-01 -3.3640591e-01 -3.4982739e-01 -3.5115427e-01 -3.3351730e-01
 -2.9216082e-01 -2.2743712e-01 -1.4639158e-01 -6.1832742e-02  1.1425284e-02
  6.1118809e-02  8.1868674e-02  7.6680914e-02  5.5678589e-02  3.2186891e-02
  1.7993941e-02  1.9657829e-02  3.7038820e-02  6.4420751e-02  9.3338578e-02
  1.1578873e-01  1.2646486e-01  1.2368192e-01  1.0878091e-01  8.4958080e-02
  5.5947488e-02  2.5274183e-02 -4.0850379e-03 -2.9812592e-02 -5.0373406e-02
 -6.5240365e-02 -7.5041685e-02 -8.1434208e-02 -8.6593786e-02 -9.2491957e-02
 -1.0025598e-01 -1.0990348e-01 -1.2075808e-01 -1.3200723e-01 -1.4338555e-01
 -1.5524530e-01 -1.6836148e-01 -1.8325075e-01 -1.9947864e-01 -2.1553040e-01
 -2.2918673e-01 -2.3825180e-01 -2.4124610e-01 -2.3772340e-01 -2.2811817e-01
 -2.1322890e-01 -1.9386581e-01 -1.7076865e-01 -1.4517038e-01 -1.1927855e-01
 -9.6457340e-02 -8.0946901e-02 -7.6330993e-02 -8.4359221e-02 -1.0363895e-01
 -1.2957657e-01 -1.5553886e-01 -1.7486672e-01 -1.8281628e-01 -1.7804890e-01
 -1.6256077e-01 -1.4043822e-01 -1.1602710e-01 -9.2172565e-02 -6.9521618e-02
 -4.6854231e-02 -2.2369132e-02  5.0149128e-03  3.4880581e-02  6.5303774e-02
  9.4148799e-02  1.2004180e-01  1.4345600e-01  1.6656490e-01  1.9233931e-01
  2.2324511e-01  2.5991639e-01  3.0074446e-01  3.4267631e-01  3.8215401e-01
  4.1665297e-01  4.4553909e-01  4.6988093e-01  4.9174514e-01  5.1297527e-01
  5.3425237e-01  5.5501280e-01  5.7387098e-01  5.8957047e-01  6.0161809e-01
  6.1026044e-01  6.1603767e-01  6.1870318e-01  6.1661304e-01  6.0678472e-01
  5.8563679e-01  5.5030413e-01  4.9984735e-01  4.3585167e-01  3.6206289e-01
  2.8337756e-01  2.0473920e-01  1.3014020e-01  6.2181489e-02  2.4658885e-03
 -4.8191682e-02 -8.9299218e-02 -1.2092248e-01 -1.4372608e-01 -1.5935511e-01
 -1.6997017e-01 -1.7789624e-01 -1.8469505e-01 -1.9080106e-01 -1.9552148e-01
 -1.9779949e-01 -1.9718889e-01 -1.9453512e-01 -1.9217491e-01 -1.9287945e-01
 -1.9876236e-01 -2.0998802e-01 -2.2440760e-01 -2.3816961e-01 -2.4722294e-01
 -2.4892558e-01 -2.4310138e-01 -2.3187572e-01 -2.1854818e-01 -2.0586647e-01
 -1.9464080e-01 -1.8332120e-01 -1.6887814e-01 -1.4856391e-01 -1.2166224e-01
 -9.0357202e-02 -5.9490148e-02 -3.4865316e-02 -2.1139710e-02 -2.0018318e-02
 -2.9583617e-02 -4.4928489e-02 -5.9780184e-02 -6.8442498e-02 -6.7373946e-02
 -5.5884080e-02 -3.5866936e-02 -1.0999977e-02  1.4340903e-02  3.6006670e-02
  5.0846622e-02  5.7215660e-02  5.5410864e-02  4.7697330e-02  3.8027524e-02
  3.1157089e-02  3.1343792e-02  4.1027688e-02  5.9978629e-02  8.5379629e-02
  1.1289307e-01  1.3830112e-01  1.5895587e-01  1.7447923e-01  1.8620981e-01
  1.9590897e-01  2.0444564e-01  2.1118574e-01  2.1467321e-01  2.1402738e-01
  2.1051643e-01  2.0789789e-01  2.1115051e-01  2.2411404e-01  2.4656537e-01
  2.7292689e-01  2.9299453e-01  2.9513163e-01  2.7050797e-01  2.1671638e-01
  1.3947535e-01  5.0812569e-02 -3.4764332e-02 -1.0508208e-01 -1.5398887e-01
 -1.8245227e-01 -1.9701275e-01 -2.0635964e-01 -2.1751485e-01 -2.3362533e-01
 -2.5327024e-01 -2.7214016e-01 -2.8524459e-01 -2.8913130e-01 -2.8295484e-01
 -2.6850004e-01 -2.4921914e-01 -2.2904582e-01 -2.1144407e-01 -1.9892675e-01
 -1.9299688e-01 -1.9435899e-01 -2.0300134e-01 -2.1864212e-01 -2.4072943e-01
 -2.6860572e-01 -3.0154294e-01 -3.3847256e-01 -3.7782109e-01 -4.1729880e-01
 -4.5409925e-01 -4.8550997e-01 -5.0975787e-01 -5.2659637e-01 -5.3728189e-01
 -5.4386933e-01 -5.4782650e-01 -5.4875414e-01 -5.4379888e-01 -5.2833423e-01
 -4.9751063e-01 -4.4832202e-01 -3.8108546e-01 -2.9967591e-01 -2.1063385e-01
 -1.2141565e-01 -3.8567671e-02  3.3246049e-02  9.1641812e-02  1.3612879e-01
  1.6771565e-01  1.8881661e-01  2.0333012e-01  2.1642282e-01  2.3356661e-01
  2.5856603e-01  2.9173810e-01  3.2839764e-01  3.5938564e-01  3.7355863e-01
  3.6145229e-01  3.1928560e-01  2.5098048e-01  1.6771565e-01  8.4783119e-02
  1.7070994e-02 -2.5300016e-02 -3.9481224e-02 -2.9790282e-02 -5.6005026e-03
  2.2040347e-02  4.3494751e-02  5.2495244e-02  4.6691012e-02  2.7096592e-02
 -3.0139029e-03 -3.9242855e-02 -7.6961556e-02 -1.1203119e-01 -1.4110754e-01
 -1.6190320e-01 -1.7298795e-01 -1.7362204e-01 -1.6338273e-01 -1.4202344e-01
 -1.0984124e-01 -6.8201780e-02 -2.0350626e-02  2.8671238e-02  7.2685000e-02
  1.0588056e-01  1.2476222e-01  1.2914211e-01  1.2206148e-01  1.0822667e-01
  9.1630070e-02  7.3627909e-02  5.2380170e-02  2.4077640e-02 -1.4568704e-02
 -6.3820718e-02 -1.1974824e-01 -1.7499589e-01 -2.2141331e-01 -2.5309410e-01
 -2.6864094e-01 -2.7140039e-01 -2.6785421e-01 -2.6478946e-01 -2.6665649e-01
 -2.7448862e-01 -2.8632489e-01 -2.9887743e-01 -3.0938682e-01 -3.1660835e-01
 -3.2062422e-01 -3.2188065e-01 -3.2007233e-01 -3.1362580e-01 -3.0001644e-01
 -2.7670792e-01 -2.4197412e-01 -1.9549799e-01 -1.3833635e-01 -7.2776590e-02
 -2.0423428e-03  6.9688359e-02  1.3756135e-01  1.9681313e-01  2.4398206e-01
  2.7824617e-01  3.0211832e-01  3.2057725e-01  3.3882483e-01  3.5931519e-01
  3.7934760e-01  3.9079636e-01  3.8260022e-01  3.4500129e-01  2.7398370e-01
  1.7383340e-01  5.6481764e-02 -6.2300087e-02 -1.6785656e-01 -2.5083958e-01
 -3.0884667e-01 -3.4471948e-01 -3.6340152e-01 -3.6850943e-01 -3.6111176e-01
 -3.4059792e-01 -3.0713229e-01 -2.6365045e-01 -2.1589441e-01 -1.7038116e-01
 -1.3126747e-01 -9.8107137e-02 -6.5975435e-02 -2.8166318e-02  1.9765858e-02
  7.7043752e-02  1.3738522e-01  1.9181090e-01  2.3308518e-01  2.5938799e-01
  2.7511096e-01  2.8764003e-01  3.0265846e-01  3.1940302e-01  3.2941922e-01
  3.1956741e-01  2.7831662e-01  2.0205021e-01  9.8693079e-02 -1.3776097e-02
 -1.1323947e-01 -1.8137197e-01 -2.1019938e-01 -2.0426951e-01 -1.7779056e-01
 -1.4818816e-01 -1.2908339e-01 -1.2564289e-01 -1.3396820e-01 -1.4424274e-01
 -1.4582795e-01 -1.3174890e-01 -1.0091942e-01 -5.7566755e-02 -8.7904230e-03
  3.8363355e-02  7.8919001e-02  1.1058336e-01  1.3325192e-01  1.4796505e-01
  1.5634908e-01  1.6022404e-01  1.6178577e-01  1.6340621e-01  1.6733989e-01
  1.7525422e-01  1.8773631e-01  2.0443390e-01  2.2450154e-01  2.4735211e-01
  2.7292689e-01  3.0153120e-01  3.3304760e-01  3.6609051e-01  3.9752472e-01
  4.2273549e-01  4.3652098e-01  4.3445433e-01  4.1378784e-01  3.7423968e-01
  3.1758296e-01  2.4724642e-01  1.6766868e-01  8.3873089e-02  1.3757310e-03
 -7.3950823e-02 -1.3622273e-01 -1.8013903e-01 -2.0209718e-01 -2.0094643e-01
 -1.7857730e-01 -1.3985111e-01 -9.1694653e-02 -4.2006998e-02  1.8101970e-03
  3.4184261e-02  5.2226345e-02  5.6394871e-02  5.0133863e-02  3.9240506e-02
  3.0439633e-02  2.9625889e-02  4.0071863e-02  6.1592025e-02  9.0414739e-02
  1.2047627e-01  1.4538174e-01  1.6044715e-01  1.6402856e-01  1.5759376e-01
  1.4465372e-01  1.2893074e-01  1.1288720e-01  9.7158357e-02  8.0975083e-02
  6.3414434e-02  4.4542167e-02  2.5772058e-02  9.3235246e-03 -2.9907705e-03
 -1.0859421e-02 -1.5718278e-02 -1.9941993e-02 -2.5316456e-02 -3.1627956e-02
 -3.6171062e-02 -3.4612855e-02 -2.2879923e-02  7.9879524e-04  3.4660999e-02
  7.3653742e-02  1.1106479e-01  1.4081398e-01  1.5946079e-01  1.6689368e-01
  1.6580165e-01  1.5997745e-01  1.5254456e-01  1.4474766e-01  1.3580000e-01
  1.2363495e-01  1.0610601e-01  8.1902727e-02  5.1122566e-02  1.5037223e-02
 -2.4352411e-02 -6.4807074e-02 -1.0413682e-01 -1.4033254e-01 -1.7164933e-01
 -1.9678965e-01 -2.1528381e-01 -2.2764848e-01 -2.3544539e-01 -2.4065898e-01
 -2.4532068e-01 -2.5061647e-01 -2.5669900e-01 -2.6281675e-01 -2.6767807e-01
 -2.7027313e-01 -2.6992086e-01 -2.6652732e-01 -2.5991639e-01 -2.4965360e-01
 -2.3461168e-01 -2.1334633e-01 -1.8453066e-01 -1.4776544e-01 -1.0387966e-01
 -5.5136094e-02 -4.6870670e-03  4.4230995e-02  8.8976304e-02  1.2794439e-01
  1.6048237e-01  1.8647989e-01  2.0574904e-01  2.1762053e-01  2.2093187e-01
  2.1455579e-01  1.9806956e-01  1.7249477e-01  1.4054390e-01  1.0618116e-01
  7.3798173e-02  4.6890632e-02  2.7160001e-02  1.4069655e-02  5.4833142e-03
 -1.2463305e-03 -7.9004720e-03 -1.4488857e-02 -1.9179916e-02 -1.9122379e-02
 -1.1831568e-02  3.4855922e-03  2.5208426e-02  4.9666518e-02  7.2288110e-02
  8.9174749e-02  9.8408915e-02  1.0054484e-01  9.8140015e-02  9.4532773e-02
  9.2409760e-02  9.2730326e-02  9.4388342e-02  9.4668984e-02  9.0278528e-02
  7.8468096e-02  5.7875578e-02  2.8872032e-02 -6.5907330e-03 -4.5540264e-02
 -8.4680961e-02 -1.2107513e-01 -1.5262676e-01 -1.7831897e-01 -1.9828092e-01
 -2.1338156e-01 -2.2471290e-01 -2.3306169e-01 -2.3836923e-01 -2.3967262e-01
 -2.3530448e-01 -2.2364435e-01 -2.0374111e-01 -1.7587656e-01 -1.4163594e-01
 -1.0347103e-01 -6.3926399e-02 -2.5049905e-02  1.1932552e-02  4.6465560e-02
  7.8159273e-02  1.0629036e-01  1.2963528e-01  1.4689650e-01  1.5711233e-01
  1.6049412e-01  1.5849792e-01  1.5354266e-01  1.4835255e-01  1.4504122e-01
  1.4480637e-01  1.4802377e-01  1.5475212e-01  1.6517931e-01  1.7982199e-01
  1.9904417e-01  2.2223527e-01  2.4709377e-01  2.6955684e-01  2.8461051e-01
  2.8776919e-01  2.7693103e-01  2.5325850e-01  2.2131937e-01  1.8768935e-01
  1.5915549e-01  1.4074352e-01  1.3454358e-01  1.3955755e-01  1.5265024e-01
  1.6984101e-01  1.8736056e-01  2.0261384e-01  2.1428571e-01  2.2220004e-01
  2.2699091e-01  2.2983255e-01  2.3200488e-01  2.3450600e-01  2.3771166e-01
  2.4110519e-01  2.4345365e-01  2.4344191e-01  2.4040065e-01  2.3508137e-01
  2.2956248e-01  2.2641554e-01  2.2715530e-01  2.3106550e-01  2.3452948e-01
  2.3169958e-01  2.1664592e-01  1.8554050e-01  1.3853597e-01  8.0016909e-02
  1.7403302e-02 -4.1282497e-02 -8.9755994e-02 -1.2496184e-01 -1.4722529e-01
 -1.5919072e-01 -1.6411075e-01 -1.6473310e-01 -1.6272516e-01 -1.5902633e-01
 -1.5441159e-01 -1.4984383e-01 -1.4646204e-01 -1.4501773e-01 -1.4548742e-01
 -1.4689650e-01 -1.4764801e-01 -1.4621545e-01 -1.4150678e-01 -1.3315798e-01
 -1.2133346e-01 -1.0646063e-01 -8.9094901e-02 -6.9936122e-02 -5.0150302e-02
 -3.1243982e-02 -1.4862263e-02 -2.1836030e-03  6.5596158e-03  1.2006529e-02
  1.5178131e-02  1.6714027e-02  1.6232592e-02  1.2520843e-02  4.3177708e-03
 -8.5353796e-03 -2.4635401e-02 -4.1341209e-02 -5.6219910e-02 -6.8566966e-02
 -8.0116719e-02 -9.4248609e-02 -1.1385947e-01 -1.3936967e-01 -1.6749254e-01
 -1.9255067e-01 -2.0927174e-01 -2.1602358e-01 -2.1654024e-01 -2.1851295e-01
 -2.2977384e-01 -2.5343463e-01 -2.8459876e-01 -3.1093680e-01 -3.1701933e-01
 -2.9062258e-01 -2.2857613e-01 -1.3872384e-01 -3.7280712e-02  5.7181607e-02
  1.3059815e-01  1.7790799e-01  2.0310702e-01  2.1584744e-01  2.2593410e-01
  2.3889763e-01  2.5472629e-01  2.6933374e-01  2.7809352e-01  2.7873934e-01
  2.7221061e-01  2.6126676e-01  2.4817407e-01  2.3262723e-01  2.1180808e-01
  1.8215871e-01  1.4199995e-01  9.3123694e-02  4.0831592e-02 -8.2608440e-03
 -4.8863343e-02 -7.9116273e-02 -1.0094173e-01 -1.1846833e-01 -1.3557690e-01
 -1.5371879e-01 -1.7108570e-01 -1.8334468e-01 -1.8531740e-01 -1.7298795e-01
 -1.4455978e-01 -1.0093351e-01 -4.5347690e-02  1.7171978e-02  8.0359785e-02
  1.3723257e-01  1.8072615e-01  2.0484488e-01  2.0578427e-01  1.8302764e-01
  1.3976891e-01  8.2291398e-02  1.8606890e-02 -4.3450130e-02 -9.7818276e-02
 -1.4117799e-01 -1.7311712e-01 -1.9558019e-01 -2.1185505e-01 -2.2567577e-01
 -2.4013057e-01 -2.5716869e-01 -2.7727155e-01 -2.9960546e-01 -3.2276133e-01
 -3.4563538e-01 -3.6816890e-01 -3.9155962e-01 -4.1749841e-01 -4.4660764e-01
 -4.7709072e-01 -5.0401588e-01 -5.2014983e-01 -5.1822409e-01 -4.9396444e-01
 -4.4834551e-01 -3.8802518e-01 -3.2344238e-01 -2.6531786e-01 -2.2079096e-01
 -1.9098894e-01 -1.7106221e-01 -1.5265024e-01 -1.2753341e-01 -9.1010075e-02
 -4.3508842e-02  1.0187760e-02  6.3177239e-02  1.0947841e-01  1.4592189e-01
  1.7267091e-01  1.9210446e-01  2.0699373e-01  2.1904136e-01  2.2815340e-01
  2.3285033e-01  2.3128860e-01  2.2223527e-01  2.0554942e-01  1.8218219e-01
  1.5375402e-01  1.2206148e-01  8.8958690e-02  5.6304455e-02  2.5971678e-02
 -2.4165708e-04 -2.0976492e-02 -3.5723680e-02 -4.5058829e-02 -5.0456776e-02
 -5.3792771e-02 -5.6601536e-02 -5.9538292e-02 -6.2196754e-02 -6.3460229e-02
 -6.2190883e-02 -5.7888495e-02 -5.1070900e-02 -4.3192973e-02 -3.6119396e-02
 -3.1504662e-02 -3.0242362e-02 -3.2290223e-02 -3.6900261e-02 -4.3006270e-02
 -4.9637162e-02 -5.6182335e-02 -6.2374064e-02 -6.8177121e-02 -7.3563326e-02
 -7.8443437e-02 -8.2685940e-02 -8.6248562e-02 -8.9231112e-02 -9.1888401e-02
 -9.4540992e-02 -9.7482445e-02 -1.0089711e-01 -1.0489890e-01 -1.0958174e-01
 -1.1510415e-01 -1.2158005e-01 -1.2901294e-01 -1.3712689e-01 -1.4537000e-01
 -1.5289683e-01 -1.5901458e-01 -1.6315963e-01 -1.6523802e-01 -1.6540241e-01
 -1.6386416e-01 -1.6050586e-01 -1.5469341e-01 -1.4522909e-01 -1.3078603e-01
 -1.1007022e-01 -8.2671849e-02 -4.9122848e-02 -1.1086165e-02  2.8849722e-02
  6.7604096e-02  1.0220638e-01  1.3042202e-01  1.5126465e-01  1.6515582e-01
  1.7386863e-01  1.7992767e-01  1.8568141e-01  1.9238628e-01  1.9967826e-01
  2.0571382e-01  2.0795660e-01  2.0438693e-01  1.9468777e-01  1.8073789e-01
  1.6586036e-01  1.5353092e-01  1.4555788e-01  1.4100186e-01  1.3615227e-01
  1.2586600e-01  1.0568563e-01  7.3806393e-02  3.2001362e-02 -1.4938588e-02
 -6.0895705e-02 -1.0057655e-01 -1.3100914e-01 -1.5189873e-01 -1.6476832e-01
 -1.7153190e-01 -1.7323454e-01 -1.6980578e-01 -1.6048237e-01 -1.4482985e-01
 -1.2351753e-01 -9.8458233e-02 -7.2162467e-02 -4.6797868e-02 -2.3456471e-02
 -2.0832061e-03  1.8044433e-02  3.7520256e-02  5.6311500e-02  7.3747681e-02
  8.8979827e-02  1.0148423e-01  1.1120101e-01  1.1817477e-01  1.2195580e-01
  1.2112210e-01  1.1348841e-01  9.6955215e-02  7.0793312e-02  3.6564430e-02
 -1.8070266e-03 -3.9022099e-02 -7.0053545e-02 -9.1781546e-02 -1.0386440e-01
 -1.0845917e-01 -1.0896879e-01 -1.0850966e-01 -1.0874921e-01 -1.0965337e-01
 -1.1009957e-01 -1.0895470e-01 -1.0597802e-01 -1.0211832e-01 -9.9010122e-02
 -9.8130622e-02 -9.9909584e-02 -1.0342171e-01 -1.0650290e-01 -1.0652404e-01
 -1.0117541e-01 -8.9178272e-02 -7.0600737e-02 -4.6786125e-02 -2.0112257e-02
  6.4457152e-03  2.9843123e-02  4.7447218e-02  5.7538574e-02  5.9593481e-02
  5.4357577e-02  4.3504145e-02  2.9034076e-02  1.2578380e-02 -5.0266551e-03
 -2.3740635e-02 -4.3834104e-02 -6.5171086e-02 -8.6589089e-02 -1.0583476e-01
 -1.2007703e-01 -1.2694629e-01 -1.2545502e-01 -1.1652732e-01 -1.0273009e-01
 -8.7283061e-02 -7.2753106e-02 -6.0071393e-02 -4.8257439e-02 -3.5006223e-02
 -1.7833071e-02  4.6970480e-03  3.2264390e-02  6.2847279e-02  9.3524107e-02
  1.2158005e-01  1.4538174e-01  1.6474484e-01  1.8056175e-01  1.9408891e-01
  2.0616002e-01  2.1682206e-01  2.2541744e-01  2.3105376e-01  2.3328480e-01
  2.3215754e-01  2.2849393e-01  2.2330382e-01  2.1756182e-01  2.1170240e-01
  2.0588995e-01  1.9996008e-01  1.9380710e-01  1.8747798e-01  1.8110190e-01
  1.7481976e-01  1.6851413e-01  1.6192668e-01  1.5475212e-01  1.4681431e-01
  1.3814847e-01  1.2883681e-01  1.1880886e-01  1.0763838e-01  9.4565651e-02
  7.8721730e-02  5.9612268e-02  3.7517907e-02  1.3638712e-02 -1.0111552e-02
 -3.1534018e-02 -4.8715389e-02 -6.0369648e-02 -6.5950776e-02 -6.5479909e-02
 -5.9342195e-02 -4.8170546e-02 -3.2934877e-02 -1.5092412e-02  3.2796318e-03
  1.9614382e-02  3.1224020e-02  3.5877504e-02  3.2311360e-02  2.0491534e-02
  1.5227449e-03 -2.2669735e-02 -4.9772199e-02 -7.7404241e-02 -1.0326437e-01
 -1.2511449e-01 -1.4077875e-01 -1.4831732e-01 -1.4629764e-01 -1.3426176e-01
 -1.1297997e-01 -8.4476645e-02 -5.1743735e-02 -1.8072615e-02  1.3604659e-02
  4.1291891e-02  6.4130716e-02  8.2317231e-02  9.6659308e-02  1.0808694e-01
  1.1725300e-01  1.2435124e-01  1.2924779e-01  1.3178413e-01  1.3204246e-01
  1.3065687e-01  1.2862544e-01  1.2722811e-01  1.2754515e-01  1.3004626e-01
  1.3464926e-01  1.4064959e-01  1.4708438e-01  1.5321387e-01  1.5845095e-01
  1.6247857e-01  1.6499143e-01  1.6520279e-01  1.6198539e-01  1.5400061e-01
  1.4028557e-01  1.2076983e-01  9.6739156e-02  7.0692328e-02  4.5776285e-02
  2.4941875e-02  1.0125525e-02  1.8233484e-03 -8.2948968e-04  4.4329631e-04
  3.7108100e-03  7.3772340e-03  1.0395247e-02  1.2229633e-02  1.2641789e-02
  1.1524037e-02  8.8562974e-03  4.7919260e-03 -3.1909772e-04 -5.9899955e-03
 -1.1818652e-02 -1.7675724e-02 -2.3807567e-02 -3.0685047e-02 -3.8710927e-02
 -4.7893427e-02 -5.7725277e-02 -6.7364552e-02 -7.6002208e-02 -8.3214344e-02
 -8.9117212e-02 -9.4124140e-02 -9.8478194e-02 -1.0178366e-01 -1.0283577e-01
 -9.9921326e-02 -9.1429276e-02 -7.6615157e-02 -5.5988586e-02 -3.1323830e-02
 -5.1710857e-03  1.9961955e-02  4.2238322e-02  6.0865175e-02  7.6060919e-02
  8.8698011e-02  9.9847350e-02  1.1051760e-01  1.2129823e-01  1.3252390e-01
  1.4406660e-01  1.5545666e-01  1.6588384e-01  1.7437355e-01  1.7990418e-01
  1.8175947e-01  1.7957540e-01  1.7345765e-01  1.6366455e-01  1.5036049e-01
  1.3338109e-01  1.1244217e-01  8.7335901e-02  5.8450952e-02  2.7032010e-02
 -4.8282098e-03 -3.4675090e-02 -6.0329725e-02 -8.0499519e-02 -9.4988375e-02
 -1.0454193e-01 -1.1031329e-01 -1.1328997e-01 -1.1399803e-01 -1.1252084e-01
 -1.0881849e-01 -1.0316103e-01 -9.6268289e-02 -8.9225241e-02 -8.3113360e-02
 -7.8623095e-02 -7.5804936e-02 -7.4159837e-02 -7.2932763e-02 -7.1473192e-02
 -6.9444118e-02 -6.6833799e-02 -6.3792537e-02 -6.0483549e-02 -5.7001949e-02
 -5.3500387e-02 -5.0365186e-02 -4.8313802e-02 -4.8245696e-02 -5.0946432e-02
 -5.6691952e-02 -6.5012564e-02 -7.4711726e-02 -8.4221836e-02 -9.2085672e-02
 -9.7401423e-02 -9.9954205e-02 -1.0009394e-01 -9.8364294e-02 -9.5146897e-02
 -9.0448792e-02 -8.3942369e-02 -7.5181419e-02 -6.3861816e-02 -4.9897842e-02
 -3.3398699e-02 -1.4524084e-02  6.6258425e-03  3.0002818e-02  5.5427303e-02
  8.2409995e-02  1.1001855e-01  1.3699772e-01  1.6205585e-01  1.8410794e-01
  2.0256687e-01  2.1718607e-01  2.2793030e-01  2.3468214e-01  2.3714802e-01
  2.3503441e-01  2.2838825e-01  2.1803152e-01  2.0545548e-01  1.9269158e-01
  1.8153637e-01  1.7283530e-01  1.6607172e-01  1.5951950e-01  1.5088889e-01
  1.3821892e-01  1.2069937e-01  9.9048872e-02  7.4968883e-02  5.0557761e-02
  2.7225758e-02  5.3636598e-03 -1.5710058e-02 -3.7023555e-02 -5.9105000e-02
 -8.1387238e-02 -1.0212888e-01 -1.1885583e-01 -1.2934173e-01 -1.3240647e-01
 -1.2844931e-01 -1.1931378e-01 -1.0772645e-01 -9.6444424e-02 -8.7573096e-02
 -8.2173974e-02 -8.0255278e-02 -8.1011484e-02 -8.3199079e-02 -8.5475916e-02
 -8.6677156e-02 -8.5966746e-02 -8.2985369e-02 -7.7919729e-02 -7.1510768e-02
 -6.4884573e-02 -5.9318710e-02 -5.5867640e-02 -5.5194805e-02 -5.7353045e-02
 -6.1961908e-02 -6.8485944e-02 -7.6347432e-02 -8.5172964e-02 -9.4595007e-02
 -1.0417675e-01 -1.1302459e-01 -1.1991264e-01 -1.2338837e-01 -1.2215542e-01
 -1.1547521e-01 -1.0351565e-01 -8.7439233e-02 -6.9147037e-02 -5.0905333e-02
 -3.4742021e-02 -2.1982809e-02 -1.2902468e-02 -6.6798572e-03 -1.5710058e-03
  4.6247152e-03  1.3919354e-02  2.7514619e-02  4.5408750e-02  6.6246683e-02
  8.7719875e-02  1.0716634e-01  1.2239027e-01  1.3228905e-01  1.3706818e-01
  1.3797234e-01  1.3670416e-01  1.3481365e-01  1.3308753e-01  1.3150231e-01
  1.2940044e-01  1.2594819e-01  1.2040581e-01  1.1228717e-01  1.0136446e-01
  8.7502642e-02  7.0708767e-02  5.1220028e-02  2.9806721e-02  7.8772222e-03
 -1.2669970e-02 -2.9900660e-02 -4.2421503e-02 -4.9859092e-02 -5.2915620e-02
 -5.2981377e-02 -5.1416125e-02 -4.8964327e-02 -4.5520302e-02 -4.0498109e-02
 -3.3519645e-02 -2.5133275e-02 -1.7055729e-02 -1.1809258e-02 -1.1765811e-02
 -1.8158334e-02 -3.0449027e-02 -4.6467908e-02 -6.3224208e-02 -7.8082948e-02
 -8.9728987e-02 -9.8486414e-02 -1.0590287e-01 -1.1378432e-01 -1.2328268e-01
 -1.3433221e-01 -1.4595712e-01 -1.5679528e-01 -1.6601301e-01 -1.7376295e-01
 -1.8098448e-01 -1.8878138e-01 -1.9751767e-01 -2.0614828e-01 -2.1218384e-01
 -2.1239520e-01 -2.0367065e-01 -1.8427233e-01 -1.5439985e-01 -1.1634180e-01
 -7.3838097e-02 -3.1204058e-02  7.6986215e-03  4.0154059e-02  6.4897489e-02
  8.1991968e-02  9.2446161e-02  9.7720814e-02  9.9320119e-02  9.8529861e-02
  9.6335220e-02  9.3467744e-02  9.0431178e-02  8.7623588e-02  8.5346751e-02
  8.3790893e-02  8.3049952e-02  8.3076959e-02  8.3661727e-02  8.4460205e-02
  8.4974519e-02  8.4585848e-02  8.2622531e-02  7.8401165e-02  7.1373382e-02
  6.1265588e-02  4.8222212e-02  3.2863249e-02  1.6227895e-02 -4.5442803e-04
 -1.6023579e-02 -2.9666988e-02 -4.1040605e-02 -5.0192574e-02 -5.7311947e-02
 -6.2417510e-02 -6.5166389e-02 -6.4876353e-02 -6.0806463e-02 -5.2557479e-02
 -4.0437049e-02 -2.5598272e-02 -9.8529861e-03  4.7653883e-03  1.6515582e-02
  2.4328926e-02  2.7927949e-02  2.7664921e-02  2.4223245e-02  1.8315681e-02
  1.0587938e-02  1.6489749e-03 -7.7730678e-03 -1.6773913e-02 -2.4325403e-02
 -2.9515512e-02 -3.1797046e-02 -3.1161786e-02 -2.8088819e-02 -2.3349616e-02
 -1.7682769e-02 -1.1581339e-02 -5.2351988e-03  1.3461403e-03  8.1064324e-03
  1.4770672e-02  2.0817970e-02  2.5620582e-02  2.8661844e-02  2.9730396e-02
  2.8991804e-02  2.6889927e-02  2.3959043e-02  2.0655926e-02  1.7249477e-02
  1.3846551e-02  1.0489890e-02  7.2565229e-03  4.3027407e-03  1.8133675e-03
 -9.3661492e-05 -1.4572227e-03 -2.4762218e-03 -3.4225359e-03 -4.4828679e-03
 -5.5905216e-03 -6.3427350e-03 -6.0563397e-03 -3.9556375e-03  5.4632348e-04
  7.6097320e-03  1.6857284e-02  2.7426552e-02  3.8217750e-02  4.8233954e-02
  5.6864564e-02  6.3993330e-02  6.9845706e-02  7.4702332e-02  7.8512717e-02
  8.0681525e-02  8.0080318e-02  7.5411569e-02  6.5681877e-02  5.0695146e-02
  3.1235762e-02  8.9747775e-03 -1.4013292e-02 -3.5805876e-02 -5.5122003e-02
 -7.1414481e-02 -8.4722059e-02 -9.5276062e-02 -1.0314812e-01 -1.0806815e-01
 -1.0958056e-01 -1.0738240e-01 -1.0171438e-01 -9.3466570e-02 -8.4091496e-02
 -7.5215472e-02 -6.8215871e-02 -6.3846551e-02 -6.2203800e-02 -6.2868415e-02
 -6.5229797e-02 -6.8662079e-02 -7.2623940e-02 -7.6550574e-02 -7.9739790e-02
 -8.1221672e-02 -7.9953500e-02 -7.5099223e-02 -6.6433386e-02 -5.4496137e-02
 -4.0554473e-02 -2.6235880e-02 -1.3041028e-02 -1.8549353e-03  7.1954628e-03
  1.4587492e-02  2.0940091e-02  2.6585801e-02  3.1263944e-02  3.4184261e-02
  3.4368615e-02  3.1205232e-02  2.4816233e-02  1.6186797e-02  6.8716094e-03
 -1.4421925e-03 -7.5001761e-03 -1.0767361e-02 -1.1500552e-02 -1.0441864e-02
 -8.4724408e-03 -6.3078603e-03 -4.3956225e-03 -2.9766797e-03 -2.2816514e-03
 -2.6503605e-03 -4.5650642e-03 -8.4516568e-03 -1.4486508e-02 -2.2420798e-02
 -3.1577464e-02 -4.0943144e-02 -4.9405838e-02 -5.5974496e-02 -5.9936357e-02
 -6.0881614e-02 -5.8724549e-02 -5.3680045e-02 -4.6290599e-02 -3.7411052e-02
 -2.8175712e-02 -1.9825744e-02 -1.3455532e-02 -9.6722717e-03 -8.3537258e-03
 -8.6003147e-03 -8.9374369e-03 -7.7300909e-03 -3.6683028e-03  3.8227144e-03
  1.4407834e-02  2.7007351e-02  4.0118832e-02  5.2292102e-02  6.2463305e-02
  7.0148658e-02  7.5355205e-02  7.8389423e-02  7.9584791e-02  7.9155022e-02
  7.7160001e-02  7.3603250e-02  6.8549353e-02  6.2226110e-02  5.4994011e-02
  4.7312181e-02  3.9476527e-02  3.1652615e-02  2.3746507e-02  1.5572673e-02
  6.9829267e-03 -1.9759987e-03 -1.0976609e-02 -1.9512224e-02 -2.6968601e-02
 -3.2864423e-02 -3.7057608e-02 -3.9666753e-02 -4.1132195e-02 -4.1895446e-02
 -4.2234800e-02 -4.2107982e-02 -4.1152157e-02 -3.8770813e-02 -3.4557667e-02
 -2.8472793e-02 -2.1053991e-02 -1.3342805e-02 -6.6084639e-03 -1.8844085e-03
  3.7629459e-04  4.9711139e-04 -6.0240483e-04 -1.8447195e-03 -2.5547780e-03
 -2.8523285e-03 -3.7281886e-03 -6.7022851e-03 -1.3212466e-02 -2.3971959e-02
 -3.8593504e-02 -5.5664498e-02 -7.3196966e-02 -8.9288650e-02 -1.0269839e-01
 -1.1304338e-01 -1.2066415e-01 -1.2617130e-01 -1.3006975e-01 -1.3247693e-01
 -1.3334586e-01 -1.3267655e-01 -1.3086823e-01 -1.2863719e-01 -1.2680538e-01
 -1.2571335e-01 -1.2484441e-01 -1.2275428e-01 -1.1751720e-01 -1.0746342e-01
 -9.1931848e-02 -7.1658721e-02 -4.8620277e-02 -2.5329372e-02 -3.9663230e-03
  1.4309199e-02  2.9555436e-02  4.2699796e-02  5.4864846e-02  6.6704634e-02
  7.8126394e-02  8.8424415e-02  9.6776731e-02  1.0270543e-01  1.0625396e-01
  1.0775463e-01  1.0729198e-01  1.0421550e-01  9.6978699e-02  8.3578357e-02
  6.2356450e-02  3.2970104e-02 -2.9891266e-03 -4.1999953e-02 -7.9292407e-02
 -1.1003734e-01 -1.3053944e-01 -1.3911134e-01 -1.3621099e-01 -1.2406942e-01
 -1.0577018e-01 -8.4341608e-02 -6.2081680e-02 -4.0348982e-02 -1.9732979e-02
 -4.5664733e-04  1.7251826e-02  3.2956013e-02  4.6075715e-02  5.6140062e-02
  6.2994058e-02  6.6954745e-02  6.8719617e-02  6.9182264e-02  6.9139992e-02
  6.9105939e-02  6.9253893e-02  6.9499307e-02  6.9662526e-02  6.9628473e-02
  6.9442944e-02  6.9282074e-02  6.9377187e-02  6.9934948e-02  7.1059862e-02
  7.2766022e-02  7.5028769e-02  7.7819920e-02  8.1110120e-02  8.4850050e-02
  8.8926986e-02  9.3138959e-02  9.7191236e-02  1.0077852e-01  1.0363895e-01
  1.0563749e-01  1.0677885e-01  1.0720274e-01  1.0712524e-01  1.0679176e-01
  1.0639839e-01  1.0603790e-01  1.0568211e-01  1.0511613e-01  1.0399239e-01
  1.0190578e-01  9.8526338e-02  9.3851718e-02  8.8210704e-02  8.2293746e-02
  7.6793640e-02  7.2162467e-02  6.8259318e-02  6.4183556e-02  5.8581292e-02
  5.0038750e-02  3.7805594e-02  2.2157770e-02  4.4827505e-03 -1.3084474e-02
 -2.8361241e-02 -3.9785350e-02 -4.6843663e-02 -5.0035227e-02 -5.0467345e-02
 -4.9294286e-02 -4.7295742e-02 -4.4787581e-02 -4.1859045e-02 -3.8710927e-02
 -3.5893943e-02 -3.4253540e-02 -3.4629295e-02 -3.7432188e-02 -4.2432071e-02
 -4.8817548e-02 -5.5569385e-02 -6.1865621e-02 -6.7375120e-02 -7.2190648e-02
 -7.6540006e-02 -8.0420845e-02 -8.3429229e-02 -8.4884103e-02 -8.4191306e-02
 -8.1236937e-02 -7.6521218e-02 -7.0990583e-02 -6.5617294e-02 -6.0967333e-02
 -5.7026608e-02 -5.3364177e-02 -4.9526784e-02 -4.5377046e-02 -4.1147460e-02
 -3.7175031e-02 -3.3448017e-02 -2.9286536e-02 -2.3420070e-02 -1.4487682e-02
 -1.7319931e-03  1.4552265e-02  3.3019422e-02  5.1793053e-02  6.9248021e-02
  8.4558841e-02  9.7710246e-02  1.0887015e-01  1.1763463e-01  1.2246072e-01
  1.2092248e-01  1.1063033e-01  9.0523943e-02  6.1813955e-02  2.8048895e-02
 -5.8629436e-03 -3.5244593e-02 -5.7148728e-02 -7.1051643e-02 -7.8449308e-02
 -8.1626782e-02 -8.2263216e-02 -8.0622813e-02 -7.5722740e-02 -6.6315963e-02
 -5.2092483e-02 -3.4401494e-02 -1.6034147e-02 -2.0426951e-04  1.0795660e-02
  1.6523802e-02  1.8455414e-02  1.9158780e-02  2.1085695e-02  2.5520772e-02
  3.2254996e-02  4.0026068e-02  4.7377939e-02  5.3452244e-02  5.8272469e-02
  6.2398722e-02  6.6277213e-02  6.9667222e-02  7.1528381e-02  7.0436345e-02
  6.5279115e-02  5.5884080e-02  4.3162443e-02  2.8800404e-02  1.4607454e-02
  1.8723139e-03 -8.9441300e-03 -1.8144243e-02 -2.6407318e-02 -3.4360395e-02
 -4.2292337e-02 -5.0112726e-02 -5.7457551e-02 -6.3813673e-02 -6.8590451e-02
 -7.1084521e-02 -7.0479791e-02 -6.5961344e-02 -5.6986684e-02 -4.3609826e-02
 -2.6691482e-02 -7.8522111e-03  1.0881262e-02  2.7607384e-02  4.1052347e-02
  5.0843099e-02  5.7405885e-02  6.1583805e-02  6.4153026e-02  6.5431765e-02
  6.5188699e-02  6.2827317e-02  5.7776943e-02  4.9862615e-02  3.9505883e-02
  2.7656701e-02  1.5517484e-02  4.1614805e-03 -5.7855616e-03 -1.4265752e-02
 -2.1690425e-02 -2.8680632e-02 -3.5760081e-02 -4.3142481e-02 -5.0651699e-02
 -5.7855616e-02 -6.4262230e-02 -6.9514572e-02 -7.3464691e-02 -7.6086752e-02
 -7.7310303e-02 -7.6839435e-02 -7.4102299e-02 -6.8355605e-02 -5.8950001e-02
 -4.5606021e-02 -2.8616049e-02 -8.8577065e-03  1.2383457e-02  3.3691083e-02
  5.3786900e-02  7.1702168e-02  8.6798102e-02  9.8682511e-02  1.0716517e-01
  1.1217562e-01  1.1383833e-01  1.1252202e-01  1.0883375e-01  1.0357789e-01
  9.7597520e-02  9.1591320e-02  8.5990230e-02  8.0964515e-02  7.6466029e-02
  7.2360912e-02  6.8508255e-02  6.4774195e-02  6.0999037e-02  5.6933844e-02
  5.2240436e-02  4.6537188e-02  3.9527019e-02  3.1101900e-02  2.1415655e-02
  1.0884549e-02  9.2216012e-05 -1.0323149e-02 -1.9764684e-02 -2.7743595e-02
 -3.3920058e-02 -3.8108546e-02 -4.0312581e-02 -4.0756441e-02 -3.9888683e-02
 -3.8366877e-02 -3.6936662e-02 -3.6279092e-02 -3.6846246e-02 -3.8764942e-02
 -4.1801508e-02 -4.5456894e-02 -4.9109932e-02 -5.2162937e-02 -5.4132125e-02
 -5.4675794e-02 -5.3586106e-02 -5.0767948e-02 -4.6238933e-02 -4.0181067e-02
 -3.2966581e-02 -2.5174374e-02 -1.7526596e-02 -1.0793194e-02 -5.6311500e-03
 -2.4992367e-03 -1.5825133e-03 -2.8304878e-03 -6.0022076e-03 -1.0772410e-02
 -1.6798572e-02 -2.3759423e-02 -3.1354360e-02 -3.9303915e-02 -4.7292220e-02
 -5.4977572e-02 -6.1985393e-02 -6.7956366e-02 -7.2629811e-02 -7.5889481e-02
 -7.7830488e-02 -7.8690026e-02 -7.8699420e-02 -7.7907987e-02 -7.6042131e-02
 -7.2531176e-02 -6.6676452e-02 -5.8098683e-02 -4.7106691e-02 -3.4887626e-02
 -2.3396585e-02 -1.4827036e-02 -1.0876095e-02 -1.2093422e-02 -1.7600573e-02
 -2.5348160e-02 -3.2828022e-02 -3.7934760e-02 -3.9623306e-02 -3.8005214e-02
 -3.3963505e-02 -2.8431695e-02 -2.1780841e-02 -1.3693901e-02 -3.5238721e-03
  8.9788873e-03  2.3061929e-02  3.6867382e-02  4.7948616e-02  5.4247199e-02
  5.5009276e-02  5.1207111e-02  4.5191517e-02  3.9720767e-02  3.6854466e-02
  3.7217303e-02  4.0060121e-02  4.3945657e-02  4.7727860e-02  5.1197717e-02
  5.5057420e-02  6.0205256e-02  6.6753951e-02  7.3440032e-02  7.7775299e-02
  7.7053146e-02  6.9717714e-02  5.6384303e-02  4.4047815e-02  3.1606820e-02
  0.0000000e+00  0.0000000e+00  0.0000000e+00  0.0000000e+00  0.0000000e+00
