Scaled from
PEER NGA STRONG MOTION DATABASE RECORD
ACCELERATION TIME SERIES IN UNITS OF G
NPTS= 2989.000000, DT= 0.005000, Scalar= 1.000000
 -3.5942245e-01 -2.3463995e-01 -1.4395487e-01 -4.5798614e-02  3.9554086e-02
  9.2427239e-02  1.0086351e-01  6.6144668e-02  3.4197927e-03 -6.3319608e-02
 -1.1026813e-01 -1.2288039e-01 -1.0102562e-01 -5.7992629e-02 -1.3989128e-02
  1.2690076e-02  1.2915951e-02 -1.0582304e-02 -4.5671087e-02 -7.6678663e-02
 -9.0748846e-02 -8.2074809e-02 -5.2781290e-02 -1.0949000e-02  3.2710826e-02
  6.8073793e-02  8.7735737e-02  8.8229636e-02  7.0293638e-02  3.8746771e-02
  1.6108463e-03 -3.1675475e-02 -5.2809389e-02 -5.7347426e-02 -4.6399507e-02
 -2.6421987e-02 -6.7770105e-03  4.0265214e-03  1.8118644e-03 -1.1611495e-02
 -2.9523717e-02 -4.3559317e-02 -4.7679106e-02 -4.0965535e-02 -2.7973932e-02
 -1.6521307e-02 -1.4020469e-02 -2.4075695e-02 -4.4864853e-02 -6.9933750e-02
 -9.0908796e-02 -1.0083433e-01 -9.6726432e-02 -8.0246193e-02 -5.6487155e-02
 -3.1466891e-02 -9.5203666e-03  8.2625988e-03  2.3888727e-02  4.0771002e-02
  6.1204595e-02  8.4242778e-02  1.0503518e-01  1.1624464e-01  1.1102465e-01
  8.6611765e-02  4.6730214e-02  1.5681570e-03 -3.4978223e-02 -5.0135633e-02
 -3.7252105e-02  1.1669855e-03  5.3880405e-02  1.0489900e-01  1.3952382e-01
  1.4992057e-01  1.3781625e-01  1.1307806e-01  8.8923473e-02  7.5961050e-02
  7.7825330e-02  9.0454884e-02  1.0508273e-01  1.1319694e-01  1.1088416e-01
  1.0021183e-01  8.7091615e-02  7.6908861e-02  7.0617860e-02  6.3647073e-02
  4.8448594e-02  1.9471733e-02 -2.2203850e-02 -6.7373472e-02 -1.0162219e-01
 -1.1153260e-01 -9.1477267e-02 -4.7273828e-02  5.1011034e-03  4.5548963e-02
  5.7943996e-02  3.6611225e-02 -1.1743345e-02 -7.1374380e-02 -1.2432859e-01
 -1.5753980e-01 -1.6697468e-01 -1.5757222e-01 -1.3919960e-01 -1.2156189e-01
 -1.1039782e-01 -1.0664548e-01 -1.0835522e-01 -1.1358601e-01 -1.2219953e-01
 -1.3538458e-01 -1.5326006e-01 -1.7245404e-01 -1.8545537e-01 -1.8283997e-01
 -1.5751818e-01 -1.0891720e-01 -4.4568730e-02  2.2039577e-02  7.6675421e-02
  1.1019248e-01  1.2215630e-01  1.2029742e-01  1.1609333e-01  1.1864388e-01
  1.3007814e-01  1.4480865e-01  1.5281695e-01  1.4542468e-01  1.2018935e-01
  8.2257454e-02  4.1573993e-02  7.6025895e-03 -1.5675086e-02 -3.1381513e-02
 -4.7199256e-02 -7.0133688e-02 -1.0168272e-01 -1.3632483e-01 -1.6437009e-01
 -1.7754434e-01 -1.7409677e-01 -1.6034973e-01 -1.4744567e-01 -1.4510045e-01
 -1.5567011e-01 -1.7209740e-01 -1.8102433e-01 -1.6946039e-01 -1.3175329e-01
 -7.2705854e-02 -5.5940300e-03  5.3974430e-02  9.4987517e-02  1.1517470e-01
  1.2041630e-01  1.2029742e-01  1.2242648e-01  1.2897578e-01  1.3665986e-01
  1.4002097e-01  1.3540620e-01  1.2325865e-01  1.0743551e-01  9.2633661e-02
  8.1237234e-02  7.2121173e-02  6.1687687e-02  4.6344389e-02  2.4776016e-02
 -1.3220720e-03 -2.8209534e-02 -5.1795653e-02 -6.8892996e-02 -7.7431940e-02
 -7.6119919e-02 -6.4512747e-02 -4.4058619e-02 -1.9522528e-02  5.7164781e-04
  5.9668861e-03 -1.0928466e-02 -5.0025397e-02 -1.0089918e-01 -1.4487350e-01
 -1.6185196e-01 -1.3941575e-01 -7.9336208e-02  1.7408596e-03  7.8540782e-02
  1.2759243e-01  1.3663824e-01  1.0849571e-01  5.7642469e-02  2.0984772e-03
 -4.4899437e-02 -7.8596980e-02 -1.0050146e-01 -1.1264577e-01 -1.1262415e-01
 -9.3672254e-02 -4.9753050e-02  1.7369690e-02  9.4574674e-02  1.6055507e-01
  1.9509559e-01  1.8940008e-01  1.5121746e-01  1.0085811e-01  5.9312216e-02
  3.5393228e-02  1.9594938e-02 -1.0513893e-02 -7.5246679e-02 -1.7615018e-01
 -2.8770440e-01 -3.6399399e-01 -3.5844978e-01 -2.4796550e-01 -4.8801997e-02
  1.8482854e-01  3.8037804e-01  4.7617504e-01  4.4678966e-01  3.1261550e-01
  1.2963503e-01 -3.5606134e-02 -1.3346086e-01 -1.4868852e-01 -1.0119206e-01
 -3.1546866e-02  2.0026154e-02  3.0674707e-02  8.1229669e-04 -5.1778361e-02
 -1.0443753e-01 -1.4126382e-01 -1.5833955e-01 -1.6145209e-01 -1.5944190e-01
 -1.5799371e-01 -1.5721558e-01 -1.5355186e-01 -1.4371710e-01 -1.2744113e-01
 -1.0756303e-01 -8.7561737e-02 -6.8796810e-02 -4.9513126e-02 -2.6272844e-02
  3.4998757e-03  3.9264447e-02  7.7489220e-02  1.1369409e-01  1.4500319e-01
  1.7166510e-01  1.9605745e-01  2.2014720e-01  2.4277794e-01  2.5889181e-01
  2.6123702e-01  2.4394514e-01  2.0594624e-01  1.5269807e-01  9.4894574e-02
  4.5032368e-02  1.3169925e-02  3.6476132e-03  1.3897265e-02  3.5421327e-02
  5.6448249e-02  6.5244410e-02  5.3340034e-02  1.7910061e-02 -3.7137546e-02
 -1.0179511e-01 -1.6240314e-01 -2.0545991e-01 -2.2178993e-01 -2.0952350e-01
 -1.7466956e-01 -1.2888932e-01 -8.5217607e-02 -5.3463239e-02 -3.7128900e-02
 -3.3104216e-02 -3.3846686e-02 -3.0951377e-02 -1.8351003e-02  5.9379222e-03
  3.9880470e-02  7.8643452e-02  1.1599607e-01  1.4557598e-01  1.6185196e-01
  1.6140886e-01  1.4422505e-01  1.1499098e-01  8.2945887e-02  5.9852587e-02
  5.6141318e-02  7.6573831e-02  1.1741184e-01  1.6680176e-01  2.0876698e-01
  2.2917139e-01  2.2133601e-01  1.8852468e-01  1.4225810e-01  9.7160890e-02
  6.4859666e-02  4.9784392e-02  4.8511278e-02  5.2597564e-02  5.3081737e-02
  4.4223973e-02  2.4907867e-02 -2.5041879e-03 -3.4507019e-02 -6.8285619e-02
 -1.0195182e-01 -1.3328794e-01 -1.5835036e-01 -1.7130845e-01 -1.6602363e-01
 -1.3905911e-01 -9.2112743e-02 -3.2725956e-02  2.7563250e-02  7.6846178e-02
  1.0677409e-01  1.1495855e-01  1.0469258e-01  8.2897254e-02  5.6852446e-02
  3.1680878e-02  9.5188535e-03 -9.8441570e-03 -2.7431400e-02 -4.3853278e-02
 -5.9019334e-02 -7.2678836e-02 -8.5159247e-02 -9.7447287e-02 -1.1034378e-01
 -1.2321542e-01 -1.3297453e-01 -1.3444434e-01 -1.2198338e-01 -9.2111662e-02
 -4.5551125e-02  1.2090264e-02  7.1619708e-02  1.2303170e-01  1.5852327e-01
  1.7439938e-01  1.7134088e-01  1.5304391e-01  1.2425294e-01  8.9335235e-02
  5.1875628e-02  1.5301149e-02 -1.6350550e-02 -3.8380400e-02 -4.6479482e-02
 -3.8533865e-02 -1.6185196e-02  1.4985572e-02  4.6737780e-02  7.0808071e-02
  8.1602525e-02  7.7586486e-02  6.1107329e-02  3.6495585e-02  7.8636968e-03
 -2.2539960e-02 -5.4386192e-02 -8.8192891e-02 -1.2355045e-01 -1.5828551e-01
 -1.8852468e-01 -2.1017195e-01 -2.2062272e-01 -2.1999589e-01 -2.1101493e-01
 -1.9790552e-01 -1.8428817e-01 -1.7198932e-01 -1.6027408e-01 -1.4638654e-01
 -1.2668461e-01 -9.8015757e-02 -5.8484367e-02 -8.2072647e-03  5.0727880e-02
  1.1434253e-01  1.7714446e-01  2.3299722e-01  2.7647548e-01  3.0448832e-01
  3.1768419e-01  3.2072107e-01  3.2106691e-01  3.2651385e-01  3.4235753e-01
  3.6936528e-01  4.0375450e-01  4.3918123e-01  4.6972301e-01  4.9262393e-01
  5.0906202e-01  5.2303602e-01  5.3830691e-01  5.5595543e-01  5.7324731e-01
  5.8514628e-01  5.8718888e-01  5.7856456e-01  5.6361789e-01  5.5033557e-01
  5.4714738e-01  5.5904635e-01  5.8522193e-01  6.1944904e-01  6.5288720e-01
  6.7788477e-01  6.9088610e-01  6.9311243e-01  6.8883269e-01  6.8258600e-01
  6.7662030e-01  6.7038442e-01  6.6171687e-01  6.4893169e-01  6.3281782e-01
  6.1649861e-01  6.0439430e-01  5.9985518e-01  6.0369182e-01  6.1401290e-01
  6.2745734e-01  6.4105308e-01  6.5348161e-01  6.6511040e-01  6.7659869e-01
  6.8766549e-01  6.9628981e-01  6.9924024e-01  6.9394460e-01  6.7991657e-01
  6.5943650e-01  6.3653557e-01  6.1486669e-01  5.9569432e-01  5.7723525e-01
  5.5578251e-01  5.2798582e-01  4.9319673e-01  4.5425758e-01  4.1622626e-01
  3.8373915e-01  3.5807152e-01  3.3582985e-01  3.0980557e-01  2.7201202e-01
  2.1708870e-01  1.4495996e-01  6.0960348e-02 -2.6372272e-02 -1.0852814e-01
 -1.8011650e-01 -2.4021658e-01 -2.9161668e-01 -3.3867220e-01 -3.8496039e-01
 -4.3178895e-01 -4.7832571e-01 -5.2264695e-01 -5.6327206e-01 -5.9993083e-01
 -6.3340142e-01 -6.6463487e-01 -6.9365280e-01 -7.1929881e-01 -7.3937901e-01
 -7.5180754e-01 -7.5543884e-01 -7.5049984e-01 -7.3831988e-01 -7.2073620e-01
 -6.9935912e-01 -6.7529099e-01 -6.4921268e-01 -6.2183748e-01 -5.9426774e-01
 -5.6795167e-01 -5.4448875e-01 -5.2528397e-01 -5.1125593e-01 -5.0283695e-01
 -5.0028640e-01 -5.0376639e-01 -5.1343903e-01 -5.2919625e-01 -5.5040042e-01
 -5.7585190e-01 -6.0395119e-01 -6.3326092e-01 -6.6289488e-01 -6.9269094e-01
 -7.2297334e-01 -7.5388257e-01 -7.8485664e-01 -8.1443656e-01 -8.4060132e-01
 -8.6150288e-01 -8.7610371e-01 -8.8477126e-01 -8.8882404e-01 -8.8999125e-01
 -8.8952653e-01 -8.8761361e-01 -8.8340953e-01 -8.7569303e-01 -8.6364275e-01
 -8.4788553e-01 -8.3075576e-01 -8.1609009e-01 -8.0823309e-01 -8.1099979e-01
 -8.2643279e-01 -8.5363508e-01 -8.8915907e-01 -9.2736331e-01 -9.6183899e-01
 -9.8718240e-01 -1.0000000e+00 -9.9972981e-01 -9.8774438e-01 -9.6657264e-01
 -9.3820316e-01 -9.0334922e-01 -8.6167580e-01 -8.1263172e-01 -7.5663846e-01
 -6.9591155e-01 -6.3408229e-01 -5.7483600e-01 -5.2040982e-01 -4.7032822e-01
 -4.2159755e-01 -3.7016503e-01 -3.1273439e-01 -2.4843022e-01 -1.7914384e-01
 -1.0829037e-01 -3.9361714e-02  2.5554151e-02  8.5726637e-02  1.4062618e-01
  1.8833015e-01  2.2475116e-01  2.4456116e-01  2.4368576e-01  2.2227626e-01
  1.8644965e-01  1.4774827e-01  1.1976786e-01  1.1398589e-01  1.3566558e-01
  1.8260221e-01  2.4626874e-01  3.1525252e-01  3.7870289e-01  4.2840623e-01
  4.5883993e-01  4.6613494e-01  4.4678966e-01  3.9828594e-01  3.2112095e-01
  2.2124955e-01  1.1121919e-01  8.0778999e-03 -7.1108517e-02 -1.1516389e-01
 -1.2308574e-01 -1.0462666e-01 -7.6343633e-02 -5.4991408e-02 -5.1009954e-02
 -6.5071491e-02 -8.9243372e-02 -1.1179198e-01 -1.2345319e-01 -1.2154027e-01
 -1.1065720e-01 -9.9115953e-02 -9.4073209e-02 -9.6969599e-02 -1.0249435e-01
 -1.0064520e-01 -8.1325855e-02 -3.8721914e-02  2.6426310e-02  1.0724746e-01
  1.9358255e-01  2.7530828e-01  3.4474597e-01  3.9746458e-01  4.3152957e-01
  4.4648705e-01  4.4288818e-01  4.2240811e-01  3.8859168e-01  3.4702634e-01
  3.0466124e-01  2.6803489e-01  2.4157832e-01  2.2642631e-01  2.2088210e-01
  2.2185477e-01  2.2697749e-01  2.3579634e-01  2.4985680e-01  2.7125550e-01
  3.0088945e-01  3.3694301e-01  3.7504998e-01  4.0936355e-01  4.3495553e-01
  4.4939424e-01  4.5368479e-01  4.5165300e-01  4.4815139e-01  4.4725437e-01
  4.5082082e-01  4.5809422e-01  4.6638351e-01  4.7233840e-01  4.7315977e-01
  4.6770202e-01  4.5665683e-01  4.4253153e-01  4.2890337e-01  4.1952253e-01
  4.1714490e-01  4.2251618e-01  4.3365864e-01  4.4574134e-01  4.5203126e-01
  4.4561165e-01  4.2170563e-01  3.7957829e-01  3.2329324e-01  2.6095602e-01
  2.0219607e-01  1.5500005e-01  1.2283716e-01  1.0351133e-01  9.0229009e-02
  7.4723600e-02  5.1094252e-02  1.8883809e-02 -1.6192761e-02 -4.4017551e-02
 -5.4124653e-02 -4.0316009e-02 -3.5833090e-03  4.7443504e-02  9.9182959e-02
  1.3777302e-01  1.5369236e-01  1.4475462e-01  1.1616898e-01  7.7885852e-02
  4.0395984e-02  1.0936031e-02 -8.6279977e-03 -2.1504609e-02 -3.3724562e-02
 -5.1285543e-02 -7.7833976e-02 -1.1374812e-01 -1.5656713e-01 -2.0210961e-01
 -2.4578240e-01 -2.8319770e-01 -3.1032433e-01 -3.2349858e-01 -3.1994294e-01
 -2.9865231e-01 -2.6162608e-01 -2.1431119e-01 -1.6498611e-01 -1.2269667e-01
 -9.4523879e-02 -8.3152309e-02 -8.5873618e-02 -9.5685677e-02 -1.0426785e-01
 -1.0535292e-01 -9.7487274e-02 -8.4391920e-02 -7.3214884e-02 -7.1062045e-02
 -8.1386376e-02 -1.0205449e-01 -1.2569032e-01 -1.4242021e-01 -1.4366307e-01
 -1.2546337e-01 -8.9694042e-02 -4.3039480e-02  6.0598299e-03  5.0780836e-02
  8.8181003e-02  1.1941121e-01  1.4806169e-01  1.7771726e-01  2.0959915e-01
  2.4205384e-01  2.7128792e-01  2.9358363e-01  3.0711453e-01  3.1300457e-01
  3.1478780e-01  3.1702493e-01  3.2346616e-01  3.3579743e-01  3.5338110e-01
  3.7388278e-01  3.9442769e-01  4.1257336e-01  4.2718499e-01  4.3845713e-01
  4.4775152e-01  4.5701348e-01  4.6789655e-01  4.8099515e-01  4.9526095e-01
  5.0798128e-01  5.1531952e-01  5.1387133e-01  5.0211285e-01  4.8135179e-01
  4.5544640e-01  4.2888176e-01  4.0454344e-01  3.8139394e-01  3.5415924e-01
  3.1514444e-01  2.5745442e-01  1.7874396e-01  8.3366296e-02 -1.8195377e-02
 -1.1231074e-01 -1.8657934e-01 -2.3362405e-01 -2.5274238e-01 -2.4913270e-01
 -2.3148418e-01 -2.0910201e-01 -1.9007014e-01 -1.8052719e-01 -1.8473127e-01
 -2.0491954e-01 -2.4047596e-01 -2.8719645e-01 -3.3696463e-01 -3.7942699e-01
 -4.0524592e-01 -4.0955808e-01 -3.9427639e-01 -3.6708491e-01 -3.3793730e-01
 -3.1431227e-01 -2.9770126e-01 -2.8369484e-01 -2.6552756e-01 -2.3912503e-01
 -2.0668115e-01 -1.7629068e-01 -1.5746415e-01 -1.5474068e-01 -1.6315966e-01
 -1.6859579e-01 -1.5337894e-01 -1.0471852e-01 -2.1519740e-02  8.4244939e-02
  1.9259908e-01  2.8498092e-01  3.5288396e-01  4.0136606e-01  4.4549276e-01
  5.0125906e-01  5.7598158e-01  6.6329475e-01  7.4510694e-01  7.9983573e-01
  8.1236153e-01  7.8054448e-01  7.1492181e-01  6.3230987e-01  5.4654217e-01
  4.6194166e-01  3.7255347e-01  2.6779712e-01  1.4093960e-01 -4.0728853e-03
 -1.5145522e-01 -2.7884231e-01 -3.6632839e-01 -4.0497574e-01 -4.0055550e-01
 -3.7100801e-01 -3.3920176e-01 -3.2411460e-01 -3.3490041e-01 -3.6953820e-01
 -4.1802030e-01 -4.6803705e-01 -5.0976451e-01 -5.3864194e-01 -5.5491792e-01
 -5.6164013e-01 -5.6242908e-01 -5.6026759e-01 -5.5725232e-01 -5.5512326e-01
 -5.5516649e-01 -5.5779269e-01 -5.6192113e-01 -5.6483913e-01 -5.6330448e-01
 -5.5540425e-01 -5.4227323e-01 -5.2859104e-01 -5.2105826e-01 -5.2529477e-01
 -5.4233808e-01 -5.6679527e-01 -5.8728615e-01 -5.8982589e-01 -5.6236423e-01
 -4.9907597e-01 -4.0242519e-01 -2.8211696e-01 -1.5198478e-01 -2.5807044e-02
  8.5913605e-02  1.7727415e-01  2.4644166e-01  2.9397270e-01  3.2141275e-01
  3.3084763e-01  3.2532503e-01  3.0979477e-01  2.9104389e-01  2.7684294e-01
  2.7379524e-01  2.8533757e-01  3.1049725e-01  3.4425964e-01  3.7943780e-01
  4.0902852e-01  4.2810362e-01  4.3470696e-01  4.2932486e-01  4.1377298e-01
  3.8992100e-01  3.5905500e-01  3.2171535e-01  2.7790206e-01  2.2717202e-01
  1.6882275e-01  1.0206854e-01  2.6911563e-02 -5.4764452e-02 -1.3799998e-01
 -2.1453814e-01 -2.7424915e-01 -3.0782782e-01 -3.1008657e-01 -2.8231149e-01
 -2.3213263e-01 -1.7103827e-01 -1.1025732e-01 -5.6909726e-02 -1.2471766e-02
  2.5950783e-02  6.2209686e-02  9.7405138e-02  1.2804634e-01  1.4713225e-01
  1.4754293e-01  1.2603616e-01  8.5223011e-02  3.2868614e-02 -2.1310076e-02
 -6.9619255e-02 -1.0869025e-01 -1.3906991e-01 -1.6256525e-01 -1.7910061e-01
 -1.8527164e-01 -1.7582596e-01 -1.4719709e-01 -1.0133039e-01 -4.6958251e-02
  2.4584725e-03  3.3906127e-02  4.0465151e-02  2.4675507e-02 -2.2422160e-03
 -2.5162922e-02 -3.1617115e-02 -1.7157864e-02  1.3020783e-02  4.6758314e-02
  7.0608134e-02  7.5687622e-02  6.1283490e-02  3.4650758e-02  7.5785970e-03
 -8.5819581e-03 -7.1795869e-03  1.1766041e-02  4.2267830e-02  7.4965686e-02
  1.0032314e-01  1.1130564e-01  1.0465908e-01  8.1038377e-02  4.4223973e-02
 -9.1153044e-06 -4.5038853e-02 -8.4471895e-02 -1.1300241e-01 -1.2710610e-01
 -1.2527964e-01 -1.0811746e-01 -7.7772374e-02 -3.7368825e-02  9.5908310e-03
  5.9714252e-02  1.0994391e-01  1.5761545e-01  2.0053173e-01  2.3692032e-01
  2.6539788e-01  2.8493770e-01  2.9457792e-01  2.9341071e-01  2.8062553e-01
  2.5596300e-01  2.2042819e-01  1.7683105e-01  1.3000249e-01  8.6142723e-02
  5.1542760e-02  3.0796831e-02  2.5318549e-02  3.2715149e-02  4.7212225e-02
  6.1510445e-02  6.9167504e-02  6.6997374e-02  5.6520658e-02  4.3795999e-02
  3.7537421e-02  4.5880751e-02  7.2982524e-02  1.1651482e-01  1.6734213e-01
  2.1168499e-01  2.3542889e-01  2.2913897e-01  1.9173448e-01  1.3152633e-01
  6.3459024e-02  4.1265981e-03 -3.4534038e-02 -4.9481784e-02 -4.7632634e-02
 -4.2986523e-02 -5.1041295e-02 -8.2745950e-02 -1.4045326e-01 -2.1720758e-01
 -2.9949529e-01 -3.7200229e-01 -4.2251618e-01 -4.4494159e-01 -4.3986210e-01
 -4.1304888e-01 -3.7281285e-01 -3.2752975e-01 -2.8415956e-01 -2.4770612e-01
 -2.2123875e-01 -2.0603270e-01 -2.0168812e-01 -2.0621643e-01 -2.1648348e-01
 -2.2911736e-01 -2.4147024e-01 -2.5249381e-01 -2.6270683e-01 -2.7344941e-01
 -2.8581310e-01 -2.9963579e-01 -3.1339364e-01 -3.2497920e-01 -3.3284700e-01
 -3.3713755e-01 -3.3960164e-01 -3.4294113e-01 -3.4925267e-01 -3.5895773e-01
 -3.7020826e-01 -3.7963233e-01 -3.8353381e-01 -3.7932972e-01 -3.6612305e-01
 -3.4472436e-01 -3.1707897e-01 -2.8569421e-01 -2.5313145e-01 -2.2206011e-01
 -1.9517124e-01 -1.7482087e-01 -1.6244637e-01 -1.5756141e-01 -1.5752899e-01
 -1.5790725e-01 -1.5369236e-01 -1.4108009e-01 -1.1862227e-01 -8.7669812e-02
 -5.1483319e-02 -1.4080991e-02  2.1064747e-02  5.1378487e-02  7.4842482e-02
  8.9415210e-02  9.2860617e-02  8.3492743e-02  6.1428309e-02  2.9642599e-02
 -6.1364545e-03 -3.9142323e-02 -6.4131245e-02 -7.9690692e-02 -8.8838094e-02
 -9.7206281e-02 -1.0960888e-01 -1.2677107e-01 -1.4354419e-01 -1.5076354e-01
 -1.3941575e-01 -1.0537885e-01 -5.2835327e-02  6.1945985e-03  5.5783592e-02
  8.2047790e-02  7.8471614e-02  4.8120049e-02  1.8810319e-03 -4.6342228e-02
 -8.5174378e-02 -1.0955484e-01 -1.2141058e-01 -1.2718175e-01 -1.3399042e-01
 -1.4644058e-01 -1.6518065e-01 -1.8778977e-01 -2.1078797e-01 -2.3154903e-01
 -2.4903544e-01 -2.6337689e-01 -2.7467064e-01 -2.8224665e-01 -2.8477558e-01
 -2.8094976e-01 -2.7060705e-01 -2.5503356e-01 -2.3674740e-01 -2.1853689e-01
 -2.0254191e-01 -1.8999449e-01 -1.8137017e-01 -1.7665813e-01 -1.7577192e-01
 -1.7817117e-01 -1.8264544e-01 -1.8736828e-01 -1.9054567e-01 -1.9197225e-01
 -1.9398243e-01 -2.0159085e-01 -2.2073080e-01 -2.5527132e-01 -3.0381826e-01
 -3.5832009e-01 -4.0529996e-01 -4.2991927e-01 -4.2140302e-01 -3.7754650e-01
 -3.0616347e-01 -2.2279502e-01 -1.4556517e-01 -8.9065050e-02 -6.0040636e-02
 -5.6445006e-02 -6.9924024e-02 -9.0301419e-02 -1.0990068e-01 -1.2578759e-01
 -1.3927525e-01 -1.5320602e-01 -1.6910374e-01 -1.8517438e-01 -1.9674913e-01
 -1.9818651e-01 -1.8559587e-01 -1.5865296e-01 -1.2079456e-01 -7.7729144e-02
 -3.5201937e-02  2.9788499e-03  3.5701240e-02  6.4062078e-02  9.0072302e-02
  1.1539085e-01  1.4065860e-01  1.6572102e-01  1.9027548e-01  2.1443007e-01
  2.3884404e-01  2.6437117e-01  2.9159507e-01  3.2029958e-01  3.4967416e-01
  3.7870289e-01  4.0653201e-01  4.3272920e-01  4.5687298e-01  4.7820683e-01
  4.9514206e-01  5.0565769e-01  5.0781917e-01  5.0083758e-01  4.8552346e-01
  4.6424364e-01  4.4019713e-01  4.1626949e-01  3.9425477e-01  3.7462849e-01
  3.5717451e-01  3.4180635e-01  3.2918328e-01  3.2071026e-01  3.1784630e-01
  3.2127225e-01  3.3028564e-01  3.4300598e-01  3.5712047e-01  3.7100801e-01
  3.8421468e-01  3.9746458e-01  4.1168715e-01  4.2708772e-01  4.4272606e-01
  4.5659199e-01  4.6676177e-01  4.7237082e-01  4.7408920e-01  4.7387306e-01
  4.7405678e-01  4.7619665e-01  4.8056285e-01  4.8645290e-01  4.9276443e-01
  4.9900031e-01  5.0541992e-01  5.1262847e-01  5.2093938e-01  5.2959613e-01
  5.3685871e-01  5.4063051e-01  5.3926877e-01  5.3223314e-01  5.2017205e-01
  5.0423111e-01  4.8567476e-01  4.6536761e-01  4.4413103e-01  4.2305656e-01
  4.0357077e-01  3.8683007e-01  3.7283446e-01  3.5967102e-01  3.4396784e-01
  3.2245026e-01  2.9434015e-01  2.6311751e-01  2.3613138e-01  2.2199527e-01
  2.2626420e-01  2.4748998e-01  2.7598915e-01  2.9615580e-01  2.9224351e-01
  2.5465530e-01  1.8440705e-01  9.3035697e-02 -1.6889840e-03 -8.2824844e-02
 -1.4030196e-01 -1.7366447e-01 -1.9000530e-01 -1.9883496e-01 -2.0628127e-01
 -2.1207405e-01 -2.1025841e-01 -1.9336640e-01 -1.5741011e-01 -1.0502221e-01
 -4.5087486e-02  1.0821472e-02  5.3378941e-02  7.9081153e-02  9.0941218e-02
  9.6192545e-02  1.0229117e-01  1.1361843e-01  1.3019702e-01  1.4886144e-01
  1.6571021e-01  1.7838732e-01  1.8693599e-01  1.9285846e-01  1.9727869e-01
  1.9968875e-01  1.9789471e-01  1.8928120e-01  1.7278907e-01  1.5019075e-01
  1.2597132e-01  1.0569227e-01  9.3847334e-02  9.1958197e-02  9.8096813e-02
  1.0782998e-01  1.1598526e-01  1.1851420e-01  1.1346713e-01  1.0099320e-01
  8.2654087e-02  6.0531293e-02  3.6714976e-02  1.3229366e-02 -7.8093355e-03
 -2.4184850e-02 -3.3961245e-02 -3.6203785e-02 -3.1604146e-02 -2.2551849e-02
 -1.2571194e-02 -5.0971047e-03 -2.2389737e-03 -4.0196047e-03 -8.5512650e-03
 -1.3021863e-02 -1.5115261e-02 -1.4176096e-02 -1.1470998e-02 -9.5294448e-03
 -1.0729285e-02 -1.5818824e-02 -2.3162468e-02 -2.8985507e-02 -2.8878514e-02
 -1.9650056e-02 -1.0690919e-03  2.3632591e-02  4.8577203e-02  6.7238379e-02
  7.4784122e-02  6.9850533e-02  5.5084352e-02  3.5833090e-02  1.8225637e-02
  6.4726734e-03  1.5588626e-03  9.3219423e-04 -1.3768656e-04 -6.3277459e-03
 -2.0205557e-02 -4.1213025e-02 -6.5981476e-02 -8.9792389e-02 -1.0866863e-01
 -1.2082698e-01 -1.2724659e-01 -1.3074820e-01 -1.3461726e-01 -1.4099363e-01
 -1.5006106e-01 -1.6045780e-01 -1.7034659e-01 -1.7889527e-01 -1.8715214e-01
 -1.9784068e-01 -2.1424634e-01 -2.3843336e-01 -2.6982892e-01 -3.0490981e-01
 -3.3799133e-01 -3.6329151e-01 -3.7700613e-01 -3.7874612e-01 -3.7164565e-01
 -3.6103276e-01 -3.5226794e-01 -3.4865826e-01 -3.5006322e-01 -3.5301365e-01
 -3.5199775e-01 -3.4128760e-01 -3.1680878e-01 -2.7738331e-01 -2.2503215e-01
 -1.6452139e-01 -1.0231171e-01 -4.5250678e-02  8.4072021e-04  3.2647062e-02
  5.0307471e-02  5.7956965e-02  6.3023485e-02  7.4357229e-02  9.9400188e-02
  1.4126382e-01  1.9670590e-01  2.5607107e-01  3.0572037e-01  3.3203644e-01
  3.2600590e-01  2.8647235e-01  2.2071999e-01  1.4220407e-01  6.6083066e-02
  4.3827341e-03 -3.7442315e-02 -6.1217564e-02 -7.3981130e-02 -8.4224405e-02
 -9.8107620e-02 -1.1730376e-01 -1.3924283e-01 -1.5952836e-01 -1.7496136e-01
 -1.8593090e-01 -1.9667348e-01 -2.1354386e-01 -2.4179446e-01 -2.8244118e-01
 -3.3066390e-01 -3.7669271e-01 -4.0857461e-01 -4.1632353e-01 -3.9540036e-01
 -3.4829081e-01 -2.8371646e-01 -2.1351144e-01 -1.4858045e-01 -9.5414411e-02
 -5.4550465e-02 -2.1288461e-02  1.1573669e-02  5.0290179e-02  9.7354343e-02
  1.5043932e-01  2.0329843e-01  2.4812761e-01  2.7830194e-01  2.9040625e-01
  2.8482962e-01  2.6498719e-01  2.3589361e-01  2.0253110e-01  1.6895244e-01
  1.3814047e-01  1.1212701e-01  9.2177588e-02  7.8452161e-02  6.9411752e-02
  6.1266198e-02  4.8197862e-02  2.3674740e-02 -1.7500459e-02 -7.7008289e-02
 -1.5153087e-01 -2.3293238e-01 -3.1016222e-01 -3.7233732e-01 -4.1180603e-01
 -4.2625555e-01 -4.1904700e-01 -3.9752942e-01 -3.7031633e-01 -3.4434610e-01
 -3.2314193e-01 -3.0644447e-01 -2.9143296e-01 -2.7470307e-01 -2.5428784e-01
 -2.3054394e-01 -2.0598947e-01 -1.8395314e-01 -1.6687741e-01 -1.5489198e-01
 -1.4553275e-01 -1.3457403e-01 -1.1761718e-01 -9.2135439e-02 -5.8591361e-02
 -2.0588140e-02  1.6468350e-02  4.7281393e-02  6.8731965e-02  8.1165905e-02
  8.8066444e-02  9.4561705e-02  1.0515514e-01  1.2175642e-01  1.4278767e-01
  1.6377568e-01  1.7916545e-01  1.8438544e-01  1.7740384e-01  1.5893396e-01
  1.3155875e-01  9.8268651e-02  6.1361303e-02  2.2315166e-02 -1.7331864e-02
 -5.4647732e-02 -8.4772342e-02 -1.0147089e-01 -9.9299679e-02 -7.6159907e-02
 -3.5121962e-02  1.5360590e-02  6.3746501e-02  9.9052189e-02  1.1446141e-01
  1.0947919e-01  8.9517881e-02  6.3293670e-02  3.9093690e-02  2.1788845e-02
  1.1632029e-02  5.5143793e-03 -5.5564201e-04 -8.8647883e-03 -1.8690357e-02
 -2.6828346e-02 -2.9448065e-02 -2.4182689e-02 -1.1330502e-02  6.3416875e-03
  2.4957581e-02  4.1197895e-02  5.3399475e-02  6.1700656e-02  6.7303224e-02
  7.1632677e-02  7.5722206e-02  8.0265646e-02  8.5805531e-02  9.2819548e-02
  1.0146116e-01  1.1089496e-01  1.1908699e-01  1.2321542e-01  1.2092425e-01
  1.1168390e-01  9.7374877e-02  8.1654400e-02  6.8067309e-02  5.7872667e-02
  4.9053810e-02  3.7186179e-02  1.8234283e-02 -8.0315361e-03 -3.6101114e-02
 -5.5396686e-02 -5.4150591e-02 -2.4554464e-02  3.2594106e-02  1.0656875e-01
  1.7925191e-01  2.3085735e-01  2.4640923e-01  2.2044980e-01  1.5795048e-01
  7.1671584e-02 -2.2683699e-02 -1.1134887e-01 -1.8525003e-01 -2.4042192e-01
 -2.7637822e-01 -2.9419966e-01 -2.9542090e-01 -2.8187919e-01 -2.5660063e-01
 -2.2395141e-01 -1.8921635e-01 -1.5689135e-01 -1.2926758e-01 -1.0557231e-01
 -8.2653006e-02 -5.6910806e-02 -2.6415502e-02  7.8507279e-03  4.2233246e-02
  7.2022825e-02  9.3340466e-02  1.0452939e-01  1.0633423e-01  1.0090242e-01
  9.0539182e-02  7.6855905e-02  6.0796075e-02  4.3302100e-02  2.5944299e-02
  1.0912255e-02  2.0671357e-04 -5.5626885e-03 -7.9523177e-03 -1.0440511e-02
 -1.7031417e-02 -3.0377503e-02 -5.0310713e-02 -7.3623405e-02 -9.5263107e-02
 -1.1040863e-01 -1.1639594e-01 -1.1371570e-01 -1.0548477e-01 -9.5953701e-02
 -8.8761361e-02 -8.5700699e-02 -8.6604200e-02 -9.0042041e-02 -9.4280712e-02
 -9.8119508e-02 -1.0089594e-01 -1.0211069e-01 -1.0102671e-01 -9.6570805e-02
 -8.7776805e-02 -7.4509613e-02 -5.7987226e-02 -4.0766679e-02 -2.6003739e-02
 -1.6346227e-02 -1.2945131e-02 -1.4994218e-02 -1.9929968e-02 -2.4301570e-02
 -2.4913270e-02 -1.9578727e-02 -7.5657361e-03  1.0461801e-02  3.2959397e-02
  5.8132045e-02  8.4237374e-02  1.0982503e-01  1.3361216e-01  1.5415708e-01
  1.6959007e-01  1.7758757e-01  1.7567465e-01  1.6198165e-01  1.3606545e-01
  9.9794659e-02  5.7551686e-02  1.5628614e-02 -1.9003772e-02 -4.0437052e-02
 -4.5332815e-02 -3.3718078e-02 -8.6811702e-03  2.4669023e-02  6.0871727e-02
  9.5271753e-02  1.2468523e-01  1.4731598e-01  1.6232749e-01  1.6939554e-01
  1.6892001e-01  1.6234910e-01  1.5260081e-01  1.4370630e-01  1.3989128e-01
  1.4382518e-01  1.5515136e-01  1.6990349e-01  1.8135936e-01  1.8229960e-01
  1.6769878e-01  1.3678955e-01  9.3667931e-02  4.5930465e-02  2.0802127e-03
 -3.1330718e-02 -5.1554648e-02 -5.9891493e-02 -6.0352970e-02 -5.7565736e-02
 -5.4805520e-02 -5.3094705e-02 -5.1478996e-02 -4.8148148e-02 -4.1632353e-02
 -3.1522009e-02 -1.8401798e-02 -3.2431994e-03  1.3280161e-02  3.1095116e-02
  5.0519297e-02  7.1686714e-02  9.4045110e-02  1.1614737e-01  1.3610868e-01
  1.5211447e-01  1.6318127e-01  1.6946039e-01  1.7206497e-01  1.7267019e-01
  1.7271342e-01  1.7289715e-01  1.7269180e-01  1.7034659e-01  1.6312724e-01
  1.4795361e-01  1.2219953e-01  8.4737758e-02  3.6738752e-02 -1.8036507e-02
 -7.3709864e-02 -1.2359368e-01 -1.6193842e-01 -1.8567152e-01 -1.9511721e-01
 -1.9374466e-01 -1.8665499e-01 -1.7845216e-01 -1.7174075e-01 -1.6636946e-01
 -1.6028488e-01 -1.5104454e-01 -1.3755687e-01 -1.2069729e-01 -1.0293205e-01
 -8.6705790e-02 -7.2852835e-02 -5.9745593e-02 -4.3818695e-02 -2.1359790e-02
  9.3233473e-03  4.6470836e-02  8.4978763e-02  1.1809271e-01  1.3984805e-01
  1.4742405e-01  1.4204195e-01  1.2831653e-01  1.1222428e-01  9.8984102e-02
  9.1454571e-02  8.9766452e-02  9.2264047e-02  9.6825860e-02  1.0204693e-01
  1.0756628e-01  1.1378054e-01  1.2106475e-01  1.2923516e-01  1.3757849e-01
  1.4527337e-01  1.5188752e-01  1.5763707e-01  1.6307320e-01  1.6856337e-01
  1.7394547e-01  1.7849539e-01  1.8156470e-01  1.8340196e-01  1.8553102e-01
  1.9044840e-01  2.0068303e-01  2.1742373e-01  2.3962217e-01  2.6399291e-01
  2.8596440e-01  3.0124610e-01  3.0740633e-01  3.0447752e-01  2.9464276e-01
  2.8103622e-01  2.6642458e-01  2.5237493e-01  2.3918988e-01  2.2650196e-01
  2.1398697e-01  2.0166650e-01  1.8968107e-01  1.7751192e-01  1.6321370e-01
  1.4361984e-01  1.1502340e-01  7.4815463e-02  2.2846891e-02 -3.7777345e-02
 -1.0119854e-01 -1.6032811e-01 -2.0897232e-01 -2.4341558e-01 -2.6334446e-01
 -2.7125550e-01 -2.7136357e-01 -2.6793762e-01 -2.6426310e-01 -2.6209080e-01
 -2.6199354e-01 -2.6399291e-01 -2.6798085e-01 -2.7401139e-01 -2.8206292e-01
 -2.9194091e-01 -3.0296448e-01 -3.1431227e-01 -3.2543311e-01 -3.3604600e-01
 -3.4639951e-01 -3.5683948e-01 -3.6727945e-01 -3.7693048e-01 -3.8438760e-01
 -3.8814858e-01 -3.8735964e-01 -3.8220450e-01 -3.7383955e-01 -3.6361573e-01
 -3.5194371e-01 -3.3747258e-01 -3.1703574e-01 -2.8664527e-01 -2.4327508e-01
 -1.8659015e-01 -1.2010289e-01 -5.0793805e-02  1.2733305e-02  6.2808417e-02
  9.5164759e-02  1.1024652e-01  1.1251608e-01  1.0853894e-01  1.0401388e-01
  1.0145468e-01  9.9546088e-02  9.4195333e-02  8.1196166e-02  5.9111198e-02
  3.0904905e-02  3.6988404e-03 -1.3556831e-02 -1.3609787e-02  5.9073372e-03
  4.1144938e-02  8.3057204e-02  1.2039469e-01  1.4376033e-01  1.4863448e-01
  1.3657340e-01  1.1398589e-01  8.9219596e-02  6.9341504e-02  5.7840245e-02
  5.4175448e-02  5.4937371e-02  5.5835468e-02  5.3420009e-02  4.5925061e-02
  3.2808093e-02  1.4030196e-02 -1.0567390e-02 -4.1152504e-02 -7.7119606e-02
 -1.1619060e-01 -1.5420030e-01 -1.8584444e-01 -2.0645419e-01 -2.1352225e-01
 -2.0793481e-01 -1.9351771e-01 -1.7583676e-01 -1.6004712e-01 -1.4954231e-01
 -1.4543549e-01 -1.4703498e-01 -1.5301149e-01 -1.6213295e-01 -1.7357801e-01
 -1.8646046e-01 -1.9932129e-01 -2.1011791e-01 -2.1677528e-01 -2.1827751e-01
 -2.1533789e-01 -2.1006387e-01 -2.0475743e-01 -2.0002378e-01 -1.9349609e-01
 -1.8018135e-01 -1.5430838e-01 -1.1205136e-01 -5.4105199e-02  1.3770818e-02
  8.2281231e-02  1.4186904e-01  1.8625512e-01  2.1438684e-01  2.3019810e-01
  2.3996801e-01  2.4894898e-01  2.5875131e-01  2.6669477e-01  2.6763501e-01
  2.5691405e-01  2.3307287e-01  1.9920241e-01  1.6181954e-01  1.2850025e-01
  1.0519621e-01  9.4483892e-02  9.5423057e-02  1.0481038e-01  1.1880600e-01
  1.3423900e-01  1.4889386e-01  1.6119271e-01  1.6950362e-01  1.7211901e-01
  1.6764474e-01  1.5581061e-01  1.3792433e-01  1.1662290e-01  9.4783257e-02
  7.4282657e-02  5.5190265e-02  3.5959537e-02  1.4538145e-02 -1.0172270e-02
 -3.7342887e-02 -6.4298760e-02 -8.7671973e-02 -1.0499519e-01 -1.1588799e-01
 -1.2219953e-01 -1.2685753e-01 -1.3222881e-01 -1.3860519e-01 -1.4377114e-01
 -1.4391164e-01 -1.3531974e-01 -1.1629867e-01 -8.8124804e-02 -5.4813086e-02
 -2.1678609e-02  6.5354646e-03  2.7169860e-02  4.0156059e-02  4.7433778e-02
  5.1607604e-02  5.4576403e-02  5.6725999e-02  5.6979974e-02  5.3562667e-02
  4.5069113e-02  3.1306942e-02  1.3534135e-02 -5.9646165e-03 -2.4723060e-02
 -4.0975262e-02 -5.4114926e-02 -6.4632710e-02 -7.3517492e-02 -8.1543084e-02
 -8.8731101e-02 -9.4433097e-02 -9.7808255e-02 -9.8685817e-02 -9.8114105e-02
 -9.8324850e-02 -1.0196479e-01 -1.1086254e-01 -1.2492300e-01 -1.4175015e-01
 -1.5719396e-01 -1.6698549e-01 -1.6834722e-01 -1.6116028e-01 -1.4798604e-01
 -1.3298533e-01 -1.2005966e-01 -1.1140291e-01 -1.0683786e-01 -1.0436836e-01
 -1.0164813e-01 -9.7388927e-02 -9.2019799e-02 -8.7258049e-02 -8.4820975e-02
 -8.5130067e-02 -8.6611765e-02 -8.6183791e-02 -8.0654714e-02 -6.8440165e-02
 -5.0256676e-02 -2.9141134e-02 -8.9463844e-03  7.2615072e-03  1.8425575e-02
  2.5627641e-02  3.1151315e-02  3.7039199e-02  4.3985129e-02  5.1118028e-02
  5.6788682e-02  5.9758562e-02  6.0090350e-02  5.9116601e-02  5.8580553e-02
  5.9268986e-02  6.0158437e-02  5.8572988e-02  5.1370922e-02  3.6692280e-02
  1.5215770e-02 -9.5839142e-03 -3.2542230e-02 -4.8747960e-02 -5.5411817e-02
 -5.2822358e-02 -4.3935415e-02 -3.2899956e-02 -2.3234878e-02 -1.6548325e-02
 -1.2296685e-02 -8.6255120e-03 -3.7269397e-03  3.0232684e-03  1.0678274e-02
  1.7198932e-02  2.0499519e-02  1.9424181e-02  1.4260394e-02  6.4995839e-03
 -1.8637400e-03 -9.1604794e-03 -1.4501400e-02 -1.7742546e-02 -1.9045921e-02
 -1.8362892e-02 -1.5148764e-02 -8.5407818e-03  2.1244150e-03  1.6692064e-02
  3.3889916e-02  5.1470350e-02  6.6869846e-02  7.8064174e-02  8.4318430e-02
  8.6426958e-02  8.6332933e-02  8.6264847e-02  8.7692507e-02  9.0607269e-02
  9.3361000e-02  9.3214019e-02  8.7402868e-02  7.4200521e-02  5.3684791e-02
  2.7790206e-02 -2.5522809e-04 -2.6983973e-02 -4.9688206e-02 -6.7079510e-02
 -7.9312432e-02 -8.7522831e-02 -9.3070281e-02 -9.6893947e-02 -9.9159183e-02
 -9.9391542e-02 -9.6850717e-02 -9.1069827e-02 -8.2132088e-02 -7.0761599e-02
 -5.8034778e-02 -4.5053983e-02 -3.2493597e-02 -2.0449805e-02 -8.5032801e-03
  3.9745377e-03  1.7404273e-02  3.1569562e-02  4.5409547e-02  5.7104259e-02
  6.4536524e-02  6.5950135e-02  6.0642609e-02  4.9373710e-02  3.4349231e-02
  1.8667661e-02  5.4144106e-03 -3.2645981e-03 -6.7401571e-03 -5.9224676e-03
 -2.7127711e-03  9.2478034e-04  3.7140788e-03  5.6246150e-03  7.5351511e-03
  1.0737174e-02  1.6193842e-02  2.3980590e-02  3.3296588e-02  4.2737952e-02
  5.1118028e-02  5.7773239e-02  6.2819224e-02  6.6919560e-02  7.0826444e-02
  7.4994866e-02  7.9348096e-02  8.3421414e-02  8.6659318e-02  8.8772169e-02
  8.9910190e-02  9.0489468e-02  9.0964995e-02  9.1568049e-02  9.2107339e-02
  9.2047898e-02  9.0774784e-02  8.7900010e-02  8.3531650e-02  7.8306261e-02
  7.3284051e-02  6.9634385e-02  6.8256439e-02  6.9490646e-02  7.2945779e-02
  7.7568114e-02  8.1883518e-02  8.4399486e-02  8.4030952e-02  8.0381286e-02
  7.3819019e-02  6.5272509e-02  5.5864648e-02  4.6480563e-02  3.7492030e-02
  2.8692626e-02  1.9589534e-02  9.7679646e-03 -7.2832301e-04 -1.1251608e-02
 -2.0660550e-02 -2.7697262e-02 -3.1405289e-02 -3.1439873e-02 -2.8086330e-02
 -2.2065515e-02 -1.4203115e-02 -5.1454139e-03  4.7613181e-03  1.5369236e-02
  2.6501962e-02  3.7742762e-02  4.8411849e-02  5.7698667e-02  6.4943964e-02
  6.9897005e-02  7.2795556e-02  7.4305353e-02  7.5227226e-02  7.6171795e-02
  7.7469766e-02  7.9021712e-02  8.0670925e-02  8.2337429e-02  8.4107685e-02
  8.6406424e-02  8.9631359e-02  9.4053756e-02  9.9689827e-02  1.0618293e-01
  1.1308887e-01  1.2001643e-01  1.2656573e-01  1.3244496e-01  1.3715700e-01
  1.3980482e-01  1.3914557e-01  1.3384993e-01  1.2302089e-01  1.0671897e-01
  8.6246474e-02  6.3995072e-02  4.2894660e-02  2.5587654e-02  1.3702731e-02
  7.4831674e-03  5.9169558e-03  7.2585892e-03  9.7184666e-03  1.1980028e-02
  1.3369862e-02  1.3682197e-02  1.2832734e-02  1.0553880e-02  6.3358515e-03
 -3.8822423e-04 -9.9202412e-03 -2.2062272e-02 -3.6073015e-02 -5.0871619e-02
 -6.5347080e-02 -7.8638049e-02 -9.0243059e-02 -9.9991354e-02 -1.0785808e-01
 -1.1387781e-01 -1.1810351e-01 -1.2070810e-01 -1.2211307e-01 -1.2295605e-01
 -1.2399356e-01 -1.2589567e-01 -1.2902982e-01 -1.3330956e-01 -1.3831339e-01
 -1.4344692e-01 -1.4812653e-01 -1.5196317e-01 -1.5472987e-01 -1.5642663e-01
 -1.5708589e-01 -1.5676166e-01 -1.5561608e-01 -1.5380043e-01 -1.5154168e-01
 -1.4898032e-01 -1.4617039e-01 -1.4306866e-01 -1.3966432e-01 -1.3623837e-01
 -1.3342844e-01 -1.3219639e-01 -1.3351490e-01 -1.3779464e-01 -1.4447362e-01
 -1.5189832e-01 -1.5768029e-01 -1.5944190e-01 -1.5565931e-01 -1.4636492e-01
 -1.3317987e-01 -1.1874115e-01 -1.0567390e-01 -9.5714857e-02 -8.9058565e-02
 -8.4484864e-02 -7.9982492e-02 -7.3650423e-02 -6.4440338e-02 -5.2441937e-02
 -3.8624647e-02 -2.4329670e-02 -1.0650715e-02  1.8638481e-03  1.3160198e-02
  2.3386182e-02  3.2549795e-02  4.0363562e-02  4.6329259e-02  4.9982168e-02
  5.1174226e-02  5.0169136e-02  4.7534287e-02  4.3888943e-02  3.9659998e-02
  3.4952285e-02  2.9612338e-02  2.3378616e-02  1.6117109e-02  7.9193550e-03
 -8.8038345e-04 -9.7977931e-03 -1.8311016e-02 -2.5961590e-02 -3.2412541e-02
 -3.7475818e-02 -4.1087659e-02 -4.3302100e-02 -4.4218569e-02 -4.3913800e-02
 -4.2322947e-02 -3.9249316e-02 -3.4445417e-02 -2.7866939e-02 -1.9900788e-02
 -1.1494775e-02 -4.0392742e-03  1.0380962e-03  2.8245199e-03  1.3412011e-03
 -2.3720131e-03 -6.6308941e-03 -9.7549957e-03 -1.0758357e-02 -9.6135266e-03
 -7.0840493e-03 -4.0196047e-03 -6.4946125e-04  3.8058338e-03  1.0813907e-02
  2.1925018e-02  3.7713582e-02  5.7306358e-02  7.8468372e-02  9.8603681e-02
  1.1580153e-01  1.2974311e-01  1.4175015e-01  1.5403819e-01  1.6837964e-01
  1.8501227e-01  2.0223930e-01  2.1714273e-01  2.2676134e-01  2.2951723e-01
  2.2588594e-01  2.1813702e-01  2.0898313e-01  2.0044527e-01  1.9262069e-01
  1.8375861e-01  1.7121119e-01  1.5277372e-01  1.2798150e-01  9.8516141e-02
  6.7754974e-02  3.9545440e-02  1.6927666e-02  1.2661976e-03 -7.8575366e-03
 -1.2132413e-02 -1.3691924e-02 -1.4449524e-02 -1.5830713e-02 -1.8857872e-02
 -2.4411806e-02 -3.3352787e-02 -4.6378973e-02 -6.3623296e-02 -8.4318430e-02
 -1.0664765e-01 -1.2808957e-01 -1.4606232e-01 -1.5877184e-01 -1.6576425e-01
 -1.6803381e-01 -1.6767716e-01 -1.6684499e-01 -1.6689903e-01 -1.6754747e-01
 -1.6686660e-01 -1.6165743e-01 -1.4877498e-01 -1.2636038e-01 -9.4695717e-02
 -5.6554161e-02 -1.6439170e-02  2.0756736e-02  5.1373083e-02  7.4069751e-02
  9.0071221e-02  1.0230522e-01  1.1385620e-01  1.2633877e-01  1.3906991e-01
  1.4919647e-01  1.5300068e-01  1.4770504e-01  1.3292049e-01  1.1114353e-01
  8.7052708e-02  6.5837737e-02  5.1336338e-02  4.4835673e-02  4.4946990e-02
  4.8599898e-02  5.2585676e-02  5.4969793e-02  5.5612835e-02  5.5776027e-02
  5.6972409e-02  5.9840699e-02  6.3494688e-02  6.5831253e-02  6.4498698e-02
  5.8038021e-02  4.6642674e-02  3.2072107e-02  1.6901728e-02  3.3896400e-03
 -7.3570448e-03 -1.5569173e-02 -2.2293551e-02 -2.8560776e-02 -3.4699392e-02
 -4.0239276e-02 -4.4378519e-02 -4.6759394e-02 -4.7943888e-02 -4.9247263e-02
 -5.1905889e-02 -5.6005144e-02 -5.9797469e-02 -5.9966065e-02 -5.2823439e-02
 -3.6039512e-02 -1.0033935e-02  2.1717516e-02  5.3722617e-02  8.0439646e-02
  9.8332415e-02  1.0699240e-01  1.0889559e-01  1.0781377e-01  1.0693080e-01
  1.0734581e-01  1.0811746e-01  1.0724962e-01  1.0347134e-01  9.7345697e-02
  9.1249230e-02  8.8065363e-02  8.9303894e-02  9.3604167e-02  9.6797761e-02
  9.3455025e-02  7.9222730e-02  5.3193053e-02  1.8544456e-02 -1.8278594e-02
 -5.0087000e-02 -7.1560268e-02 -8.1059992e-02 -8.0757384e-02 -7.5223984e-02
 -6.9248560e-02 -6.5969588e-02 -6.6109004e-02 -6.8442326e-02 -7.1050157e-02
 -7.2566439e-02 -7.2821494e-02 -7.2604265e-02 -7.2987928e-02 -7.4563650e-02
 -7.7110960e-02 -7.9795524e-02 -8.1619816e-02 -8.1785170e-02 -7.9811735e-02
 -7.5365561e-02 -6.8111619e-02 -5.7787288e-02 -4.4508208e-02 -2.9186525e-02
 -1.3673551e-02 -4.0576468e-04  8.3711053e-03  1.1464514e-02  9.2629338e-03
  3.5827686e-03 -3.0965427e-03 -8.6476672e-03 -1.2063245e-02 -1.3614110e-02
 -1.4353338e-02 -1.5282776e-02 -1.6668288e-02 -1.7870073e-02 -1.7727415e-02
 -1.5264404e-02 -1.0272131e-02 -3.4645354e-03  3.8625728e-03  1.0439322e-02
  1.5537831e-02  1.9117250e-02  2.1586746e-02  2.3366728e-02  2.4533930e-02
  2.4776016e-02  2.3637995e-02  2.0902636e-02  1.6834722e-02  1.2107555e-02
  7.5266133e-03  3.6390753e-03  5.3798269e-04 -2.0924251e-03 -4.6654562e-03
 -7.3866572e-03 -1.0055226e-02 -1.2182127e-02 -1.3257465e-02 -1.3060770e-02
 -1.1796302e-02 -1.0010591e-02 -8.3203104e-03 -7.1307374e-03 -6.4834809e-03
 -6.1418582e-03 -5.7827276e-03 -5.2179317e-03 -4.4769748e-03 -3.7563359e-03
 -3.2140194e-03 -2.8161982e-03 -2.2596159e-03 -1.0765274e-03  1.1836289e-03
  4.7578597e-03  9.5721341e-03  1.5255758e-02  2.1273331e-02  2.7085562e-02
  3.2277448e-02  3.6630678e-02  4.0134444e-02  4.2945455e-02  4.5309038e-02
  4.7472684e-02  4.9569324e-02  5.1552486e-02  5.3212506e-02  5.4251100e-02
  5.4456441e-02  5.3873921e-02  5.2842892e-02  5.1904808e-02  5.1537356e-02
  5.1845367e-02  5.2361962e-02  5.2112311e-02  4.9915162e-02  4.4830269e-02
  3.6570156e-02  2.5705455e-02  1.3495229e-02  1.4901274e-03 -8.9977196e-03
 -1.7260535e-02 -2.3291076e-02 -2.7563250e-02 -3.0654173e-02 -3.2842676e-02
 -3.3961245e-02 -3.3491122e-02 -3.0881129e-02 -2.5862162e-02 -1.8662257e-02
 -9.9873553e-03 -8.1619816e-04  7.9193550e-03  1.5529185e-02  2.1664559e-02
  2.6203677e-02  2.9173556e-02  3.0624993e-02  3.0671465e-02  2.9563704e-02
  2.7788045e-02  2.6009143e-02  2.4901382e-02  2.4871121e-02  2.5870808e-02
  2.7333052e-02  2.8404068e-02  2.8250603e-02  2.6490073e-02  2.3339710e-02
  1.9554950e-02  1.6042538e-02  1.3451999e-02  1.1802786e-02  1.0419868e-02
  8.1524711e-03  3.8706784e-03 -3.0736310e-03 -1.2539852e-02 -2.3627187e-02
 -3.4912298e-02 -4.4914567e-02 -5.2476521e-02 -5.7035092e-02 -5.8595684e-02
 -5.7605724e-02 -5.4730949e-02 -5.0705184e-02 -4.6211458e-02 -4.1891731e-02
 -3.8338251e-02 -3.6082742e-02 -3.5476445e-02 -3.6620951e-02 -3.9302273e-02
 -4.3032995e-02 -4.7158188e-02 -5.1029407e-02 -5.4139783e-02 -5.6213728e-02
 -5.7171265e-02 -5.7096694e-02 -5.6149964e-02 -5.4552627e-02 -5.2544608e-02
 -5.0382042e-02 -4.8309179e-02 -4.6510824e-02 -4.5033449e-02 -4.3781949e-02
 -4.2547742e-02 -4.1131969e-02 -3.9466546e-02 -3.7706016e-02 -3.6259983e-02
 -3.5699078e-02 -3.6612305e-02 -3.9411428e-02 -4.4234780e-02 -5.0880265e-02
 -5.8886403e-02 -6.7657707e-02 -7.6649483e-02 -8.5506166e-02 -9.4140216e-02
 -1.0270077e-01 -1.1141372e-01 -1.2040549e-01 -1.2954857e-01 -1.3836743e-01
 -1.4634331e-01 -1.5291422e-01 -1.5793967e-01 -1.6168985e-01 -1.6479158e-01
 -1.6791492e-01 -1.7140572e-01 -1.7508025e-01 -1.7824682e-01 -1.8012731e-01
 -1.8028942e-01 -1.7897092e-01 -1.7698235e-01 -1.7523155e-01 -1.7411838e-01
 -1.7284311e-01 -1.6953604e-01 -1.6180873e-01 -1.4775908e-01 -1.2701964e-01
 -1.0124610e-01 -7.3681765e-02 -4.8218396e-02 -2.8008516e-02 -1.4463574e-02
 -6.9646273e-03 -3.4204412e-03 -1.3207751e-03  1.2184288e-03  4.9025711e-03
  9.3639832e-03  1.3767576e-02  1.7500459e-02  2.0550314e-02  2.3419685e-02
  2.6694334e-02  3.0613105e-02  3.4895006e-02  3.8966162e-02  4.2360773e-02
  4.5060468e-02  4.7500784e-02  5.0237223e-02  5.3498903e-02  5.6941067e-02
  5.9826649e-02  6.1465054e-02  6.1803327e-02  6.1546110e-02  6.1880059e-02
  6.3648154e-02  6.6635325e-02  6.9190200e-02  6.8676847e-02  6.2522020e-02
  4.9400728e-02  3.0084622e-02  7.3860087e-03 -1.4735921e-02 -3.2542230e-02
 -4.3776546e-02 -4.8225962e-02 -4.7480249e-02 -4.4000259e-02 -4.0037178e-02
 -3.6900864e-02 -3.4777205e-02 -3.3082601e-02 -3.1034595e-02 -2.8058230e-02
 -2.3872516e-02 -1.8286159e-02 -1.0946838e-02 -1.2967826e-03  1.1166229e-02
  2.6417664e-02  4.3496633e-02  6.0385393e-02  7.4349663e-02  8.2642199e-02
  8.3277675e-02  7.5651958e-02  6.0725826e-02  4.0813150e-02  1.8956219e-02
 -1.7156783e-03 -1.8671984e-02 -3.0363454e-02 -3.6365896e-02 -3.7286688e-02
 -3.4456225e-02 -2.9516152e-02 -2.3998962e-02 -1.8989722e-02 -1.4956392e-02
 -1.1796302e-02 -9.0595381e-03 -6.2480952e-03 -3.0834657e-03  3.7448800e-04
  3.7920003e-03  6.7693372e-03  9.0549990e-03  1.0681300e-02  1.1945444e-02
  1.3273676e-02  1.5034205e-02  1.7405354e-02  2.0353619e-02  2.3697435e-02
  2.7235786e-02  3.0833577e-02  3.4447579e-02  3.8100487e-02  4.1808514e-02
  4.5553286e-02  4.9277524e-02  5.2905576e-02  5.6401777e-02  5.9790984e-02
  6.3147770e-02  6.6607226e-02  7.0313091e-02  7.4388570e-02  7.8913638e-02
  8.3906667e-02  8.9282279e-02  9.4897816e-02  1.0055442e-01  1.0608242e-01
  1.1139210e-01  1.1649321e-01  1.2151866e-01  1.2656573e-01  1.3172087e-01
  1.3680035e-01  1.4147997e-01  1.4531660e-01  1.4779150e-01  1.4854802e-01
  1.4728355e-01  1.4396568e-01  1.3864842e-01  1.3153714e-01  1.2291282e-01
  1.1314291e-01  1.0265755e-01  9.1927936e-02  8.1393941e-02  7.1429498e-02
  6.2303710e-02  5.4202466e-02  4.7264101e-02  4.1626949e-02  3.7391520e-02
  3.4576187e-02  3.3042614e-02  3.2482789e-02  3.2462255e-02  3.2572491e-02
  3.2558441e-02  3.2409299e-02  3.2303386e-02  3.2454690e-02  3.2947508e-02
  3.3652152e-02  3.4283306e-02  3.4585914e-02  3.4517827e-02  3.4320051e-02
  3.4412995e-02  3.5123043e-02  3.6425337e-02  3.7806526e-02  3.8393369e-02
  3.7243459e-02  3.3701866e-02  2.7618368e-02  1.9313945e-02  9.3576068e-03
 -1.7217305e-03 -1.3594657e-02 -2.6056696e-02 -3.8795405e-02 -5.1173146e-02
 -6.2208605e-02 -7.0837251e-02 -7.6368490e-02 -7.8865004e-02 -7.9224892e-02
 -7.8804483e-02 -7.8774222e-02 -7.9399972e-02 -7.9785797e-02 -7.8097677e-02
 -7.2390278e-02 -6.1563402e-02 -4.6060154e-02 -2.7959883e-02 -1.0339569e-02
  3.7640091e-03  1.2393952e-02  1.5259000e-02  1.3638967e-02  9.7236542e-03
  5.7352830e-03  3.2356342e-03  2.8641831e-03  4.5378206e-03  7.8705055e-03
  1.2509592e-02  1.8227799e-02  2.4750078e-02  3.1482022e-02  3.7436912e-02
  4.1394590e-02  4.2360773e-02  4.0017724e-02  3.4944720e-02  2.8452701e-02
  2.2086049e-02  1.7023852e-02  1.3662744e-02  1.1594203e-02  9.9850858e-03
  8.1571183e-03  6.0731230e-03  4.4989139e-03  4.7510510e-03  8.1747344e-03
  1.5550800e-02  2.6741886e-02  4.0665089e-02  5.5594462e-02  6.9641950e-02
  8.1249122e-02  8.9502750e-02  9.4248290e-02  9.5989365e-02  9.5657578e-02
  9.4288277e-02  9.2694182e-02  9.1174659e-02  8.9349285e-02  8.6197841e-02
  8.0331572e-02  7.0476283e-02  5.6019194e-02  3.7420701e-02  1.6283544e-02
 -4.9627684e-03 -2.3744988e-02 -3.8070227e-02 -4.7095505e-02 -5.1247717e-02
 -5.1889678e-02 -5.0690054e-02 -4.8969512e-02 -4.7324623e-02 -4.5640826e-02
 -4.3456646e-02 -4.0451102e-02 -3.6771174e-02 -3.3056663e-02 -3.0135417e-02
 -2.8575906e-02 -2.8339223e-02 -2.8712079e-02 -2.8548887e-02 -2.6722433e-02
 -2.2551849e-02 -1.6014439e-02 -7.6702439e-03  1.6216538e-03  1.1065720e-02
  2.0138551e-02  2.8632105e-02  3.6505312e-02  4.3689006e-02  4.9985410e-02
  5.5087594e-02  5.8770764e-02  6.1038161e-02  6.2218332e-02  6.2875423e-02
  6.3599520e-02  6.4793740e-02  6.6540220e-02  6.8626052e-02  7.0709723e-02
  7.2516724e-02  7.3970323e-02  7.5199127e-02  7.6396589e-02  7.7698884e-02
  7.9032520e-02  8.0177026e-02  8.0838440e-02  8.0778999e-02  7.9870095e-02
  7.8037156e-02  7.5113748e-02  7.0692432e-02  6.4170152e-02  5.4895222e-02
  4.2493705e-02  2.7154730e-02  9.7542392e-03 -8.2961018e-03 -2.5437430e-02
 -4.0465151e-02 -5.2879638e-02 -6.2970528e-02 -7.1551622e-02 -7.9482108e-02
 -8.7189962e-02 -9.4434177e-02 -1.0045067e-01 -1.0434891e-01 -1.0561446e-01
 -1.0442348e-01 -1.0156275e-01 -9.8037372e-02 -9.4505506e-02 -9.0861244e-02
 -8.6188114e-02 -7.9136271e-02 -6.8574177e-02 -5.4185174e-02 -3.6784143e-02
 -1.8157551e-02 -5.2808309e-04  1.4092879e-02  2.4400999e-02  2.9977629e-02
  3.1083228e-02  2.8312205e-02  2.2270856e-02  1.3469291e-02  2.4033546e-03
 -1.0235710e-02 -2.3469399e-02 -3.6118406e-02 -4.7065244e-02 -5.5558798e-02
 -6.1406694e-02 -6.4948286e-02 -6.6825536e-02 -6.7690130e-02 -6.8011110e-02
 -6.8048936e-02 -6.7983011e-02 -6.8087843e-02 -6.8786002e-02 -7.0543289e-02
 -7.3659069e-02 -7.8065255e-02 -8.3312259e-02 -8.8744069e-02 -9.3798701e-02
 -9.8308638e-02 -1.0250084e-01 -1.0675572e-01 -1.1118676e-01 -1.1522874e-01
 -1.1757395e-01 -1.1642836e-01 -1.1023571e-01 -9.8302154e-02 -8.1358277e-02
 -6.1496396e-02 -4.1659372e-02 -2.4728464e-02 -1.2669541e-02 -5.9875282e-03
 -3.7385036e-03 -4.0357077e-03 -4.8160036e-03 -4.5325249e-03 -2.4973792e-03
  1.1745507e-03  5.9500265e-03  1.1334825e-02  1.7162187e-02  2.3592603e-02
  3.0881129e-02  3.9065590e-02  4.7754758e-02  5.6185628e-02  6.3457943e-02
  6.8851928e-02  7.2045521e-02  7.3113294e-02  7.2338402e-02  6.9949962e-02
  6.5965265e-02  6.0229766e-02  5.2627825e-02  4.3322634e-02  3.2890229e-02
  2.2195204e-02  1.2099990e-02  3.1004334e-03 -4.8442110e-03 -1.2205903e-02
 -1.9489025e-02 -2.6780793e-02 -3.3411147e-02 -4.4783798e-02 -5.0350701e-02
  0.0000000e+00  0.0000000e+00  0.0000000e+00  0.0000000e+00  0.0000000e+00
