Scaled from
PEER NGA STRONG MOTION DATABASE RECORD
ACCELERATION TIME SERIES IN UNITS OF G
NPTS= 2999.000000, DT= 0.020000, Scalar= 1.000000
 -1.2220755e-02 -6.4559260e-03 -2.7774843e-03 -1.3754815e-03 -3.8518763e-04
 -2.3078024e-03 -3.5686145e-03 -9.6334324e-04  9.5939254e-04 -6.3292616e-04
  7.1804776e-03  1.4440409e-03 -1.9558710e-02 -1.8584791e-02  2.3797733e-03
  2.8473644e-02  2.0750523e-02  6.8865412e-03  1.9836029e-02  8.5222846e-03
 -1.2352812e-02  2.1507648e-03  1.6250688e-02 -1.5260262e-02 -5.4365577e-02
 -4.1173104e-02  2.5810499e-02  2.6561021e-02 -9.4625289e-03  3.8370199e-03
  3.3814240e-02  2.1278750e-02 -6.8697040e-03 -1.0350171e-03  2.7412787e-02
  3.0041818e-02  7.3047210e-03 -1.6782216e-02 -4.0307032e-02 -6.6282602e-02
 -7.6125234e-02 -2.3900077e-02  4.0258611e-02  2.9558710e-02 -4.0630571e-02
 -1.5885331e-02  5.8956751e-02  7.5719159e-02  4.3234291e-02  1.0901508e-03
 -9.1508749e-03  8.4577969e-03  1.4014526e-02 -8.8445031e-03 -3.4239023e-02
 -4.8259051e-02 -7.1833388e-02 -8.4532849e-02 -5.7530538e-02 -7.6242984e-03
  1.9349620e-02  3.5671839e-02  1.3624959e-02  2.9942775e-02  6.6739298e-02
  1.1950039e-02 -5.2274678e-02 -6.0089138e-02 -2.8651920e-02 -4.0421481e-02
 -7.0658083e-02 -6.1373391e-02 -7.2640035e-03  1.0214042e-02  1.9488280e-03
  3.4736437e-02  3.4465720e-02 -2.3089028e-02 -6.3221085e-02 -2.2634533e-02
 -2.4726532e-02 -5.4145483e-02 -4.5332893e-02 -2.3984813e-02 -2.3136349e-02
 -4.6034995e-02 -3.7169583e-02 -2.0059426e-02  2.6307912e-02  2.5010454e-02
  2.2383625e-02  5.3861560e-02  7.5751073e-02 -4.3654672e-02 -8.4211511e-02
 -3.6499395e-02 -3.6547816e-02  1.9426653e-02  4.1390998e-02  4.0712006e-02
  1.1455926e-02 -3.0293826e-02 -5.2971278e-02  6.3138550e-03  3.9754594e-02
  1.0924508e-02 -7.6639155e-02 -5.6969297e-02  2.5064378e-02 -1.6523605e-02
 -9.9778805e-02 -2.8960053e-02  2.7960823e-02 -1.0372730e-02 -4.6500495e-02
 -3.4914713e-02  4.1468031e-02  5.9928469e-04 -3.2845824e-02  1.4979641e-02
  1.4951029e-02 -1.3161660e-02 -2.5682844e-02 -2.2403433e-02 -4.2780896e-02
 -8.1908221e-02 -1.1475735e-01 -2.5327391e-02  9.5983273e-02  6.5655332e-02
 -2.3041708e-03 -2.7791350e-02 -2.6729394e-02 -1.5637724e-02  1.5448443e-02
  1.5422031e-02  4.5725762e-02  9.8969957e-02  1.1338175e-01  2.3225487e-02
 -4.5284472e-02 -9.1430615e-02 -8.8275558e-02 -5.0747221e-02 -3.3870364e-02
 -1.9503687e-02 -4.0791240e-02 -3.7986134e-02  6.7391879e-04  1.5182128e-02
 -2.1363486e-02  1.7581160e-02  4.0261913e-02  1.3708595e-02  1.4677011e-02
  3.7180588e-02  5.7377572e-02  1.0594035e-01  1.2400132e-01  1.2275779e-01
  1.3771322e-01  1.7630681e-01  2.5390118e-01  3.1428414e-01  3.6360735e-01
  3.9903158e-01  3.9659954e-01  3.5820403e-01  2.8611203e-01  1.9304501e-01
  9.2576208e-02  1.9617035e-02  5.3689887e-03  4.1160999e-03 -9.4159789e-03
 -4.6074612e-02 -8.0617365e-02 -1.0857599e-01 -1.0308243e-01 -5.4448113e-02
  3.0160669e-02  1.4610983e-01  2.6668868e-01  4.2243865e-01  5.9604930e-01
  6.8299769e-01  4.9633542e-01  2.6248487e-01  1.5918345e-01  1.1828986e-01
  1.2933862e-01  1.2808408e-01  1.4451414e-01  1.8786178e-01  2.2366017e-01
  2.6697480e-01  1.2812810e-01 -1.7869484e-01 -2.3443381e-01 -2.0137559e-01
 -1.7873886e-01 -2.5267965e-01 -4.8439529e-01 -7.9464070e-01 -1.0000000e+00
 -9.9380434e-01 -8.1703533e-01 -6.2696159e-01 -5.8589193e-01 -3.9152636e-01
 -2.7537141e-01 -1.1025641e-01  5.4525146e-02  6.1061957e-02  6.2034775e-02
  6.3443381e-02  6.2073292e-02 -1.1250138e-01 -1.8760867e-01 -1.2522285e-01
 -8.2787499e-02 -1.8371300e-01 -4.1381094e-01 -5.2599318e-01 -4.2681853e-01
 -2.5108397e-01 -1.2017167e-01  8.6772312e-02  2.4942225e-01  3.2991086e-01
  3.5342797e-01  3.1761858e-01  2.7066138e-01  1.9290195e-01  1.6647959e-01
  4.1996258e-02 -1.7326951e-01 -2.5450644e-01 -2.1442720e-01 -1.1213822e-01
 -1.3617255e-02 -3.1556069e-02 -1.4007923e-01 -1.6907670e-01 -1.3928689e-01
 -1.1986354e-01 -1.3338836e-01 -1.5501266e-01 -1.2800704e-01 -8.3037306e-02
 -5.3131947e-02 -1.0551007e-01 -2.5387917e-01 -4.5450644e-01 -5.3224386e-01
 -3.1659514e-01 -6.9964785e-02  1.0981842e-01  1.9979091e-01  2.0399472e-01
  1.7939914e-01  1.8668427e-01  2.2664246e-01  1.9314405e-01  1.6295807e-01
  1.6853747e-01  1.5846814e-01  1.3865962e-01  1.2549796e-01  1.0573567e-01
  8.4149884e-02  3.8495653e-02  5.5583801e-02  1.8549576e-01  3.0316936e-01
  3.5245956e-01  3.9566414e-01  4.0994828e-01  1.9522395e-01 -9.4942225e-03
 -6.0110047e-02 -5.3958402e-02  1.0434907e-02  9.0483108e-02  1.8285463e-01
  1.8910532e-01  1.3766920e-01  3.4182899e-02 -2.1050952e-02 -3.7038627e-02
  2.3622758e-02  1.2849125e-01  1.7236712e-01  1.8246946e-01  1.5328491e-01
  1.1421811e-01  5.9776604e-02  3.3445582e-02  4.3867063e-02  5.5883130e-02
  2.7149774e-02  4.3342137e-03  2.8409816e-02  8.5240453e-02  1.4409596e-01
  1.9689667e-01  2.4346869e-01  2.7468912e-01  2.9171344e-01  2.6248487e-01
  1.8068670e-01  1.1739848e-01  9.8654121e-02  1.8043359e-01  3.0775834e-01
  3.8566083e-01  4.4549356e-01  4.8490151e-01  5.1706834e-01  5.1760757e-01
  5.0869374e-01  4.4916914e-01  3.0002201e-01  1.2765489e-01 -3.7186090e-02
 -1.8151205e-01 -3.0910091e-01 -3.7937713e-01 -4.2786398e-01 -4.8142401e-01
 -5.7216903e-01 -6.5135908e-01 -6.6709585e-01 -6.2589413e-01 -4.9940574e-01
 -3.8665126e-01 -3.8157808e-01 -4.3210080e-01 -4.3353142e-01 -4.0335644e-01
 -4.0506218e-01 -4.8341587e-01 -5.5175525e-01 -4.9218664e-01 -2.9440960e-01
 -8.4825575e-02  3.0237702e-02  5.6632552e-02  4.3708595e-02 -3.3302520e-03
 -7.9954881e-02 -1.2630131e-01 -1.1703533e-01 -3.6884560e-02  4.4277539e-02
  6.9418950e-02  5.3957302e-02 -7.3067019e-03 -9.2726973e-02 -1.4998349e-01
 -1.6227578e-01 -1.1707934e-01 -4.6808628e-02 -1.1111478e-02 -1.3849455e-03
  4.1475735e-02  1.0416749e-01  1.4285243e-01  1.4768350e-01  1.3273908e-01
  5.2215253e-02 -8.8986464e-02 -1.7216903e-01 -2.0719709e-01 -1.7996038e-01
 -1.0762188e-01 -2.5041268e-02  8.3056014e-02  1.8789479e-01  2.7337955e-01
  3.3940795e-01  3.9357324e-01  4.4799164e-01  4.7986134e-01  5.0936503e-01
  4.4084957e-01  1.7448003e-01 -9.1985254e-02 -2.3851656e-01 -2.7758336e-01
 -2.0333443e-01 -5.3303621e-02  7.6546715e-02  1.5019258e-01  1.7353362e-01
  1.1261142e-01  3.8868714e-02  2.8659624e-02  4.7615275e-02  8.2764389e-02
  9.9315506e-02  8.7767140e-02  5.9909761e-02  2.7624078e-02 -1.2964675e-02
 -3.7366568e-02 -2.7803455e-02  8.7222406e-02  2.5982172e-01  3.4396390e-01
  3.6777814e-01  3.5623418e-01  3.2421041e-01  2.8753164e-01  2.5229449e-01
  2.0050622e-01  1.0925058e-01  3.0364257e-03 -9.7242214e-02 -1.6741499e-01
 -1.9900957e-01 -2.1370089e-01 -2.3540222e-01 -2.4985144e-01 -2.0771432e-01
 -1.3374051e-01 -9.7905799e-02 -1.0626389e-01 -1.2162430e-01 -1.4224717e-01
 -1.6562122e-01 -1.9042588e-01 -2.4010124e-01 -2.9444261e-01 -3.3282712e-01
 -3.1283152e-01 -2.5119401e-01 -1.9080004e-01 -1.3425773e-01 -9.7175085e-02
 -6.2010565e-02 -5.7396280e-02 -8.6818532e-02 -1.0685045e-01 -9.8024651e-02
 -6.3971608e-02 -1.8651920e-02  3.3082425e-02  9.2687356e-02  1.5635523e-01
  2.0863871e-01  2.5430835e-01  2.7708815e-01  2.5490261e-01  1.7746231e-01
  4.1740949e-02 -9.6947287e-02 -1.6990206e-01 -2.1185210e-01 -2.5362606e-01
 -2.8403213e-01 -2.9017277e-01 -2.7202597e-01 -2.3046110e-01 -1.6392649e-01
 -7.8189722e-02  2.9113019e-02  8.6229779e-02  9.9587323e-02  1.0042588e-01
  1.0512050e-01  1.2778695e-01  1.6193463e-01  1.8734456e-01  1.7729724e-01
  1.4450314e-01  1.2885441e-01  1.2549796e-01  1.0653021e-01  9.6073512e-02
  1.0316826e-01  9.9975790e-02  7.0874876e-02  2.0581050e-02 -3.7296137e-02
 -8.2274678e-02 -9.1655112e-02 -4.9674260e-02  4.4393089e-03  2.6335424e-02
  1.3994718e-02  1.2177836e-02  3.2035875e-02  5.7637284e-02  7.5284472e-02
  7.7515132e-02  6.3311324e-02  4.2084296e-02  3.2677451e-02  3.7381974e-02
  4.3689887e-02  5.9836029e-02  9.5325190e-02  1.2583911e-01  1.4053043e-01
  1.3966105e-01  1.2112909e-01  7.5243755e-02  1.6542313e-02 -4.8540773e-02
 -1.1816881e-01 -1.7322549e-01 -1.9924067e-01 -1.9198856e-01 -1.6773413e-01
 -1.3349840e-01 -1.0083416e-01 -5.6934082e-02  9.0622868e-03  6.3673380e-02
  6.3114339e-02  2.5247056e-02  2.4287444e-03 -6.7738528e-03 -1.7254319e-02
 -2.3750413e-02 -6.1543964e-03  2.3670078e-02  4.6274898e-02  6.8213932e-02
  9.7213602e-02  1.2988885e-01  1.5661935e-01  1.8286563e-01  1.9434357e-01
  1.7396280e-01  1.4067349e-01  1.0212832e-01  6.0769231e-02  1.7096952e-02
 -2.2231760e-02 -4.9614834e-02 -4.8019148e-02 -1.2185540e-03  4.3886871e-02
  6.7209200e-02  8.2274678e-02  7.7987235e-02  5.3769121e-02  1.0305161e-02
 -3.8134698e-02 -6.1813580e-02 -6.2800704e-02 -4.6958292e-02 -2.9873446e-02
 -3.8907230e-02 -7.6526907e-02 -1.1613294e-01 -1.4231319e-01 -1.4389788e-01
 -1.3407065e-01 -1.1900517e-01 -8.2279080e-02  7.9593925e-03  9.6218774e-02
  1.1748652e-01  5.0169473e-02 -5.4584571e-02 -1.0253439e-01 -1.1273247e-01
 -9.6114229e-02 -7.1886211e-02 -4.2337405e-02 -1.5612413e-02  6.6068009e-03
  1.6416859e-02  2.4802465e-02  3.2566304e-02  1.9691868e-02  2.6433366e-03
 -1.2287884e-02 -2.0418180e-02 -2.6354132e-02 -3.0873776e-02 -5.0200286e-02
 -9.2599318e-02 -1.3905579e-01 -1.6393749e-01 -1.5822604e-01 -1.0625619e-01
 -1.3627160e-02  5.1258941e-02  7.8267855e-02  9.0047320e-02  8.3452184e-02
  6.4528447e-02  4.3607351e-02  1.9681963e-02 -9.0179377e-03 -3.6961593e-02
 -6.2460658e-02 -7.9702872e-02 -8.0039617e-02 -6.1104875e-02 -4.2304391e-02
 -3.1070760e-02 -2.1375592e-02 -1.4612083e-02 -8.0457797e-03  7.2940464e-03
  2.7007813e-02  3.9111918e-02  4.9970287e-02  5.2481567e-02  3.8789479e-02
  1.7854077e-02  1.0025641e-02  1.1575878e-02  2.0017608e-02  3.4397491e-02
  2.6125234e-02  3.9506988e-03 -1.6797623e-02 -3.0601959e-02 -3.7877187e-02
 -3.7891493e-02 -2.9203257e-02 -1.3934192e-02 -9.1744250e-04  1.3750413e-03
 -7.3184769e-03 -1.5615715e-02 -2.4954330e-02 -3.7356663e-02 -3.9817321e-02
 -4.3572136e-02 -4.6471883e-02 -4.9893254e-02 -4.7025421e-02 -2.9991196e-02
 -1.2696159e-02 -8.8713547e-04  1.0591394e-02  2.9976890e-02  5.1816881e-02
  6.6843843e-02  6.2613624e-02  4.6012986e-02  4.1578079e-02  4.7028722e-02
  4.8428524e-02  4.5913943e-02  3.9215363e-02  2.2180037e-02  1.2950369e-02
  1.3224386e-02  1.3086827e-02  5.5186530e-03 -4.6300209e-03 -6.8635413e-04
  1.1101574e-02  1.6104325e-02  5.3202377e-03 -6.6555519e-03 -7.5527677e-03
 -1.2610322e-03  5.7976230e-03  1.6830637e-02  2.8030153e-02  3.8261252e-02
  4.9297898e-02  6.0802245e-02  7.1738748e-02  8.3251898e-02  9.4373281e-02
  9.7006713e-02  8.2038076e-02  4.8416419e-02  1.3425773e-02 -1.6093320e-02
 -2.9427754e-02 -2.9786508e-02 -2.2222956e-02 -1.7862881e-02 -1.7230109e-02
 -1.6574227e-02 -1.5572796e-02 -1.3835149e-02 -1.1034445e-02 -2.7359965e-03
  2.7702212e-03  5.6237482e-03  4.0685595e-03 -1.3017498e-03 -1.0852537e-02
 -1.0169143e-02  3.6518103e-03  1.7213602e-02  1.8158908e-02  7.4033234e-03
 -4.7615275e-03 -1.8150105e-02 -1.5630021e-02  7.9947177e-04  1.7802355e-02
  1.2809508e-02 -1.5017057e-02 -4.5186530e-02 -5.4279740e-02 -3.4161990e-02
 -1.0270606e-02  9.2854627e-03  2.2802905e-02  3.4441510e-02  3.8136899e-02
  3.0168372e-02  1.4956531e-02  5.2735776e-03  4.4954330e-03  9.6281501e-03
  7.5441840e-03 -6.2379223e-03 -1.7913503e-02 -3.1589083e-02 -4.0642676e-02
 -4.6784417e-02 -5.0104545e-02 -4.7896996e-02 -3.4378783e-02 -1.1573677e-02
  2.3726202e-03 -1.2762188e-03 -1.7290635e-02 -2.2336305e-02 -2.1990756e-02
 -2.7301640e-02 -3.6442170e-02 -4.6257291e-02 -5.2394630e-02 -5.2356113e-02
 -5.1728843e-02 -4.3290415e-02 -2.2060086e-02  6.5232750e-03  3.2984483e-02
  3.9634643e-02  3.5638825e-02  2.9196655e-02  2.7852977e-02  3.9347419e-02
  5.6718389e-02  6.8033454e-02  6.3453285e-02  3.9800814e-02  1.3941895e-02
 -6.5419831e-03 -1.2884340e-02 -4.7428194e-03  8.5347199e-03  2.6983603e-02
  4.7862881e-02  6.7987235e-02  7.3772422e-02  6.0244305e-02  4.0923297e-02
  3.2682954e-02  3.4649499e-02  4.1242434e-02  4.6216573e-02  4.5365907e-02
  3.7593265e-02  2.5371410e-02  1.3216683e-02 -1.1034445e-03 -1.7456806e-02
 -3.4236822e-02 -4.7236712e-02 -5.6646858e-02 -5.8332783e-02 -4.9298999e-02
 -3.8651920e-02 -3.0118851e-02 -1.6517002e-02 -2.8635413e-03  1.2192143e-02
  2.4502036e-02  2.6438869e-02  1.9486079e-02  9.6064708e-03  4.2227358e-03
  1.2279080e-03 -7.7350061e-04 -4.4992847e-03 -4.0285023e-03 -7.2352812e-04
  1.9275889e-03 -2.7889292e-03 -1.7068339e-02 -3.9675360e-02 -6.6596236e-02
 -8.8850006e-02 -1.0043799e-01 -9.5613514e-02 -8.0134258e-02 -6.0254209e-02
 -3.9935072e-02 -1.6331022e-02  1.1404204e-02  3.1748652e-02  3.4305051e-02
  2.3582040e-02  1.5759877e-02  9.5385716e-03  6.6750303e-03  1.2894245e-02
  2.2742379e-02  2.1695829e-02  6.6664466e-03 -9.2864532e-03 -1.6048201e-02
 -9.9456366e-03 -6.0619566e-04  6.6942885e-06 -7.3908881e-03 -1.4267635e-02
 -2.5617916e-02 -4.0473203e-02 -4.9639045e-02 -5.3712997e-02 -5.2608121e-02
 -4.5137009e-02 -2.8142401e-02 -1.5127105e-03  2.1651810e-02  3.4595576e-02
  4.5252559e-02  5.8497854e-02  6.5256960e-02  5.2318697e-02  2.5933752e-02
 -5.1661715e-03 -3.3532519e-02 -5.4212611e-02 -5.9889953e-02 -4.9654451e-02
 -3.0455596e-02 -6.5528777e-03  1.3257401e-02  2.4518543e-02  2.5926048e-02
  2.0666887e-02  1.0820183e-02  4.4745240e-04 -9.0272917e-03 -1.6422362e-02
 -2.0160669e-02 -1.3644767e-02 -3.6375041e-03 -6.0625069e-04  3.0309233e-04
  2.7899197e-03  5.8415319e-03  1.1146693e-02  9.3782326e-03 -5.0191482e-04
 -1.5587102e-02 -3.2774293e-02 -4.0971718e-02 -4.1608892e-02 -3.0121052e-02
 -1.3752614e-02 -2.7927809e-03  4.3716298e-03  6.3770221e-03  3.9772202e-03
 -1.7570155e-03 -3.8144602e-03  5.8003742e-03  1.4020029e-02  2.0637174e-02
  2.2207549e-02  2.3294817e-02  2.2199846e-02  1.5407725e-02  8.6973699e-03
  1.0403654e-03 -1.7772642e-03 -4.9603830e-03 -5.3795532e-03  5.0531529e-03
  2.4497634e-02  4.3748212e-02  5.6654561e-02  6.1760757e-02  5.5114999e-02
  3.5271267e-02  1.2863431e-02 -5.6970397e-03 -1.3314625e-02 -6.2970177e-03
  6.0297128e-03  1.4571366e-02  1.9741389e-02  1.6890063e-02  5.7832068e-03
 -7.2099703e-03 -1.7824364e-02 -2.4669308e-02 -3.3053813e-02 -3.3014196e-02
 -2.3492902e-02 -1.9834929e-02 -2.3147353e-02 -2.7680202e-02 -2.2790800e-02
 -6.8125894e-03  1.6105425e-02  3.9191152e-02  5.0836360e-02  4.8524265e-02
  4.0647078e-02  3.5441840e-02  3.6236382e-02  3.3564433e-02  2.3322329e-02
  8.3083526e-03 -1.4728733e-02 -3.9431055e-02 -6.0943106e-02 -6.6074612e-02
 -4.9669858e-02 -1.8430725e-02  7.9511390e-03  1.7224607e-02  2.2308793e-02
  2.6948388e-02  2.8606801e-02  1.8460438e-02 -2.6328821e-03 -2.1330472e-02
 -2.4000220e-02 -1.2244965e-02 -8.2949268e-04  1.0567514e-03 -4.6837240e-03
 -1.4993947e-02 -2.2485969e-02 -2.0035215e-02 -4.8603500e-03  1.1747551e-02
  1.5190932e-02  5.5645428e-03 -9.2747882e-03 -1.6470782e-02 -1.5274568e-02
 -1.2516782e-02 -8.2591614e-03 -9.2950369e-04  9.1531859e-03  1.6666667e-02
  1.9952680e-02  2.0546935e-02  1.8585892e-02  1.9918565e-02  2.5853417e-02
  2.8870914e-02  2.1246836e-02  1.2207549e-02  1.7873886e-03 -8.2912953e-04
  1.7442500e-03  2.1159899e-03  1.3863761e-03 -3.5530978e-03 -6.4547155e-03
 -7.1028942e-03  2.2868934e-03  1.6438869e-02  2.8583691e-02  3.4416199e-02
  2.5352702e-02  2.7539342e-03 -2.1995158e-02 -4.2225157e-02 -5.2238362e-02
 -5.2624629e-02 -4.3965005e-02 -3.7379773e-02 -3.9380434e-02 -3.6241884e-02
 -2.9074502e-02 -1.9188951e-02 -7.9340817e-03 -2.9811819e-03 -1.8068670e-03
  1.6105425e-04  2.4581270e-03  2.6738197e-03  1.0723121e-04  1.7010014e-03
 -2.1398701e-03 -1.0677781e-02 -1.8034555e-02 -2.3985914e-02 -2.7246616e-02
 -2.9554308e-02 -2.9695169e-02 -3.4604380e-02 -3.9204358e-02 -3.5011555e-02
 -2.2942665e-02 -6.7029823e-03  6.1092770e-03  4.6300209e-03 -9.6895565e-03
 -2.2350611e-02 -2.6037196e-02 -1.8476945e-02 -4.9910862e-03  7.9462969e-03
  1.6839441e-02  2.1561571e-02  2.2985584e-02  2.0282822e-02  1.1790470e-02
  1.5407725e-03 -4.3444481e-03 -2.6859249e-03  3.9602729e-03  8.6257291e-03
  7.6693078e-03  5.9867943e-03  9.3487400e-03  1.5758776e-02  2.7376472e-02
  3.6789920e-02  4.1444921e-02  4.5961263e-02  5.0318037e-02  4.8100583e-02
  4.0549136e-02  3.1587983e-02  2.5744470e-02  2.4558160e-02  2.6207769e-02
  2.7937713e-02  2.3383955e-02  1.4536151e-02  6.9333113e-03  1.1794872e-02
  2.2704963e-02  2.6388247e-02  1.5568394e-02 -1.2796302e-03 -1.1670518e-02
 -8.2810609e-03  7.0855068e-03  2.6353032e-02  3.7312644e-02  3.0033014e-02
  1.6755805e-02  4.0157368e-03 -7.1464730e-03 -1.4146583e-02 -1.6679872e-02
 -1.2470562e-02 -9.1613294e-03 -7.0033014e-03 -9.8189722e-03 -2.0472103e-02
 -3.0272917e-02 -3.3674480e-02 -3.1746451e-02 -2.7543744e-02 -2.1047650e-02
 -1.7107956e-02 -1.8599098e-02 -1.9834929e-02 -1.7224607e-02 -1.3333333e-02
 -3.1221525e-03  8.9460768e-03  1.6080114e-02  1.8266755e-02  1.9039287e-02
  1.8370199e-02  1.3513811e-02  4.2115109e-03 -4.6774513e-03 -9.4976340e-03
 -9.1912622e-03 -6.3540222e-03 -5.6665566e-03 -2.7566854e-03  1.2721470e-03
  1.0900847e-02  2.8136899e-02  3.6158248e-02  3.1877407e-02  2.2632332e-02
  1.0421591e-02  5.7486519e-03  1.2024871e-02  1.5968967e-02  1.4065148e-02
  1.1917024e-02  1.5814900e-02  2.8082976e-02  3.1217123e-02  3.0872675e-02
  3.0715308e-02  2.5622318e-02  1.9883350e-02  1.5538682e-02  1.7690107e-02
  2.6016287e-02  3.0588753e-02  2.9611533e-02  3.4303951e-02  3.4505337e-02
  2.9624739e-02  2.0948608e-02  1.0846704e-02 -1.1665016e-03 -8.4262133e-03
 -1.6918675e-02 -2.8300869e-02 -3.5212942e-02 -3.5403323e-02 -3.0450094e-02
 -2.6329922e-02 -2.4208210e-02 -2.7246616e-02 -3.2773192e-02 -3.8944646e-02
 -4.7247717e-02 -5.6522505e-02 -5.5080885e-02 -3.9258281e-02 -2.9108617e-02
 -2.2182238e-02 -8.8679432e-03  9.5636624e-03  1.7927809e-02  1.7528337e-02
  7.0729614e-03 -1.1350281e-02 -2.5997579e-02 -3.3530318e-02 -2.8154506e-02
 -2.2553098e-02 -1.5430835e-02 -1.9544404e-02 -2.7018818e-02 -2.7890393e-02
 -2.5774183e-02 -2.1654011e-02 -2.0857269e-02 -2.5208540e-02 -3.0628370e-02
 -3.2076593e-02 -2.7311544e-02 -1.3837350e-02  1.4247827e-03  1.5627820e-02
  2.0444591e-02  1.4952129e-02  1.4535050e-02  1.4532849e-02  1.6619346e-02
  1.7774843e-02  1.9450864e-02  1.5992077e-02  8.4463519e-03  4.7687906e-03
  5.1903819e-04  4.0666887e-04  2.3809838e-03 -1.2283482e-03 -2.0325740e-03
  2.1360185e-03  5.9428854e-03  1.2637834e-02  1.0855508e-02  9.2301089e-03
  5.5387917e-04 -1.3849455e-02 -2.2466160e-02 -1.9190052e-02 -1.0869594e-02
 -6.0346649e-04  5.2555299e-03  8.9355123e-03  1.8651920e-02  3.1625399e-02
  4.4356773e-02  2.9976890e-02 -2.5890833e-03 -3.7486519e-02 -3.4289645e-02
  2.3064818e-03  4.7693408e-02  5.5450644e-02  2.7334654e-02  3.1382194e-03
 -1.9692968e-02 -2.9826125e-02 -3.0532629e-02 -2.5416529e-02 -1.6818532e-02
 -5.9064598e-03 -7.8931441e-03 -1.7536040e-02 -2.7396280e-02 -2.5381314e-02
 -1.8115990e-02 -8.9828326e-03  1.8263453e-03  3.3297018e-03  6.0322439e-03
  3.2580610e-03 -2.4636294e-03 -6.2323099e-03  6.7247717e-04  1.0531198e-02
  1.7840872e-02  3.0288324e-02  3.9409046e-02  4.0479806e-02  3.0119952e-02
  1.7683504e-02  1.1789369e-02  8.8759767e-03  4.1101574e-03 -5.1356883e-04
 -6.3295917e-03 -9.2710466e-03 -1.1491141e-02 -8.5734566e-03 -4.5931551e-03
 -4.4356773e-03 -6.9348520e-03 -1.3730604e-02 -2.4965335e-02 -2.9884450e-02
 -2.0347750e-02 -1.4766149e-02 -1.4705623e-02 -1.3781226e-02 -4.2704963e-03
  5.9073402e-03  1.2428744e-02  9.5462749e-03 -4.6614944e-05 -7.3208980e-03
 -8.5101794e-03 -8.7969627e-03 -9.1425113e-03 -5.2209750e-03  1.3807637e-03
  3.1558270e-03  2.0386266e-03  4.3572136e-03 -2.1442720e-03 -9.6788819e-03
 -1.6289204e-02 -1.4204908e-02 -3.0998129e-03  6.9100913e-03  1.9116320e-02
  3.3172664e-02  4.5705954e-02  5.4065148e-02  4.3407065e-02  2.9467371e-02
  2.0599758e-02  1.4619787e-02  1.2392429e-02  2.8512160e-03 -7.8173214e-03
 -1.5384615e-02 -1.4659404e-02 -9.0977220e-03 -6.6928579e-03 -3.3250798e-03
 -9.8779575e-03 -1.6687576e-02 -1.5714757e-02 -1.4388687e-02 -1.6887862e-02
 -2.2717068e-02 -2.8582591e-02 -2.8332783e-02 -1.8994167e-02 -1.1044349e-02
 -3.5102894e-03  2.9910862e-03  9.3300319e-03  1.5842412e-02  2.1027842e-02
  1.8563882e-02  9.7073842e-03  9.1486739e-04 -4.0395070e-03 -2.2411137e-04
  1.2031474e-02  1.9562012e-02  2.3475294e-02  2.2080995e-02  2.0337845e-02
  1.5808298e-02  8.5954661e-03  8.5422031e-03  1.2458457e-02  1.7621877e-02
  1.7205899e-02  1.0369759e-02 -3.2627930e-04 -1.0599208e-02 -1.6523605e-02
 -1.2916254e-02 -9.6398151e-03 -1.5389017e-02 -2.6138440e-02 -3.4295147e-02
 -3.9739188e-02 -3.9926268e-02 -3.6513701e-02 -3.2115109e-02 -2.4327061e-02
 -1.3806537e-02 -3.3352041e-03 -3.6730494e-04 -4.9881149e-04  1.1241334e-02
  2.8057665e-02  3.6441070e-02  4.3116540e-02  4.2227358e-02  3.3079124e-02
  2.2036976e-02  9.3126444e-03  1.1470232e-03  3.7642786e-03  1.3168262e-02
  1.9402443e-02  1.9095411e-02  1.4974139e-02  1.1538462e-02  8.1670518e-03
  5.7749532e-03  5.9247276e-03  3.3587543e-03 -2.5566193e-03 -5.5674040e-03
 -7.9554308e-03 -8.7606471e-03 -5.0102344e-03 -7.0718609e-03 -1.0950039e-02
 -1.5353802e-02 -1.4964235e-02 -1.3250798e-02 -1.1852096e-02 -1.3667877e-02
 -1.7780346e-02 -1.8738858e-02 -2.0162870e-02 -2.2496974e-02 -2.5132607e-02
 -1.9191152e-02 -1.1769561e-02 -4.0998129e-03  3.1278750e-03  5.1505447e-03
  2.4113569e-03 -2.7533840e-03 -6.3552328e-03 -1.0528997e-02 -9.8686035e-03
 -2.7449103e-03  6.5278970e-03  1.0710906e-02  1.5492462e-02  1.9249477e-02
  1.9290195e-02  1.9895455e-02  1.9370529e-02  2.1459227e-02  1.8942445e-02
  1.2105205e-02  4.8120392e-03  4.3264004e-04  5.7100253e-04  1.2139320e-03
  2.1941235e-03  7.2698360e-03  1.1821283e-02  1.9292396e-02  2.0869374e-02
  1.5704853e-02  1.5171124e-02  1.0645097e-02  3.7966326e-03 -2.8464840e-03
 -1.0370309e-02 -1.6868053e-02 -2.2623528e-02 -2.8922637e-02 -2.8664026e-02
 -2.5949158e-02 -2.2670848e-02 -1.7808958e-02 -1.4697920e-02 -1.1319467e-02
 -1.2058985e-02 -1.4836580e-02 -1.7965225e-02 -1.7717619e-02 -1.4533950e-02
 -8.0967316e-03 -4.7607571e-03 -3.8059866e-03 -5.4330362e-03 -1.2089799e-02
 -2.1428414e-02 -1.8971058e-02 -1.2958072e-02 -6.4920216e-03 -5.0447893e-04
 -4.1670518e-04  3.1988555e-03  2.9447562e-03  1.0775944e-03  3.3768020e-03
  1.0016727e-02  1.2297788e-02  1.1411907e-02  1.0633322e-02  6.8809288e-03
 -7.5245956e-04 -4.8063167e-03 -5.5587102e-03 -3.7569055e-03 -1.9578519e-03
 -2.7333553e-03 -1.7689006e-03  3.4286343e-03  6.0517222e-03  6.0241004e-03
  7.9475074e-03  1.1902718e-02  1.5364807e-02  1.2925058e-02  1.1715638e-02
  1.0952790e-02  1.1372290e-02  1.1255640e-02  1.1338175e-02  1.1888412e-02
  1.0862661e-02  7.5849015e-03  3.6126334e-03  1.5380213e-03 -2.1082866e-05
  2.7045229e-03  4.0839661e-03  3.5208540e-03  4.8413118e-03  6.6512600e-03
  1.2470562e-02  1.4723231e-02  1.5974469e-02  1.6989105e-02  1.7576758e-02
  1.9677561e-02  1.7504127e-02  1.7110157e-02  1.1648509e-02  9.8722351e-03
  8.5726863e-03  1.0764389e-02  1.3678882e-02  1.0320458e-02  1.0384175e-02
  4.2799604e-03  5.6159349e-04 -8.2180037e-04 -2.5188731e-04 -2.4276439e-03
 -5.8183119e-03 -5.0212391e-03 -7.5361505e-03 -1.1187411e-02 -1.2904149e-02
 -9.8705844e-03 -6.4712226e-03 -3.2972378e-03 -3.0145262e-03 -3.0676791e-03
 -5.7422692e-03 -3.9930670e-03  2.1438318e-03  6.4528447e-03  9.8518763e-03
  9.7614174e-03  9.4603279e-03  8.0546935e-03  5.4897106e-03  7.1944536e-03
  6.0246506e-03  5.8943546e-03  8.5331793e-03  1.0933091e-02  1.4955431e-02
  1.4553758e-02  1.0292506e-02  6.7148674e-03  4.7914603e-03  3.3273908e-03
  3.3057115e-03  2.7159679e-03  3.3770221e-03  5.1580280e-03  1.9766700e-03
 -6.0734016e-03 -1.0623308e-02 -1.4791460e-02 -1.8354793e-02 -2.0338946e-02
 -2.1941235e-02 -1.8914933e-02 -2.0423682e-02 -2.4610983e-02 -2.3937493e-02
 -1.8623308e-02 -1.2403433e-02 -7.6982502e-03 -8.0735116e-03 -1.1989656e-02
 -1.5386816e-02 -1.1229229e-02 -4.3168262e-03 -9.3269506e-04  1.6641356e-03
  3.4419500e-03  5.6266094e-03  8.3366348e-03  1.1998459e-02  1.1652911e-02
  8.4319357e-03  5.7475514e-03  6.8062067e-03  5.6346429e-03  5.9371630e-03
  5.0496313e-03  1.6502696e-03 -2.5128205e-03 -1.3218884e-03  5.9623638e-03
  8.1581380e-03  9.1718939e-03  9.7666997e-03  9.3158358e-03  7.2222956e-03
  3.5343898e-03  2.7113459e-03  4.3907780e-03  5.3109937e-03  2.1341477e-03
 -4.7094751e-04 -1.3173765e-03 -2.3305822e-03 -6.3434577e-03 -8.8709145e-03
 -1.1654011e-02 -1.0792781e-02 -7.4484428e-03 -4.5036866e-03 -1.1602289e-03
 -5.5396721e-04 -3.7584461e-04 -2.2323099e-03 -2.3026301e-03 -4.5591504e-03
 -8.5351601e-03 -1.1898316e-02 -1.5700451e-02 -1.2352812e-02 -1.1275448e-02
 -1.0278970e-02 -6.4679212e-03 -6.1239133e-03 -6.8854407e-03 -6.9684164e-03
 -5.5777484e-03 -4.6595136e-03 -8.1286453e-04  9.2117310e-04 -2.6170353e-03
 -4.5924948e-03  3.4091559e-04  3.0031914e-03  3.8299769e-03  5.7209200e-03
  8.0344448e-03  1.2850226e-02  1.3271707e-02  1.0447893e-02  1.1846594e-02
  9.2153626e-03  3.8969957e-03  8.1410807e-04 -7.4329262e-04 -3.3394960e-03
 -6.6962694e-03 -9.3338836e-03 -1.1252339e-02 -1.1605590e-02 -1.4493232e-02
 -1.7275228e-02 -2.1198415e-02 -2.2640035e-02 -2.4635193e-02 -2.5449543e-02
 -2.1862001e-02 -1.4460218e-02 -6.1835589e-03 -1.1396500e-03  7.1169803e-03
  1.1426213e-02  1.3054914e-02  1.1272147e-02  9.3945196e-03  8.9484979e-03
  7.6719489e-03  4.9716078e-03  1.6833939e-03  3.9279190e-03  3.9770001e-03
  6.1948938e-03  7.3353142e-03  9.0375261e-03  1.0978981e-02  1.0213052e-02
  6.2688456e-03 -7.9285793e-04 -5.8370199e-03 -5.7750633e-03 -3.8241444e-03
  1.1773963e-03  1.1414108e-02  1.5847915e-02  1.6029493e-02  1.3101133e-02
  1.0130296e-02  9.7877187e-03  6.3785628e-03 -5.2003962e-04  2.3227688e-04
  3.2355013e-03  3.6616045e-03  4.8130296e-03  5.0391768e-03  3.9171344e-03
  8.5121602e-04  3.3336635e-03  3.4736437e-03  1.7235611e-03 -3.3936393e-03
 -9.4101464e-03 -8.5610212e-03 -6.9076703e-03 -2.9916364e-03  6.2719269e-04
  1.6281501e-03  2.6132937e-03 -2.5024761e-04 -7.3698690e-03 -1.3710796e-02
 -1.3804336e-02 -8.9643447e-03 -4.0797843e-03 -2.6306812e-03 -3.2334104e-03
 -2.7888192e-03 -6.1491141e-03 -8.0150765e-03 -5.2429845e-03 -7.3497304e-03
 -8.8408716e-03 -9.2681853e-03 -6.2114009e-03 -3.0884780e-03 -2.9499285e-03
 -5.2358314e-03 -9.8556179e-03 -1.3363046e-02 -1.4412898e-02 -1.4963134e-02
 -2.1859800e-02 -2.0488610e-02 -1.3039507e-02 -7.9856938e-03 -5.4255530e-03
 -4.0853967e-03 -7.5512270e-04  3.5955761e-03  7.2669748e-03  8.2335204e-03
  7.6873556e-03  6.4959833e-03  6.5506768e-03  5.3731705e-03  6.0302630e-03
  8.7959723e-03  1.0206669e-02  1.1516452e-02  1.0176516e-02  6.8081875e-03
  5.5606911e-03  6.4818972e-03  5.7157478e-03  1.1964345e-03 -4.8026852e-04
  8.7021019e-04  5.7506328e-03  9.6978101e-03  1.1721140e-02  1.3606251e-02
  1.1298558e-02  1.2582811e-02  1.0088368e-02  1.1154396e-02  1.4496534e-02
  1.7381974e-02  1.6273798e-02  1.2097502e-02  9.5076483e-03  4.7737427e-03
  7.9610432e-03  1.0349730e-02  9.4623088e-03  7.3452184e-03  6.5036866e-03
  6.5075382e-03  8.4769451e-03  7.2018268e-03  2.6394850e-03 -5.8135798e-04
 -5.0713107e-03 -6.1907120e-03 -1.3171564e-02 -1.8935842e-02 -1.7669198e-02
 -1.0695829e-02 -2.9624739e-03 -7.8517663e-05 -3.0994828e-04 -2.2707164e-03
  2.8730054e-04  5.2385826e-03  1.0696930e-02  1.0819082e-02  5.2850226e-03
 -4.8914933e-04 -3.7674700e-03 -2.6591834e-03  6.3551227e-04  2.0903489e-03
  2.4239023e-03  1.8332783e-03 -3.3730604e-03 -5.9232970e-03 -6.5806097e-03
 -5.6896666e-03  2.8694839e-03  3.7336855e-03 -1.3264004e-03 -5.5808298e-03
 -8.6521404e-03 -8.4825575e-03 -8.5266865e-03 -5.2697260e-03 -5.7953120e-03
 -4.3084626e-03  7.6282602e-04  4.5077583e-03  8.4585672e-03  6.8024651e-03
  3.3718499e-03  3.5937053e-03  7.1770661e-03  6.3564433e-03  6.4529548e-03
  9.5793991e-03  7.8299769e-03  8.3084626e-03  5.7652691e-03  3.8945747e-03
  4.2722571e-03  4.3386156e-03  3.4287444e-03  2.3138550e-03  3.7924508e-03
  5.7673600e-03  9.3272807e-03  7.6355233e-03  5.7802355e-03  7.3374051e-03
  1.0278200e-02  9.9482778e-03  6.0316936e-03  3.6062507e-03  4.7582260e-03
  7.2996589e-03  4.2955871e-03  4.2564103e-04 -4.3737207e-03 -6.4195004e-03
 -2.1068559e-03 -1.8481347e-03 -7.5922747e-03 -1.2200946e-02 -1.4996148e-02
 -1.3534720e-02 -9.1572576e-03 -6.9582921e-03 -2.5723561e-03  1.4668207e-03
  4.4190602e-03  6.8690437e-03  2.6532409e-03 -3.0793441e-03 -4.5734566e-03
 -5.4867393e-03 -4.4400792e-03 -3.3123143e-03 -8.2134918e-03 -1.1450424e-02
 -1.5078684e-02 -1.5523275e-02 -1.5600308e-02 -1.2780896e-02 -4.9214262e-03
 -7.5764279e-03 -7.8852206e-03 -1.0819412e-02 -1.2633432e-02 -9.9052493e-03
 -8.5615715e-03 -3.7289534e-04  4.4827776e-03  1.0627380e-02  1.3874766e-02
  1.5043469e-02  1.9142731e-02  1.6190162e-02  1.3536921e-02  1.0796963e-02
  4.6192363e-03 -9.9315506e-04 -4.1661715e-03 -4.0429185e-03 -1.7729724e-03
  2.5835809e-03  2.4071751e-03  3.0987124e-03  3.0573347e-03  2.1061957e-03
  4.0669088e-03  2.4801365e-03  2.4710025e-03  6.8866513e-04 -1.6749202e-03
 -4.1946737e-03 -5.5126004e-03 -6.9905359e-03 -6.8413118e-03 -1.6150545e-03
  4.8913833e-03  1.1617696e-02  1.0207329e-02  8.2564103e-03  6.9628040e-03
  4.3149554e-03  2.6275999e-03  1.1638605e-03 -6.0376362e-04 -2.4612083e-03
 -2.2167932e-03 -4.9384835e-03 -5.4038737e-03 -1.1973148e-03 -1.3473093e-03
  4.8727853e-04  1.2417740e-03  2.6414658e-03  1.7614174e-03 -2.0132057e-04
  4.5505667e-04  2.0033014e-03  5.7868383e-03  5.2302190e-03  6.7861781e-03
  6.2985584e-03  3.7595466e-03 -2.3454385e-04 -1.8469242e-03 -2.1700231e-03
 -7.4515242e-03 -8.3245295e-03 -7.0739518e-03 -7.7541543e-03 -8.2134918e-03
 -9.3580940e-03 -7.4532849e-03 -7.3673380e-03 -7.3868163e-03 -4.8540773e-03
 -1.9805216e-03  7.9037086e-04  2.7744030e-03  5.2775393e-03  6.2164631e-04
 -2.5644327e-03 -5.5801695e-04  2.2713767e-04 -3.3235391e-04 -3.7583361e-03
 -3.5621217e-03 -2.2020469e-03 -4.5197535e-03 -6.7576758e-03 -9.8397711e-03
 -6.1037746e-03 -5.2520084e-03 -8.0443491e-03 -6.9662155e-03 -4.7443601e-03
 -4.7350061e-04  1.2110708e-03  2.1866403e-03  3.2964675e-03  4.1293056e-03
  1.7921206e-03  6.9527897e-04 -2.0086937e-03 -5.8888522e-03 -5.5753274e-03
 -4.9409046e-03 -2.4299549e-03 -3.8980962e-03 -4.7617476e-03 -5.1625399e-03
 -5.9927369e-03 -1.9043689e-03 -4.6546715e-03 -1.3387257e-03  1.4493232e-03
  2.5606911e-03  5.0174975e-03  6.4817872e-03  7.7177286e-03  2.9202157e-03
 -2.3968306e-05  7.4492132e-04  5.2912953e-04 -6.1481237e-04  1.8906130e-04
  3.5620117e-04  1.0313415e-03 -1.5825905e-03 -4.7573457e-03 -8.0752724e-03
 -7.2954771e-03 -2.9312204e-03 -3.9904259e-03 -5.5281171e-03 -4.7171784e-03
 -3.4963134e-03 -1.3155057e-03 -3.1071861e-05  2.1158798e-03  3.3011995e-03
  6.0903489e-03  6.5395620e-03  9.9498184e-03  1.3426874e-02  1.1111478e-02
  7.4499835e-03  4.1258941e-03  4.3029603e-03  5.4411797e-03  7.0265214e-03
  8.6508199e-03  9.4175195e-03  6.1228128e-03  5.0489711e-03  3.0171674e-03
  2.0778035e-03  4.6874656e-03  6.2919555e-03  6.6902168e-03  8.5953560e-03
  9.3195774e-03  5.7663695e-03 -2.7110157e-03 -5.0883680e-03 -1.1080665e-04
 -1.4536151e-03  7.6687576e-04  4.7473314e-03  1.4695719e-03 -2.6786618e-03
 -1.8651920e-03 -3.4436007e-03 -1.5066579e-03  2.8306372e-03  4.2315396e-03
  6.0511720e-03  2.8425223e-03 -7.0729614e-04 -2.7340156e-03 -5.9181248e-03
 -4.6388247e-03 -2.6242984e-03 -1.6112028e-03 -3.7352261e-03 -8.3081325e-03
 -8.0488610e-03 -6.9656652e-03 -1.0216023e-02 -1.2020469e-02 -1.0668978e-02
 -7.6316716e-03 -4.6098822e-03  1.9882249e-04  1.1885111e-03 -2.8758666e-06
  2.1170903e-03  2.2248267e-03  3.7858479e-03  6.4425003e-03  7.5557390e-03
  8.0199186e-03  6.7791350e-03  5.3654672e-03  3.6512600e-03 -1.6212171e-03
 -3.1090569e-03 -1.6602839e-03 -5.5949158e-04  2.3902278e-03  7.0697700e-03
  1.0688456e-02  1.2531088e-02  7.0825355e-03  3.5778585e-04 -2.8704743e-03
 -1.5466050e-03 -1.5305381e-03 -9.4551557e-04 -1.5349400e-03 -4.5601409e-03
 -4.9110818e-03 -5.1695829e-03 -4.0721910e-03 -3.9179047e-03 -6.5769781e-04
 -1.5831408e-03  3.1537361e-04  3.2481567e-03  3.9292396e-03  6.3277209e-03
  4.5730164e-03  2.6853747e-03  7.5122703e-04 -1.2948168e-03 -1.1911522e-03
  6.8128095e-04 -3.0254209e-04 -5.1416309e-03 -8.6461979e-03 -9.1450424e-03
 -7.5360405e-03 -5.1447122e-03 -6.0311434e-03 -4.7925608e-03 -1.3169363e-03
 -9.7739628e-05 -3.6620447e-04  1.1868603e-03  3.5457247e-03  4.0634973e-03
  1.6338726e-03 -1.4402993e-04  1.7906900e-03  4.4721030e-03  2.4623088e-03
 -3.3992517e-03  5.5646528e-04  6.5894134e-04  7.8071971e-04 -4.8953450e-04
 -3.2191042e-03 -4.9801915e-03 -9.4693518e-03 -7.6018488e-03 -6.4493232e-03
 -5.9240673e-03 -3.1088368e-03 -2.0250908e-03 -2.1300759e-03 -8.1003632e-05
  2.3019698e-03  3.0246506e-03  5.9067899e-03  7.5635523e-03  1.1164301e-02
  1.4104765e-02  1.4210410e-02  1.2823814e-02  1.0340376e-02  8.9218664e-03
  7.4918015e-03  9.2399032e-03  7.6162650e-03  6.3327831e-03  3.1474634e-03
  3.3304721e-04 -1.9021679e-03 -3.0949708e-03 -3.4445912e-03 -2.7923407e-03
 -1.2255970e-03 -4.3031804e-04  4.4509739e-04  4.5444041e-04 -1.5785188e-03
 -3.7807857e-03 -3.4185100e-03 -6.9362826e-03 -1.0015957e-02 -9.9368328e-03
 -7.7503026e-03 -5.2226257e-03 -4.0526026e-03 -2.5481457e-03 -2.6292506e-03
 -2.5871025e-03 -5.7050732e-03 -8.4577969e-03 -1.0504237e-02 -1.3173765e-02
 -9.8098382e-03 -6.6840541e-03 -6.1825685e-03 -3.7746231e-03 -7.3388357e-04
  4.7871685e-04  2.9037086e-03  4.5568394e-03  4.4892704e-03  5.3412567e-03
  3.3157258e-03  5.0314735e-04 -4.3447783e-03 -6.6019588e-03 -4.2134918e-03
 -2.7289534e-03 -2.1377792e-03 -2.9554308e-03 -2.4745240e-03 -2.5574997e-03
 -2.2298889e-03 -8.0647078e-04 -1.6613844e-03 -5.2470562e-04 -4.8376802e-04
 -3.9996699e-04  3.7843073e-03  4.2454055e-03  4.5206339e-03  4.7685705e-03
  7.2635633e-03  7.2000660e-03  4.3761417e-03  6.0798944e-03  6.7218004e-03
  5.4514141e-03  3.6553318e-03 -4.6914273e-04 -5.4947728e-03 -6.0789039e-04
  8.6456476e-03  1.2055684e-02  6.6006383e-03  1.4927919e-03 -1.6803125e-03
 -1.2195444e-03  1.0302300e-04 -4.5916144e-03 -7.2397931e-03 -5.8031253e-03
 -7.8251348e-04  1.0117531e-03 -6.6667767e-04 -3.7783647e-03 -6.5466050e-03
 -5.6244085e-04  2.6025091e-03 -2.4065148e-03 -3.0103444e-03 -1.7697810e-03
 -2.5584902e-03 -1.8457137e-03 -1.2040277e-03  4.0969517e-04  2.0384065e-03
  2.7911302e-03  4.0506218e-03  3.5325190e-03  4.0599758e-03  4.5625619e-03
  5.5106196e-03  6.4421701e-03  4.2663145e-03  1.9396941e-03 -5.0190382e-03
 -5.2034775e-03 -3.2722571e-03 -4.1253439e-03 -1.5318587e-03 -2.5427534e-03
  1.3251898e-03  7.0088038e-03  1.1733245e-02  1.1776164e-02  1.0109387e-02
  8.7247717e-03  6.6449873e-03  3.1508749e-03  3.0894685e-03  1.7028722e-03
 -8.8709145e-04  1.8885221e-04 -2.5642126e-03 -2.3305822e-03 -1.5939254e-03
 -2.6258391e-03 -4.5344998e-03 -7.1568174e-03 -8.6610543e-05  3.3153956e-03
  3.6783317e-03  5.9372730e-03  2.4924618e-04 -4.1115880e-03 -6.0250908e-03
 -6.9194454e-03 -6.7430395e-03 -2.9389237e-03  4.2210851e-04  3.5317487e-03
  4.5014856e-03  3.0029713e-03  4.4374381e-03  4.7873886e-03  3.9311104e-03
  1.5660834e-03  8.0154066e-05  1.7742929e-04  7.1349180e-04  3.2721470e-04
  1.9080004e-03  2.7245516e-03  3.8191923e-04  3.7738528e-03  3.4380984e-03
  3.0968416e-03  4.9670959e-03  5.5469352e-03  7.4100363e-03  5.1004732e-03
  2.3624959e-03  3.3673380e-03  4.2517883e-03  4.5812699e-03  1.4629691e-04
  7.3901178e-04  1.4680313e-03 -1.0164961e-03 -3.5537581e-03 -7.6410256e-03
 -9.4614284e-03 -9.0116650e-03 -6.7069440e-03 -1.6521404e-03 -4.8070870e-04
  5.0277319e-04  2.0353252e-03  1.2817211e-03  2.8464840e-03 -4.8712446e-04
 -1.3398261e-03 -1.0431165e-03  2.1728843e-03  4.5146913e-03  4.8272257e-03
  8.4986244e-03  1.1116980e-02  1.0421041e-02  8.0170573e-03  5.0512821e-03
  1.1483438e-03 -2.6426764e-04  2.4497634e-03 -3.4643997e-04 -1.5373611e-03
  1.6585232e-03  1.9885551e-03 -3.2421041e-03 -2.2512380e-03 -2.6014086e-04
  2.5264664e-03  4.6292506e-03 -1.1815781e-03 -2.7468912e-03 -3.8254649e-03
 -4.5108397e-03 -6.7467811e-03 -8.6261693e-03 -8.0988225e-03 -6.0776934e-03
 -4.3999120e-03 -4.6256190e-03 -2.1890613e-03 -4.3819742e-03 -8.1001431e-03
 -8.6511500e-03 -7.8949048e-03 -3.7810058e-03 -1.7736327e-03 -3.4738638e-03
 -5.5876527e-03 -4.1100473e-03  2.1447122e-04  4.4977440e-03  1.7545945e-03
 -2.7219104e-04  4.5814900e-03  3.5943656e-04 -3.8308573e-04 -1.5264664e-03
 -5.7408386e-03 -6.8069770e-03 -8.2493672e-03 -7.8737757e-03 -8.2800704e-03
 -6.2589413e-03 -8.0666887e-03 -3.6606141e-03 -6.9585122e-03 -6.6610543e-03
 -3.8224937e-03 -5.1382194e-03 -4.0354352e-03 -1.1680423e-03  2.6722791e-03
  1.1922527e-03  4.0434687e-03  2.5652030e-03  3.1878508e-03  3.3775724e-03
  1.0323539e-03 -1.7592165e-03 -4.4425003e-03 -1.9910862e-03  3.9359525e-04
 -8.3837350e-04  2.8877517e-04  8.4281941e-04 -2.0466601e-03 -2.3550127e-03
  2.4239023e-03  1.9797513e-03  6.2553098e-03  5.5178827e-03  1.8309673e-03
  3.3763618e-04 -3.6184659e-03  1.5328491e-03  5.3793331e-03  6.7118961e-03
  5.8241444e-03  3.0605260e-03 -1.8414218e-03 -3.3149554e-03 -4.2794101e-03
 -5.5249257e-04  4.0972818e-03  2.6292506e-03  3.1839991e-04  5.0892484e-05
  2.4090459e-03  4.2050182e-03  9.8735556e-04  9.8425223e-04  7.7177286e-04
  2.1212721e-04  4.3803235e-03  1.9534500e-03  2.9606031e-03  8.4269836e-04
 -1.0625509e-03 -3.0265214e-03 -3.6213272e-03  4.3803235e-03  1.7979531e-03
 -4.6106526e-03 -7.4677011e-03 -6.1353582e-03 -5.6543414e-03 -8.9077803e-03
 -8.6897766e-03 -5.9072301e-03 -6.2571806e-03 -5.6997909e-03 -3.6824034e-03
 -2.5195334e-03  1.0601519e-03  1.1879608e-03  7.2374821e-03  9.0310333e-03
  5.2928359e-03  1.0199186e-03 -1.5719159e-04  4.0440189e-04 -5.9420051e-04
  1.9174645e-03  3.2279080e-03  3.9787609e-03  1.0382084e-03 -4.3726202e-03
 -6.2208650e-03 -2.7606471e-03  9.9330912e-04  7.6102124e-03  1.3092330e-02
  1.9637944e-02  2.9782106e-02  2.3931991e-02  7.4220315e-03 -1.5937053e-02
 -3.8320678e-02 -4.4973038e-02 -4.2018268e-02 -3.7483218e-02 -3.3191372e-02
 -1.6718389e-02  2.6694178e-03  1.9712776e-02  2.8149004e-02  2.6609442e-02
  2.0155167e-02  4.7003411e-03 -5.8089579e-03 -9.4055244e-03 -4.8317376e-03
 -3.0947507e-03 -3.2198745e-03 -1.5192033e-03  2.8437328e-03  8.9481677e-03
  1.4166392e-02  1.1974249e-02 -4.4603279e-04 -9.7236712e-03 -1.8526466e-02
 -2.2850226e-02 -2.6202267e-02 -2.9609332e-02 -2.6277099e-02 -1.1743150e-02
  4.2601519e-03  1.3193573e-02  1.8316276e-02  2.0089138e-02  1.5373611e-02
  9.2232860e-03  5.4380984e-03  5.5350501e-05 -3.5745571e-03 -5.2539892e-03
 -5.1167602e-03 -5.2852427e-04  7.5639925e-03  1.4078354e-02  1.3445582e-02
  1.2602619e-02  8.9510289e-03  9.8846704e-04 -7.2621327e-03 -8.1838891e-03
  2.3667877e-03  1.0234181e-02  1.1421811e-02  8.9637944e-03  3.1346979e-03
  4.9519093e-03  1.1250138e-02  1.2785298e-02  1.1246836e-02  9.1586882e-03
  8.6748102e-03  7.4440409e-03  6.6142841e-03  6.9414548e-03  1.1116980e-02
  1.0581820e-02  7.1464730e-03  1.0283812e-02  1.3150655e-02  1.1620997e-02
  6.7051832e-03  3.9032684e-03 -2.3529218e-03 -3.6852647e-03 -4.4043139e-03
 -7.1080665e-03 -1.0916364e-02 -1.2940464e-02 -8.3666777e-03 -7.4428304e-03
 -2.6959393e-03 -2.4662705e-03 -8.8428524e-04 -2.7368769e-03 -8.6540112e-03
 -9.4463519e-03 -1.0206449e-02 -5.7783647e-03 -3.7342357e-03 -5.1077363e-03
 -4.5237152e-03 -4.5896335e-03  8.3255200e-04  4.3999120e-03 -2.6049301e-03
 -5.7134368e-03 -4.9119621e-03 -5.2721470e-03 -2.4685815e-03 -6.0947507e-04
 -2.8168813e-04 -1.8941345e-03 -3.0548036e-03 -5.2903048e-03 -4.2170133e-03
 -3.0473203e-03 -1.1300759e-03 -5.5077583e-04  2.7558050e-03  3.3192473e-03
  3.2910752e-03  1.9493782e-03  1.8947948e-04 -3.6153846e-04 -1.3598547e-03
 -2.8631011e-03 -5.1332673e-03 -8.4946627e-03 -6.6917575e-03 -2.6712887e-03
  6.2578409e-04  8.8604600e-03  5.7988335e-03  4.6202267e-03  5.5037966e-03
  7.7924508e-03  9.9367228e-03  7.1749752e-03  5.8351491e-03  1.5522175e-03
 -3.6354132e-03 -4.9362826e-03 -2.0938704e-03  1.6986904e-03  1.0129966e-03
  2.9427754e-03  6.9109717e-03  5.5929350e-03  6.8114889e-03  4.6973699e-03
  5.1915924e-03  2.1549466e-03 -4.7436998e-04  2.1677121e-03  6.7255420e-04
  1.2589413e-03  4.3292616e-03  4.5441840e-03  4.3613954e-03  1.2352812e-03
 -2.3309123e-03 -1.2120612e-03 -3.9444261e-03 -3.1868603e-03 -5.0633873e-03
 -3.8978761e-03 -3.3482998e-03 -3.4047540e-03 -3.4631892e-03 -6.4577969e-03
 -8.4529548e-03 -9.8199626e-03 -9.5737867e-03 -8.9795312e-03 -1.0873666e-02
 -9.5762078e-03 -5.6156047e-03 -3.5134808e-03 -4.3927589e-03 -6.7275228e-03
 -5.5701552e-03 -5.6399252e-03 -6.0479806e-03 -6.5882029e-03 -8.3259602e-03
 -5.9275889e-03 -5.2276879e-03 -6.2180037e-03 -3.5745571e-03 -1.1276549e-03
  1.7847474e-03  1.1241334e-03  1.4093760e-03  3.9026081e-03  4.8399912e-03
  6.3867063e-03  6.8416419e-03  6.1707934e-03  7.2152526e-03  1.1657313e-02
  1.4912512e-02  1.3096732e-02  7.7958622e-03  2.8949048e-03  3.4958732e-03
  1.9559811e-03 -2.2451854e-03 -6.5310884e-03 -7.4704523e-03 -1.1217123e-03
  3.4795862e-03  4.1550567e-03 -8.2802905e-04 -2.6123033e-03 -2.5825905e-03
  8.8425223e-04  3.4013426e-03  4.2980081e-03  5.0575547e-03  5.8016947e-03
  7.6893364e-03  2.8259051e-03 -1.9180147e-03 -2.0321338e-03 -3.1099373e-04
 -5.5460548e-04 -5.7420491e-04 -8.8441730e-04  5.8633212e-04 -3.0601959e-03
 -7.9861340e-03 -7.3772422e-03 -4.6074612e-03 -4.1118081e-03 -3.4404094e-03
  4.7956421e-04  2.6404754e-03  4.6577528e-03  6.8516562e-03  2.6521404e-03
  7.6192363e-04  3.1438318e-03  3.8073071e-03  1.5538682e-03  2.0890283e-03
  3.7553648e-03  3.6219875e-03  1.8855508e-03  3.5592605e-04 -9.6934082e-04
 -5.3905579e-03 -4.9448663e-03 -4.7703312e-03 -2.8297568e-03 -2.6903268e-03
 -4.9270386e-03 -1.7178387e-03 -1.5099593e-03 -4.6712887e-03 -3.3495103e-03
 -1.2802905e-03 -3.5646528e-04 -2.3489601e-03 -3.1870804e-03 -7.3628260e-04
  1.6697480e-03  4.4189501e-03  7.6466381e-03  7.8299769e-03  1.7518433e-03
  1.7946517e-03  8.3416969e-04  1.0783537e-03  1.2180037e-03 -1.4695719e-03
 -1.2382524e-03  1.9873446e-03  4.9416749e-03  5.3955101e-03  3.7298338e-03
  1.0035875e-03  1.5121602e-03 -1.6261693e-03 -8.7978431e-04 -7.8875316e-04
 -3.3180368e-03 -2.3477495e-03 -4.0614064e-03 -3.8979861e-03 -2.7045229e-03
  9.9692968e-04  1.3825245e-03  1.3758116e-03  1.0086387e-03  7.4415098e-04
  2.3725102e-04  1.7541543e-03 -4.8830197e-04 -4.1798173e-03 -2.6318917e-03
 -3.5517773e-03 -4.5644327e-03 -9.3222186e-03 -6.4839881e-03 -3.3364147e-03
 -8.9932871e-04  2.5409926e-03  1.0685265e-03 -1.2826015e-03 -1.1114779e-03
  3.3451084e-03  5.4082756e-03  5.1375592e-03  2.3477495e-04 -3.1279850e-03
 -2.4393089e-03 -3.8207329e-03 -4.4810168e-03 -4.5628920e-03 -4.0168372e-03
 -3.4245626e-03  5.9543304e-04  5.3560031e-04  1.8715748e-03  3.2023770e-03
  8.2204248e-04  2.7705513e-03  1.2481567e-03 -2.3399362e-04  9.5633322e-05
  2.1507648e-03  6.9201056e-03  6.7177286e-03  5.7796853e-03  1.2425443e-03
 -1.5080885e-03 -1.0021459e-03 -1.4197205e-03  2.1074062e-03  3.4209310e-03
 -5.9125124e-04 -6.5845714e-04  1.5054473e-03 -1.2471663e-04  4.0517222e-04
  2.2987785e-03  2.3149554e-04  2.1152195e-03  2.1955541e-03  2.3641466e-03
  1.3034005e-03  1.5703753e-03  1.8115990e-04 -1.1698030e-03  3.6542313e-04
 -1.8659624e-03 -7.7696710e-04 -4.8839001e-03 -5.4353472e-03 -2.7511830e-03
 -1.4341367e-03  1.5946957e-03  1.2304391e-03  9.8654121e-04  4.4407395e-03
  1.9417850e-03  1.6930780e-03  7.8375702e-04 -2.2262573e-04  3.5615715e-04
  1.9151535e-03  5.0895785e-03  9.4458017e-03  8.4810168e-03  3.6806427e-03
  4.4160889e-03  3.0241004e-03 -1.8030153e-04  9.4546055e-04  1.1582480e-03
  1.3398261e-03  3.4582370e-03  1.3628260e-03  9.2604820e-05  8.1711236e-05
  2.8257951e-03  5.0275118e-03  2.6517002e-03  1.6455376e-03  4.4112468e-03
  6.3558930e-03  5.6117531e-03  4.7449103e-03  6.0064928e-03  3.0874876e-03
  3.1394300e-03  5.4866293e-03  6.0471003e-03  1.0364147e-02  8.0552438e-03
 -5.3578739e-03 -1.3828546e-02 -2.0504017e-02 -1.9723781e-02 -1.2235061e-02
 -6.2731374e-03 -2.2316496e-03 -8.3727303e-03 -1.1411907e-02 -6.8646418e-03
  9.1043249e-05  1.6255090e-03 -9.5946957e-04 -6.6008584e-03 -5.6641356e-03
 -4.7828766e-03 -4.0312534e-03 -4.5198635e-03 -2.5462749e-03  3.6868053e-03
  7.8599098e-03  1.0562672e-02  9.7738528e-03  2.2391328e-03 -8.0913393e-03
 -1.0339496e-02 -9.7988335e-03 -7.8517663e-03 -8.2903048e-03 -8.4623088e-03
 -5.8213932e-03 -2.7797953e-03 -1.4382084e-03 -2.4623088e-03 -1.3853857e-03
 -1.7034225e-03 -3.4989546e-03 -6.2257071e-03 -8.5661935e-03 -9.4559260e-03
 -5.4705623e-03  6.2616925e-04 -1.1346979e-03 -1.9380434e-05 -3.8923737e-04
  1.8108287e-03  2.3448883e-03  1.1898316e-03 -2.1036646e-03 -2.7711016e-03
 -1.7057335e-03 -1.0976340e-03 -7.5519974e-04 -3.1554969e-03 -1.8420821e-03
 -1.8613404e-03  5.6220975e-04  7.7343458e-05 -1.9598327e-03 -2.1486739e-03
  5.7419390e-04  5.4883900e-03  5.5573897e-03  5.6256190e-03  4.2780896e-03
 -1.3444481e-03 -6.0312534e-03 -7.0176076e-03 -2.7530538e-03  3.5352702e-03
  6.7037526e-03  2.2720370e-03 -1.9744690e-03 -2.4256630e-03 -9.5097392e-04
 -1.8973259e-03 -7.1733245e-04  2.0272917e-03  4.5986574e-03  2.6108727e-03
  2.8811489e-03  3.5198635e-03  4.0246506e-03  5.4822274e-03  5.4126775e-03
  5.7852977e-03  4.8909431e-03  6.1109277e-03  3.7171784e-03  4.3399362e-03
  4.3458787e-03  3.3688786e-03  1.7125564e-03  4.8867613e-03  3.6365137e-03
  7.0064928e-04  6.3995818e-04  7.6336525e-04  6.1138990e-03  6.4472323e-03
  5.0812149e-03  4.0235501e-03  8.6727193e-04 -8.6416859e-04 -1.7383075e-03
 -3.3783427e-03  1.6240784e-03  1.4450314e-03  8.8402113e-04  1.2762188e-04
 -3.1762958e-03 -1.4166392e-03 -7.2188841e-04 -5.4276439e-04  9.5821503e-05
 -7.9566414e-04 -1.5320788e-03 -1.6974799e-03 -2.6347529e-03 -1.1109277e-03
  2.7608672e-04  1.4189501e-03  4.9903158e-04  7.3534720e-04 -1.2321998e-03
  1.1339276e-03  4.8355893e-03  7.0612964e-03  6.1165401e-03  4.9074502e-03
  6.4250028e-03  5.8075272e-03  7.3103334e-03  5.6437768e-03  6.4072851e-03
  3.7998239e-03  1.6174755e-03 -1.3662375e-03 -4.3730604e-03 -3.8458237e-03
 -5.0473203e-03 -5.1090569e-03 -5.1605590e-03 -2.9355123e-03 -2.3322329e-03
 -4.9746891e-03 -3.2284582e-03 -7.9238473e-04  1.3134148e-03  1.4351271e-03
 -2.9997799e-04 -1.6408055e-03 -2.9491581e-03 -4.7295037e-03 -5.1009134e-03
