Scaled from
PEER NGA STRONG MOTION DATABASE RECORD
ACCELERATION TIME SERIES IN UNITS OF G
NPTS= 2999.000000, DT= 0.020000, Scalar= 1.000000
 -5.3900008e-03 -5.0537535e-03 -4.2012882e-03 -2.7981750e-03 -3.4908366e-03
 -1.0281420e-02 -1.6826164e-02 -1.7514761e-02 -9.7783912e-03  1.3396212e-03
  1.1434706e-02  9.0813588e-03  4.9937888e-04  2.5000383e-03  1.2821869e-03
 -9.8251668e-03 -8.8260103e-03 -1.3584848e-03 -1.0122690e-02 -1.6229584e-02
 -6.3937581e-03  1.5093168e-02  1.2729852e-02  2.9839736e-03  1.1541293e-02
 -7.5383023e-05 -1.1784372e-02 -6.9452496e-03  1.4705161e-02  2.7899701e-02
  1.6159804e-02 -6.3083353e-03 -9.0506863e-03 -1.1450809e-02 -4.8389694e-02
 -3.6890576e-02  2.1113412e-03  2.5403727e-02  4.1012192e-02  1.0417146e-02
 -3.1696956e-02 -6.2619431e-03  2.3874703e-02  4.2867878e-03 -6.6584618e-03
 -1.4193697e-02 -2.8365156e-02 -4.1504486e-02  1.4054137e-03  5.2718350e-02
  4.7076911e-03 -4.1283644e-02 -3.2386320e-02 -2.1338088e-02 -1.2120236e-02
  2.5562457e-02  5.8530788e-02  5.2979066e-02  4.2669274e-02  2.0836592e-02
 -4.1820413e-02 -6.5110038e-02 -6.8573729e-02 -4.4189096e-02  2.1196227e-02
  1.7690361e-02  4.2347213e-03  5.2123303e-03 -8.9594356e-03 -2.5699716e-02
 -2.8945633e-02 -4.0539069e-02 -4.2874780e-02 -3.7757074e-02 -2.1417836e-03
  4.8885055e-02  3.8852082e-02  4.0746875e-02  4.4759604e-03 -3.3073384e-02
 -5.9139637e-02 -6.4589372e-03  3.0279120e-02 -4.1565831e-02 -7.0266851e-02
 -2.0019170e-02  2.2030519e-02 -2.8815275e-02 -3.7919638e-02 -1.5193620e-02
  1.3325665e-02 -7.3822560e-03 -2.5836976e-02  2.7029369e-03  5.0545204e-02
  4.0174833e-02  2.7964880e-02  6.2077295e-02  4.1604171e-02 -2.0257649e-02
 -6.5096235e-02 -7.5709685e-03  7.2769726e-02  2.4745035e-02 -5.3683000e-02
 -7.5513381e-02 -3.0532935e-03  1.2587225e-02 -5.0884901e-02 -5.4278046e-02
  1.8374358e-02  6.7512461e-02 -2.3954451e-02 -8.4610076e-02 -5.4872326e-03
  8.0346599e-02 -1.5370754e-02 -1.3988958e-01 -1.5659842e-01 -4.9007745e-02
  3.0955448e-02  4.6955755e-02  9.9386550e-02  1.0256882e-01 -1.4113182e-02
 -9.2676942e-02 -7.0988421e-02 -7.2594126e-03 -1.3394678e-02 -1.4703627e-02
  6.2437696e-02  7.8421900e-02  3.2232958e-02 -1.7627483e-02 -3.1646346e-02
 -7.1175523e-02 -5.1795108e-02  3.4426808e-02  3.5359252e-02 -1.6376812e-02
  2.5910590e-02  6.6662066e-02  6.8003221e-02  3.0004601e-02  9.7392838e-03
 -1.6086190e-02 -6.4100146e-02 -6.9537612e-02 -5.3604785e-02 -5.5715819e-02
 -8.3797255e-02 -2.6764819e-02 -8.1128748e-03 -5.1817345e-02 -5.2324975e-02
  3.2479871e-04 -1.0022238e-02 -2.8510850e-02 -1.0878767e-02 -1.8516218e-02
 -5.6358408e-02 -7.5837743e-02 -4.8826777e-02 -1.6070853e-02  2.9025381e-02
  8.0476957e-02  1.3489763e-01  1.7549268e-01  2.3574879e-01  3.0115022e-01
  3.6270225e-01  4.1052833e-01  4.2850242e-01  4.4131585e-01  4.4567134e-01
  4.6807760e-01  4.9161874e-01  5.0299057e-01  5.3310329e-01  5.8473277e-01
  6.0789050e-01  5.7362165e-01  5.3340235e-01  5.0251514e-01  4.5465072e-01
  3.1469212e-01  8.0009202e-02 -1.7677325e-01 -4.1930067e-01 -6.0486926e-01
 -7.2883214e-01 -8.3904609e-01 -8.6304731e-01 -8.0538302e-01 -7.6165938e-01
 -6.7652787e-01 -7.1059735e-01 -2.2182348e-01  5.9323671e-01  7.6303964e-01
  6.6291695e-01  5.5886052e-01  5.3431485e-01  4.6277126e-01  2.2700713e-01
 -9.4026532e-02 -3.4431409e-01 -4.8138180e-01 -6.9765355e-01 -9.7760908e-01
 -1.0000000e+00 -8.0791350e-01 -7.1172456e-01 -6.9379649e-01 -6.1535158e-01
 -5.2489073e-01 -4.8018557e-01 -3.2924622e-01  2.4718963e-02  3.1777471e-01
  3.7869795e-01  2.9850472e-01  1.4092478e-01  3.0835825e-02 -7.6593819e-02
 -1.7152826e-01 -2.7952611e-01 -3.1420136e-01 -1.6595353e-01 -3.1811978e-02
 -1.1923165e-02 -1.3755847e-02  1.1462311e-02  7.9725481e-02  1.4298750e-01
  2.0107354e-01  9.9723948e-02 -9.5905222e-02 -1.9297600e-01 -2.1702323e-01
 -1.2278966e-01 -4.2172379e-02 -6.9421057e-03  6.9176444e-02  1.3048079e-01
  1.4722031e-01  1.6647496e-01  2.0104286e-01  2.6180508e-01  3.2130205e-01
  3.4916801e-01  3.6735680e-01  3.7522429e-01  3.7612146e-01  2.7301587e-01
  7.7816118e-02 -3.7471053e-02 -7.3640058e-02 -6.0572809e-02 -8.8758531e-03
  6.1704624e-02  1.0559006e-01  1.5417529e-01  1.8384326e-01  2.1404800e-01
  1.8997009e-01  7.2640902e-02 -1.4177594e-02 -5.2188482e-02 -6.1161721e-02
 -8.3643892e-02 -1.7515528e-01 -1.7412008e-01 -7.2411625e-02 -3.2728318e-02
 -1.1451576e-02  2.7479488e-02  1.2069627e-01  1.1749866e-01  3.6994096e-02
  8.1443141e-03  2.2028219e-02  8.8904225e-02  1.5056361e-01  1.7119853e-01
  1.1222299e-01  6.1662449e-02  5.3205276e-02  1.6360709e-02 -6.3665363e-02
 -1.1288245e-01 -1.2199218e-01 -1.2716049e-01 -1.3439920e-01 -1.3504332e-01
 -7.8191856e-02 -3.9947090e-02 -2.5784832e-02  5.9763822e-03  7.9717813e-02
  1.2935358e-01  1.2756690e-01  1.3334867e-01  1.5862280e-01  1.7870562e-01
  1.7941876e-01  1.7203435e-01  1.4944406e-01  1.1390231e-01  3.6534775e-02
 -8.4518058e-02 -1.8972471e-01 -2.4940572e-01 -2.5919025e-01 -2.2305805e-01
 -1.8082202e-01 -1.3331800e-01 -8.9417989e-02 -4.0232344e-02  2.1690821e-03
  3.7532398e-02  7.3053447e-02  1.0594280e-01  9.7408174e-02  4.3119393e-02
 -2.4400736e-03 -2.7528564e-02 -3.0180201e-02 -2.4887662e-02 -1.8816809e-03
  5.2068860e-02  1.3145464e-01  2.1556629e-01  3.0762978e-01  3.7792347e-01
  4.1510620e-01  3.2879380e-01  1.4288782e-01 -2.2540449e-02 -1.2761291e-01
 -1.5182885e-01 -9.5820873e-02  1.9465532e-02  1.0868798e-01  1.0319761e-01
  2.6854536e-02 -5.6076221e-02 -1.4103980e-01 -2.0544437e-01 -2.6271758e-01
 -2.9302968e-01 -2.8923395e-01 -2.6886742e-01 -2.3178437e-01 -2.0522966e-01
 -2.0631087e-01 -2.2012882e-01 -2.1118012e-01 -1.6487233e-01 -1.3530404e-01
 -1.2386320e-01 -8.8934898e-02 -7.7593743e-02 -1.2626332e-01 -1.8384326e-01
 -1.8017790e-01 -1.4623112e-01 -1.3337167e-01 -1.0918641e-01 -6.0762211e-02
 -8.0476957e-03 -4.5416763e-03 -4.6731079e-02 -6.3936048e-02 -3.2562687e-02
  3.4038034e-02  9.1266007e-02  1.1636378e-01  1.1251438e-01  1.0727705e-01
  1.2084196e-01  1.5532551e-01  1.8267771e-01  1.9865041e-01  2.1216931e-01
  1.4110881e-01 -2.2247527e-02 -1.7694962e-01 -2.9622728e-01 -3.6639828e-01
 -3.9268461e-01 -3.8385860e-01 -2.5304041e-01 -8.0591979e-02  7.7386703e-02
  2.0263017e-01  2.4535695e-01  2.6218848e-01  2.8190323e-01  3.1945403e-01
  3.3946783e-01  3.2472203e-01  2.8909593e-01  2.8684150e-01  2.7914270e-01
  2.4546430e-01  2.3506633e-01  2.3102523e-01  2.0229277e-01  1.3577946e-01
  6.4388467e-02  1.0481558e-02 -3.2239859e-02 -6.6362242e-02 -9.0897937e-02
 -7.9832835e-02 -3.5939729e-02 -3.3621655e-02 -8.2746722e-02 -1.1648647e-01
 -1.1815812e-01 -1.2157810e-01 -1.3693735e-01 -1.5137643e-01 -1.0720804e-01
 -2.4577103e-02  2.9440994e-02  6.6563147e-02  1.0912507e-01  1.4607009e-01
  1.6007975e-01  1.6198144e-01  1.3887739e-01  8.8275439e-02  4.2400123e-03
 -9.2262863e-02 -1.5092401e-01 -1.7356798e-01 -1.8924162e-01 -2.0803619e-01
 -2.1913964e-01 -2.1364159e-01 -1.8424201e-01 -1.3906142e-01 -9.1150985e-02
 -4.6038647e-02  1.4629246e-03  2.6518672e-02  2.9948624e-02  3.0512231e-02
  3.2934591e-02  4.2765125e-02  4.8181888e-02  3.8649643e-02  2.1647113e-02
  2.8268538e-02  4.0148762e-02  3.4271145e-02  2.5369987e-02  3.0456253e-02
  4.8772333e-02  6.5011886e-02  5.6770186e-02  2.9426424e-02  1.3291159e-02
  4.4120083e-03 -1.5581627e-02 -5.4615444e-02 -9.3114025e-02 -1.0201672e-01
 -8.0860363e-02 -3.8542290e-02  1.0161797e-02  3.5258032e-02  4.4369297e-02
  4.9211717e-02  5.8870485e-02  4.2389387e-02 -3.1496818e-02 -9.7392838e-02
 -1.1876390e-01 -1.2224523e-01 -9.7262480e-02 -4.7298520e-02 -2.3166935e-02
 -2.0608849e-02 -1.1075071e-02  3.1166322e-02  5.5739591e-02  6.0033740e-02
  8.1972241e-02  1.0680929e-01  1.0881834e-01  8.3237482e-02  6.6027145e-02
  6.6131432e-02  7.0422514e-02  7.0177900e-02  6.9892646e-02  4.5947397e-02
  4.0993022e-04 -1.7131355e-02 -6.4328656e-03  8.0078215e-03  1.3485162e-02
  2.7830688e-02  5.3215244e-02  7.4438310e-02  7.9702477e-02  5.3801856e-02
  1.8357488e-02 -1.3214477e-02 -4.5053293e-02 -6.8632774e-02 -7.5921325e-02
 -4.9020781e-02 -5.9513841e-03  3.4505789e-02  6.8808374e-02  8.0645656e-02
  5.9641132e-02  1.3054214e-02 -1.1419370e-02 -2.1267541e-02 -3.3256652e-02
 -4.6446592e-02 -5.4815582e-02 -5.9424124e-02 -6.7863661e-02 -7.1647880e-02
 -6.8054597e-02 -6.2334177e-02 -6.0232344e-02 -5.2906219e-02 -3.4606242e-02
 -8.9793727e-03  1.5129208e-02  4.4589372e-02  7.6757917e-02  9.5307108e-02
  9.7055441e-02  6.8763132e-02  3.4544897e-03 -7.0154129e-02 -1.2707614e-01
 -1.5951231e-01 -1.7032436e-01 -1.4726631e-01 -1.0252281e-01 -7.2147075e-02
 -4.3603251e-02 -2.0935511e-03  5.4187562e-02  1.1131048e-01  1.3515068e-01
  1.3583314e-01  9.6534008e-02  3.5702017e-02 -2.1644046e-02 -6.8852849e-02
 -8.7677325e-02 -8.3912277e-02 -4.4120083e-02  1.0158730e-02  6.4356261e-02
  8.7600644e-02  9.4455947e-02  9.8151982e-02  8.2539683e-02  5.9401886e-02
  4.3997393e-02  3.5426731e-02  1.9985431e-02  2.9067556e-03 -5.5679779e-03
  2.0660992e-03  1.7937275e-02  2.4021931e-02  1.8683383e-02  1.6238785e-02
  1.5698183e-02  1.6546277e-02  1.8233264e-02  2.2777394e-02  2.6435089e-02
  2.3078752e-02  2.0052143e-02  2.1280577e-02  2.7284717e-02  2.6471130e-02
  4.8520052e-03 -2.6292462e-02 -5.6997163e-02 -7.7156660e-02 -8.1918565e-02
 -8.8306111e-02 -1.0000767e-01 -1.0623418e-01 -1.0013036e-01 -8.6856836e-02
 -7.4311786e-02 -5.6897477e-02 -3.8009355e-02 -2.9720113e-02 -3.1483782e-02
 -3.0384940e-02 -2.2300437e-02 -1.3647726e-02 -1.1111111e-02 -9.3137029e-03
  1.8413465e-03  2.8023158e-02  5.7992485e-02  8.0323595e-02  9.8535388e-02
  1.1355724e-01  1.0642589e-01  5.2230657e-02 -2.9431792e-03 -2.7254045e-02
 -3.9296066e-02 -4.8737060e-02 -5.6662066e-02 -5.4996549e-02 -3.8642742e-02
 -2.2010582e-02 -1.1289012e-02 -3.4449045e-03 -4.6443524e-03 -1.2787363e-02
 -1.9914117e-02 -2.1640212e-02 -2.0330496e-02 -1.6101526e-02 -7.1556629e-03
  2.8921862e-03  5.1494517e-03  5.6872939e-03  1.7900468e-02  4.3475960e-02
  6.1743731e-02  5.7464152e-02  2.5563224e-02 -2.6769420e-03 -1.0991488e-02
 -1.7744805e-02 -2.2858676e-02 -1.8497815e-02  2.6027912e-04  2.7239476e-02
  4.9613527e-02  5.8181888e-02  5.3493597e-02  4.6583851e-02  4.3012806e-02
  3.6961889e-02  2.6247987e-02  1.7435779e-02  1.8918028e-02  2.9937121e-02
  3.5626869e-02  3.3267387e-02  3.1990645e-02  3.4602408e-02  3.0662526e-02
  9.8704087e-03 -3.4826317e-03  1.7658155e-03  9.7584541e-03  6.3429185e-03
 -5.6021777e-03 -1.9366613e-02 -3.3393912e-02 -3.7438847e-02 -2.5563224e-02
 -8.6718810e-03  4.2819569e-03  1.0100452e-02  9.4072540e-03 -1.2561153e-02
 -4.4426041e-02 -5.7780845e-02 -5.6375278e-02 -5.3541906e-02 -5.9170309e-02
 -6.2671574e-02 -5.7883598e-02 -5.2893183e-02 -5.5004984e-02 -4.9621962e-02
 -3.3887739e-02 -1.6012576e-02 -1.9434092e-03  5.0527567e-03  9.0483859e-03
  1.6792424e-02  3.6111495e-02  5.6441224e-02  6.8915727e-02  6.9139637e-02
  5.6764052e-02  3.4360862e-02  1.1423204e-02 -1.8897324e-03 -6.0240779e-03
 -9.7707231e-03 -1.9862741e-02 -3.0348133e-02 -3.0200138e-02 -2.2197684e-02
 -1.2889349e-02 -9.1680086e-04  1.2142474e-02  1.4289548e-02 -2.7717966e-03
 -2.2209953e-02 -3.0001534e-02 -2.9894947e-02 -2.9819032e-02 -2.7778545e-02
 -2.1225366e-02 -1.0797485e-02  2.6121463e-03  1.4871559e-02  2.9668737e-02
  4.2444598e-02  4.4411472e-02  3.6331570e-02  3.1718427e-02  3.0255349e-02
  2.1606472e-02  1.3999693e-02  1.1119546e-02  1.6677402e-02  1.7398972e-02
  1.4942872e-02  1.8971705e-02  2.2975232e-02  2.1486082e-02  1.9750019e-02
  2.4968944e-02  2.9996933e-02  3.0518365e-02  2.4864658e-02  1.2897784e-02
  4.5005751e-04 -1.2889349e-02 -3.2653171e-02 -4.9960126e-02 -6.2433862e-02
 -6.4152289e-02 -6.1029062e-02 -5.2858676e-02 -3.4419140e-02 -8.5307875e-03
  1.6647496e-02  3.0282187e-02  3.6585385e-02  4.0397209e-02  4.2507476e-02
  4.0785983e-02  3.0893336e-02  1.4312553e-02 -4.4981980e-03 -1.4067940e-02
 -9.8190323e-03 -7.2873246e-04  1.5713519e-03 -6.6557012e-03 -1.6328502e-02
 -2.7554635e-02 -3.4215168e-02 -3.0214707e-02 -1.5972701e-02 -3.2135572e-03
  4.0726171e-03  6.4312553e-03  3.0743808e-03 -3.1725328e-03 -1.1252971e-02
 -2.3031209e-02 -3.5291005e-02 -3.8865118e-02 -2.9170309e-02 -1.4646116e-02
 -9.9187179e-03 -1.4773407e-02 -1.6542443e-02 -5.0799018e-03  1.0559773e-02
  2.0240012e-02  2.4937505e-02  2.5547121e-02  1.7425044e-02  3.8825243e-03
 -4.7846791e-03 -7.2153209e-04  8.1719193e-03  6.6974925e-03 -3.8470976e-03
 -9.8949467e-03 -1.2737520e-02 -1.7746338e-02 -1.9389617e-02 -1.4396135e-02
  8.0622652e-04  1.6583851e-02  2.3988191e-02  2.2711449e-02  1.6050916e-02
  4.5682080e-03 -8.6274059e-03 -1.8661146e-02 -1.6195844e-02  4.1561997e-03
  2.5459704e-02  3.4766506e-02  3.8701020e-02  4.1147151e-02  3.9391151e-02
  2.8852849e-02  1.3507400e-02 -3.0223142e-03 -2.0453186e-02 -2.9220152e-02
 -2.4002761e-02 -1.4655318e-02 -1.0305958e-02 -1.0475424e-02 -1.7195767e-02
 -2.4647650e-02 -2.9395752e-02 -3.3225980e-02 -3.8749329e-02 -4.3374741e-02
 -4.4125451e-02 -4.0716203e-02 -3.1886358e-02 -1.8265470e-02  1.4450579e-03
  2.2756690e-02  3.7331493e-02  4.6499502e-02  5.3439153e-02  5.2076528e-02
  3.6964957e-02  2.2262096e-02  1.2420827e-02  2.7328426e-04 -1.1895560e-02
 -1.9298367e-02 -1.7625949e-02 -1.6671268e-02 -1.8105207e-02 -1.9766122e-02
 -1.8264704e-02 -9.9861974e-03 -6.8193390e-03 -8.1519822e-03 -5.7747872e-03
  8.1665516e-04  8.5277203e-03  1.2025151e-02  1.5750326e-02  1.6320067e-02
  1.6050150e-02  1.6707308e-02  1.5261866e-02  1.1579633e-02  4.4619278e-03
 -6.5696649e-03 -1.7348363e-02 -2.6892876e-02 -3.6926616e-02 -4.3460624e-02
 -4.3229814e-02 -3.3442221e-02 -2.1548961e-02 -1.0483092e-02 -2.6997163e-03
  5.2576490e-03  1.4858523e-02  2.4027299e-02  3.2213020e-02  3.2218388e-02
  2.5919791e-02  1.6912813e-02  8.6711142e-03  7.9886512e-04 -2.5679779e-03
  7.5586228e-04  3.1942336e-03  3.8167318e-03  6.6369910e-04 -2.3423817e-03
 -5.1407867e-03 -6.4770340e-03 -1.7166628e-03  5.5705851e-03  1.1981443e-02
  1.2811901e-02  5.3377808e-03 -6.0105053e-03 -1.4444444e-02 -1.6064719e-02
 -9.3528104e-03 -1.9967027e-03 -2.0967717e-03 -3.3086420e-03  1.0952381e-03
  1.2493674e-02  2.3298827e-02  2.8524653e-02  2.6125297e-02  1.3281957e-02
 -1.3340235e-03 -1.0024538e-02 -9.1219998e-03 -3.5027222e-03 -1.4276513e-03
 -3.2950694e-03  2.1364926e-04  6.8802239e-03  1.6593819e-02  2.7878997e-02
  3.2196151e-02  2.4488920e-02  6.1812744e-03 -6.4199064e-03 -6.0685530e-03
  2.7343762e-03  1.3314930e-02  2.0580477e-02  2.1751399e-02  1.7850625e-02
  1.0694732e-02  6.1503719e-03  6.6081589e-03  5.9106664e-03  1.3344069e-03
 -6.1190860e-03 -1.4393835e-02 -2.4755770e-02 -3.4558699e-02 -3.9316770e-02
 -4.0406411e-02 -3.5524116e-02 -2.7451883e-02 -2.1679319e-02 -2.2937658e-02
 -2.6363009e-02 -2.4278813e-02 -1.8602101e-02 -1.1081205e-02 -5.0005368e-03
 -3.0695499e-03 -3.6095391e-03 -5.1124147e-03 -4.0356568e-03  1.1578867e-03
  7.0831225e-03  1.2965263e-02  1.8859750e-02  2.5679012e-02  2.7229507e-02
  2.1347289e-02  1.4789510e-02  1.1371061e-02  1.0236178e-02  5.7954911e-03
  1.8196457e-03  1.8714056e-03  6.2447665e-04 -2.2512077e-03 -8.9540679e-03
 -1.2906219e-02 -9.8113642e-03 -8.4380032e-03 -9.6158270e-03 -7.0585845e-03
  1.9075224e-03  9.7484855e-03  1.1501419e-02  9.4287248e-03  7.9441761e-03
  9.8957135e-03  1.1057434e-02  1.1968407e-02  1.8432636e-02  2.7518595e-02
  3.4190630e-02  3.8924162e-02  3.9757687e-02  3.4595506e-02  2.7348363e-02
  2.3288091e-02  1.7480255e-02  6.8244000e-03 -3.1875623e-03 -1.2414692e-02
 -2.1363392e-02 -2.6439690e-02 -2.5522583e-02 -1.8750863e-02 -1.1959206e-02
 -1.0493060e-02 -1.3453723e-02 -1.8625872e-02 -2.3922245e-02 -2.9664136e-02
 -3.3488229e-02 -3.3202975e-02 -2.9848938e-02 -2.9288398e-02 -3.1018327e-02
 -3.2597960e-02 -3.0428648e-02 -2.4326355e-02 -1.6394448e-02 -7.7731769e-03
 -4.0259949e-03  3.2505943e-03  1.5038724e-02  2.6184342e-02  3.2443831e-02
  3.1481481e-02  2.3429952e-02  1.2675408e-02  1.9569051e-03 -7.2445365e-04
  6.9036117e-03  1.4708228e-02  1.8904992e-02  2.4126984e-02  2.7121386e-02
  1.9552948e-02  9.4923702e-03  2.0268384e-03 -2.1737597e-03 -4.4722031e-03
 -4.5714286e-03 -1.3327966e-03 -1.3794188e-03 -2.9968561e-03 -4.7551568e-04
  9.0982287e-04 -9.5268768e-04 -5.4532628e-03 -1.1822713e-02 -1.7439614e-02
 -1.8599034e-02 -1.5257266e-02 -1.1016026e-02 -2.4575569e-03  4.5383023e-03
  7.8966337e-03  1.0417146e-02  6.1899394e-03  2.4991182e-03  1.1977609e-03
  2.1769803e-03  4.7759374e-03  8.8359788e-03  1.0976152e-02  8.0607315e-03
  6.9794494e-03  6.2088797e-03  9.8719423e-03  1.3755080e-02  1.5667510e-02
  1.5116939e-02  1.0720037e-02  7.0818956e-03  5.6510237e-03  5.1935434e-03
  7.1138716e-04 -5.0417913e-03 -1.1066636e-02 -1.4238939e-02 -1.2400890e-02
 -8.7738670e-03 -5.6431255e-03 -8.1558163e-03 -6.6464228e-03 -3.6411318e-03
 -1.8776934e-03  3.6174373e-03  6.4844720e-03  4.6882141e-03  2.0364236e-03
  2.6679702e-03  4.2280500e-03  7.3557243e-03  9.2837973e-03  8.9832068e-03
  5.7927306e-03  3.8524653e-03  7.5698949e-03  1.2654704e-02  7.8920328e-03
 -4.1453876e-03 -1.0186335e-02 -1.0867265e-02 -6.9794494e-03 -3.9646500e-04
  8.4748102e-03  6.9980063e-03  5.0264550e-04 -4.4510390e-03 -6.4003527e-03
 -4.2184648e-03 -4.1409401e-03 -1.9638831e-03  7.5639905e-04 -1.1343455e-03
 -4.3837896e-03 -5.2686911e-03 -1.7491757e-03  4.6619891e-03  5.7063109e-03
  5.0182501e-03  7.9901848e-03  1.2633234e-02  9.7944943e-03  4.9200215e-03
  7.5366153e-03  1.0223142e-02  1.0315160e-02  1.5355418e-02  1.7218772e-02
  1.1367226e-02  3.4669120e-03 -3.7250211e-03 -8.9824400e-03 -1.6399049e-02
 -1.8835212e-02 -1.2465302e-02 -3.2890883e-03 -2.1744498e-04 -3.0961583e-04
 -1.3084119e-03 -5.5576259e-03 -7.1473813e-03 -1.2606395e-03  6.4078675e-03
  2.4679856e-03 -6.0204739e-03 -1.0520666e-02 -7.4061805e-03 -7.5493444e-03
 -9.6495668e-03 -4.9143471e-03  1.1050533e-03  9.7745572e-03  2.0601181e-02
  3.3456790e-02  3.8879687e-02  3.3920712e-02  2.3221379e-02  8.2976766e-03
 -5.4677555e-03 -1.6491067e-02 -2.7432712e-02 -3.4166858e-02 -3.2334944e-02
 -2.1828081e-02 -9.0744575e-03  1.4820183e-03  4.3700636e-03  2.0083583e-03
  8.1228433e-04 -2.5842343e-03 -7.3742811e-03 -1.1462311e-02 -1.2540449e-02
 -1.2555019e-02 -9.5797868e-03 -8.9141937e-03 -9.7983283e-03 -1.3200675e-02
 -1.4819416e-02 -1.0738440e-02 -5.5845411e-03  2.1008358e-03  7.2323441e-03
  1.0857296e-02  1.2279733e-02  1.2686144e-02  1.4126217e-02  1.2421593e-02
  7.4623112e-03 -5.7767809e-04 -7.1752166e-03 -1.2056591e-02 -1.1315083e-02
 -7.9748486e-03 -2.7105283e-03 -2.8298443e-03 -1.5931294e-02 -3.3835595e-02
 -3.4141554e-02 -1.4181428e-02  1.1012959e-03  4.1550495e-03 -1.6009508e-03
 -7.6163638e-03 -1.5592363e-02 -1.5872249e-02 -1.1813511e-02 -1.1186259e-02
 -8.0323595e-03 -2.3571045e-03 -5.9430258e-03 -1.3108657e-02 -1.0269151e-02
 -1.7805383e-03  5.5903688e-03  1.5510314e-02  2.6261023e-02  3.1905529e-02
  2.8398896e-02  1.9349743e-02  7.3974388e-03 -2.2184648e-03 -9.1450042e-04
  3.1496818e-03  2.7268614e-03 -2.9290699e-03 -1.0195537e-02 -1.0210873e-02
 -6.7438080e-03 -6.8761598e-03 -1.2384786e-02 -1.5108504e-02 -1.1435473e-02
 -1.1967641e-02 -1.3464458e-02 -1.2567288e-02 -6.3126294e-03  1.0762978e-03
  1.1425504e-02  1.6007208e-02  1.2813435e-02  8.1312783e-03  5.6872939e-03
  1.0570508e-02  1.6691971e-02  2.1489150e-02  2.4004294e-02  2.0099686e-02
  1.2014416e-02  8.9517675e-03  6.8764665e-03  4.4973545e-03  1.8146615e-03
  3.1773637e-04 -1.2348746e-03 -4.0933977e-03 -2.3477494e-03  4.1589602e-04
 -1.4926769e-03 -5.3101756e-03 -7.7179664e-03 -1.1898627e-02 -1.0669427e-02
 -7.6865271e-03 -3.4103213e-03  2.9965493e-03  7.6463461e-03  8.1374128e-03
  5.2974465e-03  2.3028142e-03 -4.6574649e-04 -6.3004371e-04 -2.2880914e-04
  3.0147995e-04 -7.7977149e-03 -1.8247834e-02 -2.0844260e-02 -1.7022468e-02
 -1.0388774e-02 -3.1577333e-03  2.0568208e-03  5.6701173e-03  7.9863507e-03
  5.9187946e-03  1.9720113e-03 -3.4932137e-03 -6.3947550e-03 -8.9770723e-03
 -1.0914807e-02 -8.1949237e-03 -3.2728318e-03  9.6564681e-04  3.2689978e-03
 -1.3452189e-03 -9.6073921e-03 -1.6171306e-02 -2.0006134e-02 -1.8618971e-02
 -1.1517522e-02 -3.1969941e-03  2.3293459e-03  6.5455103e-03  1.1706158e-02
  1.3950617e-02  1.1516755e-02  8.7738670e-03  7.7624415e-03  8.2930757e-03
  9.7032436e-03  1.2874780e-02  1.6056284e-02  1.5547121e-02  1.3932214e-02
  1.1654014e-02  6.5314776e-03  1.8099072e-03 -1.0767579e-03 -3.4854689e-03
 -7.2921555e-03 -6.0847328e-03 -2.6395215e-03  4.1397899e-03  7.7409708e-03
  1.2587225e-02  1.5875316e-02  1.3800322e-02  1.3798788e-02  1.3518902e-02
  1.5550188e-02  1.6703474e-02  1.7970248e-02  1.8441070e-02  1.5392225e-02
  1.1802776e-02  7.7931140e-03  3.1844951e-03  1.3425351e-03 -8.5346216e-04
 -3.9700943e-03 -9.5222759e-03 -1.1925466e-02 -1.1134115e-02 -9.2477571e-03
 -7.7770110e-03 -9.4570968e-03 -1.1633310e-02 -1.4679089e-02 -1.4592439e-02
 -8.4556399e-03 -1.8017790e-03  4.8855149e-05 -1.6368377e-03 -6.5808604e-03
 -1.1203895e-02 -1.2148608e-02 -1.1268308e-02 -8.4257342e-03 -5.6944253e-03
 -3.3742044e-03  8.0239245e-04  9.3091021e-04  4.3544974e-03  8.8129745e-03
  1.0022238e-02  9.3374741e-03  8.1987578e-03  6.9082126e-03  5.5110804e-03
  5.3989725e-03  4.6149835e-03  1.9643432e-03 -2.4424507e-03 -6.0953148e-03
 -6.1466912e-03 -5.2706848e-03 -4.7461084e-03 -3.4510390e-03 -4.4027299e-03
 -4.4704394e-03 -6.3478261e-03 -6.2178514e-03 -1.0296756e-03  4.7283184e-03
  7.8897324e-03  7.7003297e-03  8.2133272e-03  1.0304425e-02  1.3881604e-02
  1.6825397e-02  1.6405184e-02  1.0860363e-02  3.2385553e-03 -2.2584158e-03
 -4.2742888e-03 -3.0910973e-03 -2.8786903e-03 -4.4490453e-03 -7.9886512e-03
 -1.0881834e-02 -1.2457634e-02 -1.6030979e-02 -1.6675868e-02 -1.7909670e-02
 -1.5282570e-02 -1.3765816e-02 -1.0973852e-02 -6.8053830e-03 -8.7240242e-03
 -9.7492524e-03 -1.0728472e-02 -1.0624185e-02 -8.0952381e-03 -2.4472817e-03
  3.0524500e-03  7.9894180e-03  1.2549651e-02  1.4593973e-02  1.4699793e-02
  1.6025612e-02  1.6577716e-02  1.6188943e-02  1.5527183e-02  1.3639291e-02
  1.2969097e-02  1.4322521e-02  1.1446975e-02  9.8290008e-03  1.0568975e-02
  1.0338931e-02  4.9185645e-03 -1.6231884e-03 -7.2597960e-03 -8.6412085e-03
 -8.0898704e-03 -8.5353884e-03 -8.5108504e-03 -1.2570355e-02 -1.3724408e-02
 -1.3824860e-02 -1.1173990e-02 -7.2345679e-03 -4.0752243e-03 -5.3513534e-04
  2.3992025e-03  7.0818956e-03  8.7017867e-03  8.1703857e-03  6.4988881e-03
  1.0981520e-03 -3.0501495e-03 -4.4122383e-03 -8.7393605e-04  4.2232191e-03
  7.8751629e-03  7.8851315e-03  4.8829844e-03  3.9358945e-03  2.2395522e-03
 -3.4544130e-04 -2.6386780e-03 -4.7950311e-03 -5.2198451e-03 -6.0256882e-03
 -4.8194157e-03 -5.0263783e-03 -4.3485929e-03 -4.9201748e-03 -4.3865501e-03
 -4.9736983e-04  1.6710375e-03  4.7659689e-03  6.4685990e-03  6.5850012e-03
  2.4567901e-03 -1.3235181e-03 -7.3975922e-03 -1.1102676e-02 -1.4156123e-02
 -1.5938962e-02 -1.6914347e-02 -1.7221072e-02 -1.4314086e-02 -1.2164711e-02
 -1.0506863e-02 -9.4187562e-03 -7.5294839e-03 -3.8646576e-03  2.4746569e-03
  8.7608312e-03  1.2047389e-02  1.0654091e-02  6.2880914e-03  3.3863967e-03
  3.1977609e-03  3.3876236e-03  6.0598880e-03  7.5925926e-03  6.0090484e-03
  5.2325742e-03  6.4725865e-03  5.0785983e-03  4.6962656e-03  5.8425734e-03
  6.7395138e-03  9.7170462e-03  1.1057434e-02  1.3324898e-02  1.4606242e-02
  1.4103213e-02  1.2640902e-02  1.1758301e-02  1.1019094e-02  6.5968101e-03
  1.0968484e-03 -4.7320758e-03 -9.3689134e-03 -9.5207423e-03 -7.5751093e-03
 -6.6781689e-03 -5.5040258e-03 -6.3064182e-03 -8.9824400e-03 -8.0392608e-03
 -4.8891189e-03 -3.5667510e-03 -2.8593666e-03 -1.1186259e-03 -1.9737750e-04
  6.4197531e-04  5.8233264e-04 -2.9502339e-03 -9.0445518e-04  2.4031133e-03
  4.9466299e-03  8.8352120e-03  1.0212407e-02  1.0335864e-02  8.1673185e-03
  4.9312169e-03  3.8408864e-03  4.9972395e-03  5.4994249e-03  4.4969711e-03
  4.0647190e-03  5.7808450e-03  6.9689441e-03  7.2595660e-03  9.9984664e-03
  1.1556629e-02  8.8352120e-03  3.5777931e-03 -2.0118089e-03 -4.6858370e-03
 -6.2168545e-03 -7.2011349e-03 -7.7325358e-03 -7.5220459e-03 -9.8573729e-03
 -1.3406181e-02 -1.5039491e-02 -1.3092554e-02 -1.0014569e-02 -9.6326969e-03
 -6.4569435e-03 -3.0805920e-03 -8.7002530e-04  4.0010735e-04  3.0154129e-03
  8.2708381e-03  1.2779695e-02  1.7595276e-02  1.9960893e-02  1.9329806e-02
  1.7019400e-02  1.3275056e-02  9.2239859e-03  4.9575186e-03  1.4406104e-03
 -2.5760294e-03 -6.7855226e-03 -7.7762442e-03 -6.6931984e-03 -5.9357411e-03
 -6.3231347e-03 -7.0499962e-03 -6.4616977e-03 -7.7455717e-03 -6.2060425e-03
 -4.9160340e-03 -3.8313013e-03 -2.9887279e-04  2.8526953e-03  4.8782302e-03
  4.0053677e-03  3.6837666e-03  2.3374741e-03 -1.0177134e-03 -4.3424584e-03
 -4.6737213e-03 -5.4656085e-03 -8.2463001e-03 -8.8566828e-03 -7.9219385e-03
 -5.4292616e-03 -5.7017100e-03 -8.6442757e-03 -8.8635841e-03 -9.7316157e-03
 -9.5261100e-03 -8.3314163e-03 -7.0038341e-03 -3.3804156e-03 -3.3248984e-03
 -2.5051760e-03 -1.9832835e-03 -3.9674872e-04  1.0000000e-03  7.1312016e-04
  7.1788973e-04 -8.6864504e-04 -3.4349360e-03 -4.1360325e-03 -5.4748102e-03
 -7.6034046e-03 -7.5898321e-03 -7.5452036e-03 -6.0150295e-03 -3.4206733e-03
 -4.0779848e-03 -6.9702477e-03 -8.7439614e-03 -4.4360095e-03  3.6486466e-04
  3.7751706e-03  5.5090100e-03  7.6911280e-03  8.5714286e-03  7.2134806e-03
  6.7977916e-03  2.3476727e-03 -1.6440457e-03 -3.8904225e-03 -2.2617897e-03
 -1.6709608e-03  2.9828234e-04 -1.5116172e-03 -2.4901465e-03 -1.3718273e-04
  1.4834752e-03  4.1588835e-03  1.7015566e-03 -1.2626332e-03 -2.4008128e-03
 -1.6846868e-03 -1.6023311e-03  1.0531401e-03  3.9085960e-03  2.4955908e-03
  1.4509623e-03  2.3597884e-03  4.9815965e-03  6.8793037e-03  6.3881604e-03
  6.1277509e-03  7.6108427e-03  1.1213097e-02  1.1038264e-02  1.1389464e-02
  1.1110344e-02  7.3472126e-03  1.2216088e-03 -2.5462771e-03 -6.0780615e-03
 -7.1455410e-03 -7.4774941e-03 -7.3190706e-03 -4.2547351e-03 -5.9503872e-03
 -5.9777624e-03 -5.7052373e-03 -3.2007515e-03  1.3370907e-03  4.0393375e-03
  7.3298827e-03  7.6364543e-03  6.5542520e-03  5.6543210e-03  4.1886358e-03
  2.7148992e-03 -2.1267541e-03 -7.2026685e-03 -8.8206426e-03 -9.9946323e-03
 -9.8451039e-03 -9.2124837e-03 -7.2218388e-03 -2.9030749e-03 -7.8038494e-04
  3.1545894e-03  9.2814968e-03  1.1709225e-02  1.2011349e-02  9.3098689e-03
  7.3767349e-03  6.4595506e-03  5.4426808e-03  7.2024385e-03  6.7479488e-03
  4.6787823e-03  2.3360939e-03  2.4904532e-03  3.1173990e-03  2.4182195e-03
  1.5869949e-03  1.5650640e-03  4.0455487e-04 -2.7469519e-03 -4.3262020e-03
 -4.7037804e-03 -7.0348133e-03 -7.0979986e-03 -6.0004601e-03 -6.3215244e-03
 -6.0062112e-03 -7.5932060e-03 -7.6600721e-03 -5.2213020e-03 -3.8145848e-03
 -3.5754160e-03 -5.3161567e-03 -8.5484242e-03 -7.8927996e-03 -5.7871329e-03
 -3.6024845e-03 -2.4991948e-03 -5.0565908e-03 -5.5435166e-03 -5.2802699e-03
 -3.5429798e-03 -3.1048232e-03 -4.3496664e-03 -1.8332183e-04  2.5953531e-03
  3.7165095e-03  4.1753700e-03  7.5330113e-03  9.6342305e-03  7.2407024e-03
  4.9076758e-03  3.8203359e-03  2.7497891e-03  3.3725174e-04 -1.8765432e-03
 -1.8585231e-03 -6.7245610e-06  2.3686834e-03  6.2827237e-03  2.8367456e-03
 -2.9852005e-03 -6.9581320e-03 -4.3926846e-03  1.0250748e-03  3.4269611e-03
  4.4583237e-03  3.1931600e-03  2.6829231e-03  4.0044475e-03  4.2497508e-03
  4.1270608e-03  3.7536999e-03  3.2259029e-03  3.6708075e-03  4.4101679e-03
  8.9019247e-03  9.1020627e-03  7.4229737e-03  5.2504409e-03  2.3356338e-03
  9.6656698e-04  6.9346676e-05 -2.9730849e-03 -3.6326202e-03 -3.8531554e-03
 -3.0957749e-03 -9.3888505e-04  2.2388621e-03  4.3740511e-03  5.7544667e-03
  6.0317460e-03  5.5270301e-03  4.4460548e-03  1.2710682e-03  9.0767579e-04
  4.3475194e-04  7.6664366e-04 -2.8238632e-04 -1.8155049e-03 -8.9686374e-04
  8.5798635e-04 -1.2703780e-04 -7.3139330e-04 -1.6969558e-03 -6.6372978e-04
  1.3472126e-03  3.0249214e-03  3.4107814e-03  2.6186642e-03  6.9767656e-04
  4.6580017e-05  2.2818035e-03  5.6728778e-03  7.9595123e-03  7.8475577e-03
  7.2566521e-03  4.7531631e-03  4.1525957e-03  2.3886972e-03  1.5301741e-03
  1.1776704e-03  1.4128518e-03 -1.3186872e-04 -6.0739974e-04 -5.5202822e-05
 -1.2095698e-05 -3.7115252e-04 -9.7354497e-04 -1.6689671e-03 -3.0059811e-03
 -3.2015183e-03 -5.4870025e-03 -6.5297140e-03 -6.6282494e-03 -7.1951537e-03
 -8.5652941e-03 -9.1035963e-03 -9.4647650e-03 -8.9525343e-03 -8.3927613e-03
 -8.0522966e-03 -5.4735066e-03 -3.1198528e-03 -1.7652787e-03  4.7550801e-05
  2.0847328e-03  3.4422974e-03  3.3725941e-03  3.5479641e-03  4.0659459e-03
  4.5715819e-03  4.1666283e-03  5.7700330e-03  9.0414845e-03  1.1675485e-02
  1.1800475e-02  1.0463155e-02  7.7685760e-03  5.7863661e-03  5.7620581e-03
  4.7028602e-03  5.1647880e-03  7.4178361e-03  7.3587915e-03  6.9002377e-03
  8.2071927e-03  6.4678322e-03  3.2974465e-03 -2.6806993e-04 -2.7976382e-03
 -2.5748025e-03 -2.3209110e-03 -2.2752856e-03 -3.1701557e-03 -2.4196764e-03
 -1.0517598e-03 -1.1632544e-03 -1.0458554e-03 -2.5028755e-03 -5.9707078e-03
 -4.7584541e-03 -5.6523273e-03 -6.5025688e-03 -4.0078982e-03 -3.4274979e-03
 -3.6386780e-03 -5.3842497e-03 -3.3081819e-03 -2.8826010e-03 -2.1699256e-03
 -3.4707461e-03 -5.2951461e-03 -5.4596273e-03 -4.8833678e-03 -3.4333257e-03
 -3.4435243e-03 -2.2956062e-03 -1.2098765e-03 -3.3229047e-04  5.4504256e-04
  6.8510084e-04 -5.5544053e-04 -2.9300667e-03 -2.5481942e-03 -1.4222069e-03
 -7.0645656e-04 -3.8605935e-04 -2.6515605e-04  1.0736140e-03  8.7938042e-04
  1.3843264e-03  1.5551721e-03  1.4919101e-03  2.1523656e-03  3.6603788e-03
  5.7030136e-03  4.3645426e-03  2.1760601e-03  7.9794494e-04  3.1334254e-04
 -1.4796411e-03 -2.4980446e-03 -1.6136033e-04  3.2153976e-04 -5.4454413e-05
  5.8537689e-04  3.5916724e-03  5.0962350e-03  5.6243386e-03  3.9257726e-03
  2.6237252e-03 -9.2883981e-04 -6.4955141e-03 -5.3414615e-03 -4.9736983e-03
 -5.4479718e-03 -4.4587838e-03 -3.3141630e-03 -1.5980370e-03 -2.2204586e-03
 -3.0019937e-03 -3.2752856e-03 -4.0687831e-03 -6.6947320e-03 -8.3804923e-03
 -6.7519362e-03 -7.2374818e-03 -8.7485622e-03 -7.2788897e-03 -6.4687524e-03
 -5.8998543e-03 -6.2345679e-03 -5.3553408e-03 -2.3508933e-03 -2.1640978e-03
 -2.2709148e-03 -2.9515375e-03 -1.5088567e-03 -8.6688137e-05  1.7071544e-03
  4.3242083e-03  4.7294686e-03  7.1736830e-03  5.7344529e-03  3.4123150e-03
  1.9493904e-03  1.7327659e-03 -4.2186949e-04 -2.2414692e-03 -7.1635611e-04
  4.6887509e-04  1.2008282e-03  1.3373208e-03  2.3094088e-03  6.3336401e-04
  1.7793114e-03  3.3732843e-03  4.7048539e-03  5.3427651e-03  4.1420136e-03
  3.0787516e-03  1.3771183e-03  1.0806687e-03  1.3619354e-03  1.5273369e-03
 -1.1125681e-03 -2.0203205e-03 -3.1795875e-03 -1.9349743e-03  1.2015950e-04
  9.1480715e-04  2.0618818e-03  1.7510927e-03  4.1881758e-03  3.6344605e-03
  3.5594663e-03  3.5731922e-03  4.0482325e-03  2.1845717e-03  4.1203129e-04
  5.7484089e-04  8.6105360e-05 -3.7635151e-04  2.4350893e-04  2.7741738e-03
  4.1150219e-03  2.0042941e-03 -5.3609386e-04 -3.4109347e-03 -9.9486236e-03
 -1.2317307e-02 -1.0493060e-02 -6.9145004e-03 -3.3444521e-03  5.0463921e-04
  8.2363316e-04  6.1254505e-04 -1.8172686e-04 -4.2460701e-04 -2.9116632e-04
 -4.7655088e-04 -1.9898781e-05 -1.2758224e-04  5.8500115e-04  8.1006058e-05
 -1.7931140e-04 -1.9049919e-03 -1.7435013e-03 -1.0179434e-03 -6.2881681e-04
  6.2934591e-04 -1.0715436e-03 -1.6003374e-03 -9.2255195e-04 -3.5598497e-03
 -6.5383790e-03 -7.0072847e-03 -7.2607929e-03 -6.3211410e-03 -4.6350740e-03
 -4.1162488e-03 -2.8110574e-03 -2.3361705e-03 -8.2071927e-04 -7.1624109e-05
  5.5680546e-04 -1.3988958e-04  1.5866115e-03  3.7356798e-03  4.5150679e-03
  4.7260946e-03  4.7638985e-03  3.4503489e-03  2.4682923e-03  2.5033356e-03
  2.9010045e-03  3.9510774e-03  3.4228970e-03  5.0194004e-03  4.9745418e-03
  2.9324438e-03  1.4103980e-03  1.5555556e-03  4.1226133e-03  7.1910896e-03
  8.9348976e-03  1.0361169e-02  1.0892570e-02  8.5392225e-03  4.8980906e-03
  2.6138333e-03 -1.0041408e-03 -3.0334330e-03 -6.7093781e-04  5.7513228e-04
  1.6716509e-03  6.4274979e-04 -1.9000077e-03 -4.0090484e-03 -5.2824170e-03
 -5.8598267e-03 -6.3390844e-03 -5.2530481e-03 -2.9411088e-03 -1.1683153e-03
  1.3785753e-03  4.1736063e-03  5.0067479e-03  5.3893873e-03  5.0203972e-03
  4.5682846e-03  1.7160494e-03  1.0397976e-03 -9.4455947e-05 -2.6803926e-03
 -3.5663676e-03 -5.1889426e-03 -7.4224369e-03 -1.0237712e-02 -8.2416993e-03
 -5.6061652e-03 -6.5890653e-03 -5.2565754e-03 -2.7710298e-03 -2.5165248e-03
 -1.7467219e-03 -1.6546277e-03 -2.8965570e-04  2.1880991e-03  1.4957442e-03
  1.7507860e-03  2.5902922e-03 -4.2235258e-04 -3.5747259e-03 -2.4856989e-03
 -2.3877770e-03 -6.0131892e-04  1.1765969e-04 -2.1346523e-04  9.3313396e-04
  2.8434169e-04 -1.0441684e-03 -1.0448585e-03 -1.9721647e-03 -3.8957902e-03
 -1.4366996e-03 -4.5817039e-04 -6.6941952e-04 -3.4533395e-04 -2.3687601e-03
 -2.0030672e-03 -1.4271912e-03 -1.5749559e-03 -1.0167932e-03 -1.0797485e-03
  5.0069013e-04  2.3581781e-03  4.4680623e-03  6.7554635e-03  9.1565064e-03
  8.9003911e-03  9.5836209e-03  8.3245150e-03  6.6554712e-03  6.5435933e-03
  6.4427575e-03  4.1742198e-03  2.0331263e-03  1.0192470e-05 -2.6775554e-03
  4.5258799e-04  1.8775401e-03  5.1212330e-03  6.3271988e-03  6.9229354e-03
  1.0222376e-02  1.0066713e-02  9.0284487e-03  6.2450732e-03  5.4045702e-03
  4.6292462e-03  3.6211180e-03  3.9010812e-03  3.8208726e-03  6.5925926e-03
  8.2708381e-03  7.7049306e-03  4.6180508e-03  7.7471053e-04 -1.6132965e-03
 -2.4609309e-03 -2.6441991e-03 -3.5877617e-03 -3.8580630e-03 -5.3809524e-03
 -6.4035733e-03 -9.2308872e-03 -1.0654091e-02 -1.0680163e-02 -1.1177824e-02
 -1.0299057e-02 -1.1163254e-02 -1.1220765e-02 -1.1149452e-02 -1.0962350e-02
 -1.1603405e-02 -1.0674795e-02 -1.0434783e-02 -9.3880837e-03 -7.8835979e-03
 -7.2551185e-03 -7.1129515e-03 -6.0630320e-03 -7.2400890e-03 -9.5713519e-03
 -8.2731386e-03 -5.7864428e-03 -4.0711602e-03  1.4277279e-05  4.4114715e-03
  6.1152519e-03  5.9214784e-03  4.5817805e-03  6.0100452e-03  2.2573422e-03
  2.8524653e-03  3.3209877e-03  2.9204816e-04 -1.7923472e-03 -2.2109501e-03
  3.6219615e-04  2.2756690e-04 -2.0392608e-03 -1.4148455e-03  7.8690284e-04
  1.2137873e-03  7.3830228e-04  2.2877080e-04  1.2245227e-03  2.2897784e-04
  3.1196227e-03  4.7701863e-03  5.0729239e-03  7.0800552e-03  1.0894870e-02
  1.3416916e-02  1.0394908e-02  9.5797868e-03  1.0196304e-02  1.0838893e-02
  1.1267541e-02  1.0112721e-02  1.0154129e-02  9.7484855e-03  7.6381412e-03
  7.5881451e-03  6.4561767e-03  3.9459397e-03  2.6615290e-03  2.8123610e-03
  1.8725558e-03  2.5342382e-03  2.9827467e-03  2.2268998e-03  1.9760755e-03
  3.2925389e-03  2.9425658e-03  4.1121080e-03  6.9885745e-03  7.7877463e-03
  8.1466145e-03  8.6565447e-03  5.4254275e-03  3.4645349e-03  1.1143317e-03
 -2.9911050e-03 -1.4727398e-03 -1.8943333e-03 -9.2577256e-04 -9.3988191e-04
 -7.9449429e-04 -5.5458170e-04 -1.4113182e-03 -4.3660762e-04 -1.8298443e-03
 -2.4845487e-03  4.3957519e-04  1.3957519e-03  8.1926233e-04 -1.0831991e-03
 -2.6027145e-03 -5.6447358e-03 -7.9963193e-03 -7.0434783e-03 -5.2888582e-03
 -3.0432482e-03 -2.7647420e-03 -1.4851622e-03  2.5869182e-03  3.3337934e-03
 -7.5780232e-04 -7.0802853e-03 -9.2469903e-03 -8.6059351e-03 -1.0346599e-02
 -9.6971091e-03 -9.2830304e-03 -8.6994862e-03 -9.2032820e-03 -8.1197761e-03
 -5.9505406e-03 -7.1677019e-03 -6.9683306e-03 -5.7080745e-03 -4.3031209e-03
 -1.1907829e-03 -3.5537152e-04  8.1335787e-04  2.0555172e-04 -1.1764435e-03
 -1.3631623e-03 -5.2757457e-04 -2.3176137e-03 -2.0305191e-03  3.0716970e-03
  4.8026225e-03  4.5469673e-03  2.6476497e-03  1.4980446e-03  1.0982287e-03
  8.4671421e-04 -7.1731462e-05 -1.2863277e-03 -2.1789740e-03  1.1768269e-03
  2.9891879e-03  4.4324055e-03  2.5013419e-03  1.7056207e-03  6.0997623e-04
 -1.6449659e-03  2.1397899e-03  4.9540679e-03  7.0667127e-03  8.4763438e-03
  8.6803159e-03  6.6620658e-03  4.4684457e-03  2.2539683e-03 -1.2771260e-03
 -2.3568745e-03 -1.5435166e-03 -1.5531018e-03 -9.0483859e-04 -2.0638755e-03
 -1.3859367e-03 -8.9203282e-04 -1.5697416e-04  6.2165478e-04 -2.2443064e-04
 -1.2160110e-03 -4.0910973e-03 -5.1130281e-03 -3.2752856e-03  6.8697953e-05
  7.1561997e-04  2.7056207e-04  5.4646883e-04 -6.2545050e-04 -1.7094548e-03
 -1.9989265e-03 -3.4585538e-03 -3.9863507e-03 -3.2404724e-03 -3.6329269e-03
 -2.3424584e-03 -2.2661606e-03 -2.1103443e-03 -1.6783222e-03 -2.3095622e-03
 -5.7160494e-04  2.7083813e-04 -1.3128594e-03 -3.7686527e-03 -4.0646423e-03
 -3.4504256e-03 -4.3461391e-03 -3.7053907e-03 -2.9656468e-03 -2.0754543e-03
 -3.9419523e-03 -4.5591596e-03 -2.8147381e-03 -3.1190093e-03 -2.6284794e-03
 -6.1570432e-04 -1.7343762e-03 -4.0531401e-03 -4.0540603e-03 -2.4332490e-03
 -1.2088030e-03 -3.9473200e-03 -1.8754697e-03 -6.3452189e-04  1.3687601e-03
  8.8451806e-04 -1.7631317e-03 -1.9820566e-03  4.7184265e-04  5.4421440e-03
  7.5688981e-03  8.6611456e-03  5.4155356e-03 -1.8169619e-04 -2.5291005e-03
 -2.3067249e-03 -2.0858830e-03 -7.0098919e-04 -4.7813051e-04 -6.6172840e-04
 -5.0580477e-04 -1.1163254e-03 -5.0512997e-04 -3.2946093e-04 -1.3759681e-03
  6.9191780e-04 -1.3018940e-03 -3.8784602e-04  1.4987348e-03  2.8845181e-03
  3.4038034e-03  6.7820719e-04 -2.1943869e-04  5.7334560e-04  1.3153132e-03
 -2.3999693e-04 -1.2665440e-03 -4.8648110e-03 -8.3145464e-03 -8.2286634e-03
 -7.6290162e-03 -5.1774404e-03  5.7665056e-04  2.0641822e-03  2.9695575e-03
  4.0685530e-03  4.7635917e-03  4.3187639e-03  4.7071544e-03  6.9076758e-03
  6.4089410e-03  4.6721877e-03  5.0449352e-03  4.7418143e-03  2.5241162e-03
  9.1580400e-04  1.7171229e-03  2.2075761e-03  4.4702093e-04 -1.0852695e-03
 -4.0693965e-03 -2.6499502e-03 -1.5347749e-03 -2.0370370e-03 -2.4426041e-03
 -3.1016793e-03 -3.4965110e-03 -2.9174910e-03  2.4470516e-04  1.9683306e-04
  1.0253048e-03  2.9838203e-03  9.8987808e-03  1.9018480e-02  1.8283874e-02
  1.0154896e-02 -1.0535235e-03 -9.2278200e-03 -1.2675408e-02 -1.5722721e-02
 -1.3729009e-02 -6.6451192e-03 -9.9823633e-04  9.2285868e-04  1.7155893e-03
  2.7967947e-03  3.1312016e-03  2.4386934e-03  6.2013649e-03  9.6288628e-03
  7.7777778e-03  4.6020244e-03  2.3242083e-03  1.7649720e-03 -7.2599494e-05
  1.3926079e-03  2.0318227e-03 -2.8188022e-03 -2.9134269e-03  1.1571199e-03
  4.6928916e-03  5.0567441e-03  1.9210950e-03 -2.8629706e-04 -3.3587915e-03
 -7.4019630e-03 -8.0108887e-03 -6.9352044e-03 -6.9619661e-03 -6.8315313e-03
 -4.8719423e-03 -2.0542903e-03 -6.8817575e-04  1.5736523e-03  4.1938502e-03
  4.4103980e-03  2.9772257e-03 -2.1634077e-04 -2.7302354e-03 -8.6588452e-04
  1.8447205e-03  2.5457404e-03  3.7189633e-04 -1.7240242e-03 -2.3832528e-03
 -2.7109117e-03 -4.0764512e-03 -2.6060885e-03 -2.4508857e-03 -1.6382946e-03
  2.1215398e-03  6.0235411e-03  6.8262403e-03  5.9465532e-03  5.1555095e-03
  4.7609079e-03  5.1507553e-03  3.4116249e-03  2.9634231e-03  2.2046622e-03
  5.3430719e-04 -1.7460317e-03 -1.5115405e-03 -4.0703934e-04  3.1126447e-03
  5.0069013e-03  3.7405874e-03  3.3179971e-03  1.2162411e-03  7.7524730e-06
 -2.9763822e-03 -5.4858523e-03 -5.2712215e-03 -2.5764129e-03  2.5966567e-04
 -3.4582471e-04 -1.8002454e-03 -3.7919638e-03 -3.4468982e-03 -6.6893643e-04
  3.5840043e-04 -5.3620121e-04  4.5139176e-04  4.9428725e-04 -1.5247297e-03
 -2.6153669e-03 -3.1616440e-03 -3.7492524e-03 -3.8438003e-03 -3.6642129e-03
 -2.5520282e-03 -1.1920865e-03 -2.9443294e-03 -1.7699563e-03 -1.4544130e-03
 -3.8341385e-03 -4.5661376e-03 -4.0111955e-03 -4.4128518e-03 -3.8368223e-03
 -4.4692125e-03 -5.1940035e-03 -4.0179434e-03 -4.9497738e-03 -4.9599724e-03
 -4.7701863e-03 -1.5881451e-03  1.8699486e-03  5.0412545e-03  8.0277586e-03
  9.0315160e-03  7.0520666e-03  4.3514301e-03  3.7678859e-03  4.4146921e-03
  2.9008512e-03  5.5742658e-05 -2.0144161e-03 -2.1941569e-03 -2.2581857e-03
 -3.9635764e-04  1.6593819e-03  3.1433172e-03  3.7567671e-03  4.2775861e-03
  6.0799018e-03  5.6181274e-03  6.5999540e-03  6.1479181e-03  6.2556552e-03
  5.2324975e-03  5.1463845e-03  3.5376121e-03  2.5950464e-03  4.8609002e-03
  3.6480331e-03  4.6017177e-03  5.2460701e-03  3.4830151e-03  2.7836822e-03
  4.0921708e-03  4.5235795e-03  3.4354727e-03  2.4113182e-03  3.1598037e-03
  3.3293459e-03  1.5981903e-03  1.1885592e-04  1.4782609e-03  3.9400353e-03
  4.6097692e-03  4.6507937e-03  4.0778315e-03  3.9589755e-03  1.5021854e-03
 -2.2627099e-03 -3.2058891e-03 -2.8657312e-03 -3.2209186e-03 -2.5705851e-03
 -3.6113028e-03 -3.6310099e-03 -4.3120926e-03 -4.6386013e-03 -2.6587685e-03
 -1.6271758e-03 -9.9846638e-04 -2.7325358e-03 -2.0141093e-03 -3.9411088e-03
 -4.6268691e-03 -6.0991488e-03 -5.6280960e-03 -5.3331800e-03 -6.4916801e-03
 -4.0388774e-03 -3.0445518e-03 -2.1340388e-03 -2.5701250e-04  6.1183958e-04
  5.3302661e-05 -1.1683920e-03 -8.0162564e-04  1.3395445e-05  1.4774174e-03
  1.2796565e-03 -8.8574496e-04 -1.5871482e-03 -2.9328272e-03 -3.5613066e-03
 -2.9066023e-03 -3.5360018e-03 -4.5798635e-03 -4.2313473e-03 -3.6035580e-03
 -3.3402346e-03 -5.0798252e-03 -6.8063799e-03 -6.3535005e-03 -3.3216011e-03
 -1.2886282e-03 -1.7450349e-03 -2.0569742e-03 -2.7826854e-03 -3.6373744e-03
 -4.3740511e-03 -4.8092938e-03 -4.7354497e-03 -3.9610459e-03 -5.0989955e-04
  1.1598804e-03  1.5843110e-03  1.4325589e-03  1.4568668e-03  2.7289318e-03
  4.5404494e-03  4.0097385e-03  1.0364236e-03 -1.5957365e-04 -6.6004141e-04
  3.4643816e-04 -1.0286021e-04 -6.6528640e-05  1.5866115e-03 -2.0734606e-04
 -1.0510697e-03 -1.1680853e-03 -1.6985661e-03 -1.9202515e-03 -6.1685454e-04
  1.2273599e-03  1.5970401e-03  2.6671268e-03  3.5344682e-03  1.5600031e-03
  1.3674565e-04 -1.2364083e-05  1.1823480e-03  1.3196841e-03  2.5504179e-03
  2.7722567e-03  2.4152289e-04 -2.2182348e-03 -3.6432789e-03 -3.4366230e-03
 -3.7103750e-03 -2.7888966e-03 -3.7623648e-03 -2.3301894e-03 -2.7056974e-03
 -1.9468599e-03 -8.6925849e-04  1.1650180e-03  2.2372517e-03  4.2573422e-03
  6.1038264e-03  5.5405260e-03  5.8713289e-03  5.6731846e-03  5.0971551e-03
  3.4347059e-03  2.9776091e-03  2.2709915e-03  1.5546354e-03  3.6816962e-04
 -2.9914117e-05  9.4678322e-06 -1.5423664e-04 -1.5593896e-03  2.0241546e-04
  2.4186029e-03  1.9465532e-03  2.2133272e-03  1.9000843e-03  5.0388007e-04
  9.2416226e-04 -2.5114638e-04  2.4311786e-03  2.9083659e-03  1.8617437e-03
  3.2143241e-03  2.7882064e-03  1.3544974e-03  8.4011962e-04  1.3453723e-03
  1.2216088e-03 -5.8928763e-04 -1.6727245e-03 -9.7339161e-04 -2.6675102e-03
 -1.2413925e-03 -2.9008512e-04 -1.5395292e-06 -1.5112338e-03 -4.5538686e-03
 -5.6524806e-03 -6.2526647e-03 -5.5989571e-03 -3.1904762e-03 -2.5649873e-03
 -2.2338011e-03  3.9776858e-04  1.4199831e-03  2.1670117e-03  3.7152059e-03
  4.4612376e-03  4.6013343e-03  4.4251208e-03  3.5248831e-03  3.6099226e-03
  1.8810674e-03 -2.4594740e-04 -1.0254582e-04  2.3403113e-04  1.8359022e-03
  4.1312016e-04 -2.5596197e-03 -2.4870025e-03 -2.2430795e-03 -1.8499348e-03
  7.8314546e-04  1.7512461e-03  5.2897784e-04  1.7818419e-03  3.3161567e-03
 -9.1358025e-05 -5.4620811e-04  1.7780078e-04 -3.6938118e-04  6.5531784e-04
  3.8638908e-03  4.3296526e-03  3.7158193e-04 -6.4251975e-05  1.2758224e-04
  5.1718427e-04  6.1232267e-04  4.8883521e-05 -1.3345602e-03 -3.0267618e-03
 -1.5999540e-03  8.8873553e-04  1.8655011e-03  2.5885285e-03  2.0658692e-03
  4.1107277e-04 -1.9386550e-03 -3.1235335e-03 -2.6319301e-03 -1.3770416e-03
 -1.5993405e-03 -3.2287401e-03 -3.3378575e-03 -2.9462465e-03 -3.3417683e-03
 -2.2786596e-03 -8.4380032e-04 -2.4370830e-03 -8.3551875e-04 -1.1927766e-05
 -1.6889809e-04 -1.3176904e-03 -2.2497508e-03 -2.2520512e-03 -3.0338164e-03
 -3.1433172e-03 -3.6139100e-03 -4.8975539e-03 -6.5804770e-03 -6.8818342e-03
 -6.9352044e-03 -5.0893336e-03 -4.6576183e-03 -4.2240626e-03 -1.3102523e-03
  1.7622115e-04 -1.5284871e-04 -3.6474964e-04  7.2977532e-04  6.1796641e-04
  9.8742428e-05  1.4266544e-03  2.2344145e-03  2.0272218e-03  3.2927690e-03
  7.6499502e-03  6.6731079e-03  5.1075838e-04 -1.9622728e-03 -2.6454260e-03
 -1.8706388e-03 -3.2636301e-03 -2.0303658e-03  1.8235565e-03  2.2799632e-03
  1.3252818e-03  2.9605858e-05 -1.3742044e-03 -9.0782915e-04 -3.7277816e-04
  4.1528257e-04  2.1601104e-03  1.2779695e-03  5.7583774e-04  1.6879074e-04
 -1.9986197e-04  9.1618741e-04  3.5239629e-03  2.1371061e-03  4.5583928e-04
 -1.1421670e-03 -8.6757151e-05  1.9072924e-03  3.6645963e-03  2.2137873e-03
  3.5350050e-03  4.6197378e-03  4.2072694e-04 -9.6787056e-04 -1.6737213e-03
  1.2551952e-04  1.7353731e-03  3.3204509e-03  4.3087953e-03  4.3031976e-03
  5.3212177e-03  6.8018557e-03  6.1424737e-03  4.7283951e-03  2.0722337e-03
  9.9915651e-04  7.4346292e-04  1.1966874e-03  1.6879074e-03  1.4735833e-03
  1.1207729e-03  1.5716586e-03  3.2074994e-03  3.4623112e-03  1.7954911e-03
  3.6988728e-03  6.7244076e-03  6.7793881e-03  6.5001917e-03  4.1759834e-03
  4.4728932e-03  5.5378422e-03  5.1644046e-03  3.5024155e-03  1.5106204e-04
  1.0783682e-03  1.0692432e-03 -3.8079902e-04  5.9833602e-04  4.1658615e-04
 -1.9345909e-04  1.0953148e-04 -6.2138640e-05 -1.8500882e-04  6.0159497e-04
  1.2357181e-04 -6.7905069e-04 -3.0753777e-03 -3.8264704e-03 -4.0857296e-03
 -4.0701633e-03 -3.9978529e-03 -4.4170692e-03 -3.8437236e-03 -4.0582777e-03
 -4.2785062e-03 -5.1428571e-03 -4.5948930e-03 -3.5478874e-03 -3.6685837e-03
 -4.0250748e-03 -3.9986197e-03 -3.2084196e-03 -1.7247144e-03 -1.0545970e-03
 -2.3903075e-03 -4.1116479e-03 -4.2200751e-03 -5.0103520e-03 -4.4793344e-03
 -1.8631240e-03 -7.7877463e-04 -1.0970784e-03 -1.6407484e-03 -1.3421517e-03
 -9.1925466e-04 -2.5754927e-05 -7.9717813e-04 -7.8314546e-04 -2.3389311e-03
 -2.8746262e-03 -2.4067173e-03 -2.7938808e-03 -9.6012576e-04  2.5751093e-04
  6.7229507e-04  1.0354267e-03 -1.0967717e-03 -2.7726401e-03 -3.2926923e-03
 -4.1538992e-03 -2.1997546e-03 -5.9746185e-04 -1.0223909e-03 -9.2362549e-04
 -4.7983283e-04 -3.4571735e-04  5.1196227e-04 -1.2048156e-04 -3.4051070e-04
  9.1005291e-04  5.6038647e-04 -3.1247604e-04 -1.9292232e-04 -7.3481328e-04
 -4.4840120e-05  1.6938118e-03  2.7547734e-03  4.0089717e-03  2.6740281e-03
  1.4805613e-03  1.7069243e-03  3.0712369e-03  3.5725788e-03  3.1594203e-03
  2.0628786e-03 -3.7299287e-04 -2.6134499e-04  6.3651560e-05 -1.2628633e-04
  2.0710068e-03  4.3371674e-03  4.1998313e-03  4.4946707e-03  4.1923165e-03
