Scaled from
PEER NGA STRONG MOTION DATABASE RECORD
ACCELERATION TIME SERIES IN UNITS OF G
NPTS= 2499.000000, DT= 0.020000, Scalar= 1.000000
  3.5510744e-02  1.5364547e-02 -4.3285651e-04 -8.3191127e-03 -1.1042914e-02
 -3.4608356e-02 -1.3434999e-02 -8.6257483e-03 -1.6258113e-02 -3.0242611e-02
 -1.3489193e-02 -5.3939127e-03 -1.9335812e-02 -3.3011532e-02 -1.9134161e-02
 -1.4139517e-02 -8.5453400e-03 -1.5788014e-02 -5.3093453e-03 -7.2906925e-03
 -1.0244502e-02 -9.6346336e-03 -2.0606213e-02  5.2003277e-03  2.2567270e-03
 -1.4196232e-03 -1.6428256e-02 -7.3878631e-03 -8.6514588e-03  3.6152247e-03
 -1.3290062e-03 -6.6864957e-03 -6.1995085e-03  9.9741635e-03 -1.7307959e-02
 -2.5899553e-02 -1.2388682e-04 -3.4375197e-03 -2.0302477e-02  1.4349991e-02
  1.9611822e-02  2.3673829e-02  1.7421388e-02  1.0576218e-02  2.2066923e-02
  2.8052177e-02  2.3702817e-02  3.1523095e-02  1.7222257e-02 -5.9170710e-03
 -4.1657319e-02 -8.3675090e-03  1.7222257e-02 -2.5501292e-03 -1.1096856e-02
  2.1538849e-02  4.0326423e-02  1.0740059e-02 -1.3542126e-02  2.0454975e-02
  9.5934211e-03 -1.4097927e-02 -2.8338270e-02 -1.1168946e-03  4.7593421e-03
 -8.5820152e-04 -6.1535068e-03  2.3623417e-02 -6.4029239e-03  1.4869242e-02
  1.5491839e-02  1.5123826e-02  2.9270906e-02  4.1570357e-03 -1.3417355e-02
 -1.1467641e-02  1.5450249e-02  9.9466885e-03  1.2476022e-02  1.8001134e-02
  1.3713530e-02  6.2937803e-03  1.3655555e-02  3.2396496e-02 -4.1445586e-03
  7.7265108e-04 -3.2502363e-04  1.0378852e-02  1.4627261e-02  1.4143298e-02
 -4.1921986e-02  4.9293591e-03  1.2307140e-02 -1.0375449e-02 -1.8222950e-02
 -9.5045687e-03 -9.2090239e-03  1.1724494e-02  7.3840822e-03  1.1251623e-02
  9.8452328e-03 -7.9561409e-03 -1.9700044e-03 -2.9362909e-03  1.4194971e-02
  1.1706598e-03 -1.8500221e-03 -1.8563236e-02 -3.0484593e-03 -8.9710757e-03
  1.6236688e-02  3.8745983e-03  2.3837671e-03  1.2522906e-02  1.4598273e-03
 -2.0432289e-02 -3.6132081e-02  1.9155586e-02  2.3754490e-02  1.4810007e-02
  2.2431155e-02 -1.7185708e-02  2.1214947e-02 -8.8713845e-03 -8.5590774e-03
  4.0722163e-02 -1.2473880e-02 -1.8771189e-02 -3.7291575e-02 -4.9751087e-02
 -3.9373622e-02  3.0458126e-02  5.6263155e-02  3.9052240e-02 -8.4432541e-02
 -4.7052744e-02 -1.4502489e-02  2.7081732e-02  5.6711828e-02  2.7912282e-02
 -8.2781524e-03 -2.7884555e-02  3.2816182e-02  9.2425484e-03  1.3574894e-02
  1.4929737e-02 -4.2738673e-02 -8.9683030e-02 -3.8522906e-02 -1.7814607e-03
  1.7130254e-02  3.9833638e-02  2.7186338e-02  1.1137060e-02 -2.8654610e-02
 -7.4627261e-03  6.2537022e-02  4.5904594e-02  1.9096351e-02 -1.4384019e-02
 -4.5360136e-02 -4.8619321e-02 -2.5736971e-03  3.6085450e-02  3.4881845e-02
  6.2511815e-02 -2.0041591e-02 -6.1317033e-02  3.6871889e-02  3.1185330e-02
  3.6709307e-02  4.2341672e-02  1.9057281e-02 -7.7703699e-03 -5.1010146e-02
  6.5624803e-03 -8.6751528e-03  4.2371920e-02  3.0005671e-02  2.3580566e-02
 -6.0322642e-02 -4.2491650e-02  6.8300460e-03 -2.9433487e-03  5.9523599e-02
  2.8731489e-02  4.0129813e-03 -2.5706724e-02  2.1824942e-02  3.6656374e-02
  1.1167433e-02  7.4149600e-04  1.6540425e-02 -2.9239398e-03  3.2706535e-02
  4.7138446e-02 -1.6206440e-02 -6.0815426e-02  2.7275821e-02  3.1243305e-02
  3.4039952e-02  4.0104606e-02  1.9962190e-02  4.6286470e-03  3.1554603e-02
  5.0096414e-03  3.7873842e-02  3.3160250e-02 -1.2141786e-02  7.8514084e-04
 -1.7445334e-02 -2.9333921e-02  1.4152120e-03  7.7955763e-02  5.6570672e-02
  3.5162896e-02  1.0921419e-02  1.6972714e-02  5.7727645e-02  7.7142857e-02
  7.5936732e-02  5.7097486e-02 -1.5925389e-02  2.4863570e-02  3.2564119e-02
  5.6812654e-02  8.3546537e-02  8.9418363e-02  8.4126284e-03  4.3933455e-03
  9.9275317e-03  2.2956708e-02  3.6805092e-02  1.6370282e-02 -4.6740185e-02
 -1.0395488e-01 -1.8405697e-01 -1.9170710e-01 -2.1270401e-01 -2.1226290e-01
 -2.6541055e-01 -2.9665385e-01 -2.8150482e-01 -2.2066923e-01 -1.9967232e-01
 -1.3767723e-01 -1.2986326e-01 -1.4791102e-01 -2.0476401e-01 -1.3307707e-01
 -9.9873968e-02 -1.1647615e-02  1.4241603e-02 -3.7059676e-02 -3.6324910e-02
 -1.2774592e-01  1.0303233e-01  2.3192388e-01  3.4513832e-01  2.7188859e-01
  2.3322201e-01  1.6874409e-01  8.8173168e-02  1.6280799e-01  2.3738106e-01
  3.0232529e-01  3.2788455e-01  2.6097423e-01  1.6510177e-01  9.3189237e-02
  4.7681643e-02  7.1884807e-02  1.9885311e-02  2.6186905e-02  2.2547104e-02
  7.8031382e-02  1.1629970e-01  9.2209969e-02  5.5871195e-02  2.6064654e-02
 -3.4024828e-02  2.7524104e-02 -5.4847816e-02 -4.0557061e-02  1.0207701e-01
  7.6980276e-02 -1.0779507e-01 -1.4360073e-01 -2.2627765e-01 -2.3629718e-01
 -2.1988783e-01 -9.8056588e-02 -1.7251245e-01 -1.7633121e-01 -2.2917638e-01
 -2.3259185e-01 -2.1882916e-01 -2.2434936e-01 -2.4340538e-01 -2.1732938e-01
  1.7072279e-02  7.8104480e-02  8.9759909e-02 -6.0670490e-03  1.0519755e-01
  1.8661541e-01  2.6490642e-01  1.4037431e-01  6.4862310e-02  3.4286975e-02
  1.5184322e-02 -2.1358624e-02  5.9388745e-02  6.2857143e-02  1.0591090e-02
  6.5510114e-02  1.0603945e-01  1.5243557e-01  1.0921797e-01  4.2075745e-02
  4.0773836e-02  1.3581196e-01  1.4203794e-01  1.3165291e-01  8.1613208e-03
 -3.9363539e-03  2.2999559e-02 -4.1143109e-02 -1.3186716e-01 -1.3441301e-01
 -1.2972462e-01 -1.9396307e-01 -1.5847249e-01 -9.1116012e-02 -3.3693364e-02
 -1.1872960e-01 -1.0633814e-01 -4.3845233e-02  7.4099187e-02  1.6629907e-01
  1.1334426e-01  6.9943916e-02  5.1170206e-02  9.2086458e-03  3.5242296e-02
 -1.6450942e-02  1.1843846e-01  6.0630159e-02  7.9503434e-02  1.0006554e-01
  1.6245510e-01  7.5872456e-02  2.1250236e-02 -8.4201903e-02  2.3089042e-02
 -7.4591972e-02  5.5874976e-02  1.1440797e-01  1.0194719e-01  4.4873653e-02
  6.8965908e-02  3.4898229e-02  1.2721659e-01  6.1882916e-02 -2.3556620e-02
 -8.4378348e-02 -1.0316970e-01 -8.8797026e-02 -1.3959292e-01  4.4015376e-03
 -5.3540866e-02 -1.7425169e-01 -1.6626126e-01 -2.0606213e-01 -3.1451257e-01
 -1.8224211e-01 -1.9581574e-01 -3.5425043e-02  1.2764509e-01  1.3897536e-01
  6.6843531e-02  8.4949272e-02 -4.4240973e-02 -5.7319302e-02 -6.9806541e-02
 -5.3622787e-02 -1.2256727e-01 -6.6311677e-02 -6.2694562e-02 -2.7897158e-01
 -8.5116895e-02 -1.5452770e-01 -8.2981914e-02 -6.0481442e-02 -1.4671372e-02
 -1.8224211e-01 -2.1422900e-01 -6.5599597e-02  4.2182872e-02  4.1837545e-02
 -3.3185456e-02  9.0972336e-02  1.7554981e-01  1.3539606e-01  2.7360262e-01
  3.9683660e-01  5.6461025e-01  5.8642637e-01  1.5321696e-01 -8.6916630e-02
  1.3678241e-01  2.6512068e-01  3.2337261e-01  3.0309408e-01  1.4725566e-01
 -3.8538030e-02 -3.1104669e-01 -5.5692230e-01 -5.1520575e-01 -1.4110530e-01
 -4.5942403e-01 -3.7576407e-01 -2.5942403e-01 -6.1426681e-02 -1.2945995e-01
 -2.7958914e-02 -2.6955700e-01 -1.1781209e-03 -4.8461781e-01 -1.1441931e-01
 -2.2060621e-01 -3.6251812e-01 -2.2361838e-01 -1.9659714e-01 -3.5117525e-01
 -2.4287605e-01 -1.3544647e-01  2.0645283e-01  1.8655240e-01  1.4231521e-01
  1.7008003e-01  1.0330456e-01 -1.4568026e-01  2.2312685e-01  2.7626189e-01
  4.3852795e-01  4.1272922e-01  2.0286092e-01  1.3496755e-01  2.0583528e-01
  1.9631987e-01  3.8388052e-01  5.2296931e-01  4.7026278e-01  5.7428950e-01
  1.2181864e-01 -1.2326675e-01  1.0076753e-01 -1.2651081e-01 -1.4828912e-01
 -1.9422774e-01 -1.1131892e-01 -1.7519692e-01 -2.0397000e-01 -1.9571492e-01
 -1.7984750e-01 -2.7933707e-02 -2.0956582e-01 -4.7679123e-02 -2.1553973e-01
 -3.8463671e-01 -4.3808684e-01 -4.1576659e-01  6.6749007e-02 -9.8885878e-02
  3.5365808e-02 -4.1013296e-01 -6.4929107e-01 -1.4244124e-01  1.9480749e-01
  1.1253765e-01 -1.1630222e-01 -2.9945176e-01  3.2710316e-02  2.4109900e-01
  3.9330771e-01  4.5973911e-01  5.7854937e-01  6.8605457e-01  5.9735333e-01
  3.4753293e-01  2.6294032e-01  3.0900498e-01  2.3885563e-01  3.6912219e-01
 -2.0129813e-01 -6.1467011e-01 -6.6345705e-01  2.9328880e-02  3.0349738e-01
  4.3668788e-01  2.3441931e-01 -2.1057408e-01 -4.9654042e-01 -5.6807612e-01
 -5.7701178e-01 -2.6031886e-01 -2.6949398e-01 -2.6079778e-01  4.1207385e-02
  2.6387296e-01  2.4237192e-01 -3.5716176e-01 -2.9684290e-01 -3.6585796e-01
 -5.4710442e-01  4.6039448e-02  2.2148844e-01  4.5065222e-01  4.8116453e-01
  4.5103031e-01  3.2082677e-02  3.6230386e-01  7.5079715e-01  9.1966728e-01
  8.7844225e-01  7.0847564e-01  4.6350747e-01  1.0293024e-01 -2.7466129e-01
 -2.7418237e-01 -6.1680005e-01 -3.3787888e-01 -4.6921671e-01  3.1984372e-02
  4.8081165e-01  3.5074674e-01  1.8199004e-01 -1.1014305e-01 -5.5903964e-01
 -8.9913668e-01 -8.2650451e-01 -6.7202722e-01 -4.0680572e-01  6.2431155e-01
  2.7802634e-01 -9.7847375e-03  1.0558699e-01  3.7326864e-01  7.7532296e-02
 -2.7021236e-01 -9.7154200e-01 -5.8009957e-01 -6.5184952e-01 -4.9103283e-01
  1.1406264e-01  2.3062575e-01 -3.1351692e-02 -2.6019283e-01 -5.2392715e-01
 -1.1371479e-01  3.5959418e-01  5.5551074e-01  3.0848825e-01 -2.2501733e-02
 -2.7061567e-01 -3.9395047e-01 -5.4270590e-01 -1.4164724e-01 -5.1224400e-02
 -1.0445019e-01  2.0557061e-01  4.3396559e-01  4.8921797e-01  6.9055391e-01
  7.7788140e-01  7.4702880e-01  5.0535005e-01 -8.7122062e-02 -7.2462033e-02
 -2.6659525e-01 -4.3251623e-01 -3.3855946e-01 -3.0884114e-01 -4.4378348e-01
  9.7325603e-02  5.6863066e-01  4.5765959e-01  6.4150230e-01  2.0848195e-01
  7.4058857e-03 -4.4859790e-01 -2.3755750e-01 -2.5420631e-01 -3.1996975e-01
  4.7065348e-01  1.6072846e-01  6.0822988e-01  4.9921230e-01  1.0526561e-01
  3.9234986e-01  4.9071775e-01  4.4118722e-01  3.4758334e-01  2.5091688e-01
  4.2300082e-02  1.6508917e-01  1.7256286e-01  2.1974920e-01  1.5165417e-01
 -3.4622219e-02 -2.6663306e-01 -2.5435755e-01  3.7580188e-02  2.3168442e-01
  2.9860735e-01  4.0584788e-01  2.5103031e-01 -1.1364547e-01 -1.8293528e-01
 -4.8326927e-01 -1.0000000e+00 -8.8076123e-01 -8.8851219e-01  2.7894637e-02
  4.8924318e-01  4.8556305e-01  2.2156406e-01 -1.1082614e-01 -1.4305879e-01
 -2.1145630e-01 -2.6053311e-01  3.0390069e-02  2.3668788e-01  2.7763564e-01
 -3.3155208e-03  1.4526435e-01  2.0108387e-01  3.1122314e-01  3.1665511e-01
  3.2131829e-01  4.5027412e-01  3.5205747e-01 -6.3668788e-02 -3.4511311e-01
 -1.4162203e-01  1.4411746e-01  2.4868612e-01  3.9828597e-01  4.6597769e-01
  8.5552965e-02 -2.3973785e-01 -3.9754238e-01 -6.9776293e-01 -6.6481820e-01
 -6.5014809e-01 -3.3374504e-01 -9.5411179e-02  2.4951793e-01  2.5300901e-01
 -8.0471359e-02 -5.3000189e-01 -3.7827210e-01 -4.0573445e-01 -4.4498078e-01
 -2.7050224e-01 -1.8675405e-01 -1.7359632e-01  8.4761485e-01  5.5630475e-01
  1.3555990e-01 -1.7524734e-01 -1.2448547e-01  7.8504002e-02  2.1542630e-01
  2.9096982e-01  4.1945932e-01  1.8593484e-01 -7.1187851e-02 -2.4758964e-01
 -4.4982040e-01 -4.9979205e-01 -4.2150104e-01 -2.7549310e-01 -2.4117462e-01
  1.4400403e-02  1.5984624e-01  2.7172475e-01  1.3124961e-01  2.1766967e-01
  1.3392148e-01 -1.9769362e-01 -4.7835402e-01 -6.9378033e-02 -8.4332976e-02
  1.4557943e-01 -1.4396622e-01 -2.0778877e-01 -2.6626757e-01 -2.3937236e-01
 -2.4039322e-01  3.2358687e-02  1.1568341e-01 -1.1312622e-01 -1.7247464e-01
  3.2448169e-02  8.3309597e-02 -1.8225471e-01 -3.1020228e-01 -1.5136430e-01
 -1.1642069e-01 -2.6804462e-01 -3.0885374e-01 -2.6578864e-01  3.2706535e-02
  6.8330708e-02  1.0222698e-01  3.5653160e-01  3.4648686e-01  3.5333039e-01
  1.9934463e-01 -1.4200013e-01 -1.9936984e-02  7.8546852e-02  1.3945428e-01
  2.1589262e-01  1.8199004e-01  1.0328817e-01 -4.7947571e-02 -3.2013359e-01
 -2.6229756e-01 -1.7265108e-01  2.0133594e-01  2.6822106e-01  1.9521079e-01
 -8.8035793e-02 -2.1279224e-01  7.5340601e-02  2.4727456e-01  2.4816939e-01
  1.2316718e-01  1.5406138e-01 -8.3523852e-02 -2.7511500e-01 -3.4018527e-01
 -3.0461907e-01 -1.7416346e-01 -1.2087970e-01  2.7502678e-02  9.9279098e-03
 -2.1354843e-01 -1.2246392e-01  7.4589451e-03  1.6617304e-01  1.3378285e-01
 -5.4628521e-03  1.0033398e-01 -2.0144937e-01  5.5253639e-02  1.1831747e-01
  8.2514336e-02  2.2612641e-01  2.8411368e-01  2.5411809e-01  1.3259815e-01
  1.8036423e-01  1.8457370e-01  1.6691663e-01  7.9920600e-02 -2.5048837e-02
 -1.6130821e-01 -1.7682274e-01 -9.3321570e-02  6.3128111e-02 -7.2886760e-02
  1.0299956e-01  2.6407461e-01  3.8386792e-01  3.7208394e-01  4.2099691e-01
  3.6153507e-01  3.8714475e-01  2.3941017e-01  9.8671624e-02 -3.2100321e-02
 -3.4808747e-02  1.5082236e-01  1.4149600e-01 -1.4362594e-01 -2.3646102e-01
  5.8502741e-02  1.4251686e-01 -4.6012981e-02 -5.4941080e-02  1.7694877e-01
  1.7475581e-01  1.8177579e-01  5.7983490e-02  1.2945995e-01 -1.1320562e-02
 -2.0360451e-01 -3.4150860e-01 -3.7712521e-01 -2.6723801e-01 -2.0599912e-01
 -3.1936480e-01 -1.9023253e-02 -1.9824816e-01 -2.5323587e-01 -1.1410801e-01
  2.4196862e-02  3.9911778e-02 -2.8571429e-03 -6.7583339e-02 -1.3484151e-01
 -2.0481442e-01  4.1901821e-02 -9.6147205e-02 -8.0914991e-02 -9.0736656e-02
 -7.2702754e-02 -1.9033335e-01 -1.4421829e-01 -8.7343878e-03  1.2957338e-01
  1.5717437e-01 -1.0765770e-01  1.3466507e-01  1.0944357e-01  5.8773710e-02
  6.8241225e-02  8.5329888e-02  1.4716743e-01  2.8688638e-01  1.8787573e-01
  5.9458063e-02  7.3713530e-02  7.7435251e-02 -5.4220178e-02 -2.6357048e-01
 -2.7766085e-01 -3.2492281e-01 -5.3688323e-02 -1.0109396e-01 -3.2431785e-04
 -1.6958851e-02  4.1988783e-02 -1.5184322e-01 -1.9474447e-01 -2.0549499e-01
 -1.6997920e-01 -1.9894133e-01 -1.0831306e-01 -6.5516416e-02 -3.9478228e-02
 -9.0069948e-03 -1.9173231e-01 -1.5956897e-01 -2.6104985e-01 -1.0216901e-01
  3.0579117e-02  3.8345201e-02  9.5048207e-02  1.6885752e-01  1.0448295e-01
 -8.4930367e-03 -7.5368328e-02 -1.3929044e-01  3.0861428e-02 -2.1977440e-03
 -2.7335056e-02 -2.3988909e-02 -4.3629718e-02  7.2174680e-02  1.2447413e-01
  1.9078707e-01  1.6324910e-01  1.7720083e-01  7.6442120e-02 -1.5329258e-01
 -1.2727960e-01 -1.5367068e-01  2.6935535e-02 -5.1260949e-02 -7.7941899e-02
  1.8091877e-01  2.2955448e-01  6.8940702e-02 -3.7447854e-02  1.4559203e-01
  1.4033651e-01  1.4119352e-01  1.4073981e-02 -9.7571366e-02 -6.7995463e-03
 -1.2443506e-01 -2.8676035e-01 -1.5263722e-01 -7.9720209e-02  5.3990800e-02
 -8.1196043e-03 -9.7121432e-02 -2.4800555e-02  1.4036171e-01  2.0262146e-01
  1.0645535e-01  1.1096729e-01  7.0661037e-04 -5.1431092e-02  2.1531287e-01
  4.7111979e-02  4.9197807e-02  2.0171403e-01  2.2525679e-01  1.7648245e-01
 -7.8524167e-02 -1.2789716e-01 -1.3527002e-01 -2.5671435e-01 -2.8947004e-01
 -3.0512320e-01 -4.7085513e-03 -1.7567585e-01 -6.0448674e-02 -2.0025206e-02
 -1.4058857e-01 -6.0253324e-02  8.3233978e-03  9.0053564e-02  1.3703447e-01
  8.1952234e-02  1.3113618e-01  5.6607222e-02  7.8103220e-02  1.9445460e-02
  7.6409352e-02  1.7529775e-01  2.2341672e-02 -7.0595501e-02 -9.4851597e-02
  7.5600227e-02  1.9320688e-01  1.9199698e-01  2.0470099e-01  2.1816119e-01
  1.7146638e-01  7.7541118e-02  1.5069633e-02  2.3388997e-02  1.0574579e-01
  1.0520134e-01  1.1917071e-01  1.0874535e-01 -1.8056588e-01 -2.1470792e-01
 -1.4044993e-01 -1.5667024e-01 -1.5596446e-01  2.5826454e-02 -1.2181486e-02
 -1.8088096e-01 -3.6731993e-02  9.2247779e-02  1.6409352e-02 -2.5440797e-01
 -2.1779570e-01 -9.3068246e-02  3.7590270e-02 -6.2734892e-02 -2.0742328e-01
  1.7265108e-01  1.5999748e-01 -2.5416850e-02 -4.5014809e-02  1.6481190e-01
  1.3559771e-01 -1.2499338e-01 -9.8244376e-02 -2.9230575e-02  1.6080408e-01
 -8.5670175e-02  4.3757011e-03  4.0263407e-02  3.0924444e-02 -6.7130884e-02
  8.3094083e-03  1.1711387e-01 -4.7663999e-02 -1.4775978e-01 -1.8103220e-02
  1.2945995e-01 -1.3601361e-01 -6.0109648e-03  2.8785683e-02  1.6321129e-01
  2.6251182e-01  2.4198122e-01  9.4150860e-02  1.0297813e-01  4.8526057e-02
 -5.3012792e-02  7.1438654e-02  8.3535194e-02 -5.7615477e-02 -8.4501859e-02
  1.4990233e-01  8.2916378e-02  1.1131892e-01  1.9135421e-01  3.1153822e-01
  2.1243935e-01  1.9618123e-01  1.1358876e-01  6.6325540e-02  1.1137564e-01
 -9.1949083e-02 -2.7182557e-01 -2.2574831e-01 -6.8655870e-03 -7.7014305e-02
  8.4350621e-02  6.7762304e-02 -3.1117273e-02  1.7880144e-01  4.6888903e-01
  2.6306636e-01  8.0575966e-02  1.5845989e-03  9.3457685e-02 -9.1133657e-02
 -5.1723486e-02  6.1264100e-02 -1.7698658e-02  1.7244943e-02 -8.0754931e-02
 -7.8103220e-02 -1.3214443e-01 -4.1790913e-02  1.1719579e-01 -1.3336694e-02
 -1.3061945e-01 -8.0270969e-02 -3.6735774e-02  8.5647489e-02  1.1526750e-01
  2.4019157e-02  7.7092444e-04 -1.6307266e-01 -9.5064591e-02 -2.6646922e-02
 -3.9967232e-02 -1.8890919e-01 -2.0728464e-02 -2.8663432e-02 -1.6827777e-01
 -5.0908060e-02 -1.5984624e-02  8.4785431e-02  1.5040645e-01 -1.0483458e-01
 -5.0787069e-02  1.4695318e-02 -3.2409100e-02  6.7377907e-02  1.2432541e-01
  1.8370408e-01  6.3244061e-02 -2.4448926e-02 -8.6767912e-02 -2.4325414e-01
 -1.0730355e-01 -8.0683093e-02 -1.2894322e-01 -1.3354339e-01 -1.1182179e-01
 -7.9318167e-02 -2.5631105e-01 -1.8917386e-01 -1.2077132e-01 -1.5585103e-01
 -1.4089105e-01  8.8851219e-03  3.9594177e-02  1.7001701e-01  2.0446153e-01
  1.6143424e-01  4.3749449e-02 -6.5787384e-02 -7.6651333e-02  8.2408469e-03
 -8.8360955e-02 -2.1895520e-02  3.1602495e-01  9.8777491e-02  1.7180667e-01
  1.9021993e-01  1.2236562e-01  3.0543828e-02 -4.9056651e-02 -1.2518495e-01
 -2.0373054e-03 -5.2124267e-02  1.5023001e-01  1.4566765e-01  1.5292709e-01
  2.2196736e-01  2.0598651e-01 -2.3208772e-02  6.8639486e-02  4.0040330e-02
  1.0512446e-01  1.4387800e-01  1.4510051e-01 -7.2044867e-02 -9.8446027e-02
 -9.9232466e-02 -9.0432920e-02 -5.4081543e-02  1.4576848e-02  4.8284076e-02
 -5.2954818e-03 -8.5593295e-02 -1.6890793e-01 -2.4195601e-01 -2.8207196e-01
 -2.4552272e-01 -1.4547861e-01 -2.1639675e-01 -1.6299704e-01 -2.3183565e-02
  3.0570294e-02 -2.7429580e-01 -2.5689079e-01 -2.7036360e-01 -2.8195854e-01
 -2.4587561e-01 -1.5956897e-01 -1.5702313e-01 -3.0085072e-02  4.6101204e-02
  9.7411305e-02  1.7520953e-01  1.6863066e-01  7.6574453e-02  1.0953809e-01
  7.0684983e-02  5.2565379e-02  8.0975487e-02 -7.6597139e-02 -5.3746298e-02
 -1.0729599e-02  7.1301279e-02  1.4642385e-02 -1.1500914e-01 -4.0652845e-02
 -8.8723927e-02 -7.5301531e-02 -9.3286281e-02 -1.2020417e-01 -9.7237381e-02
 -1.3731174e-01 -1.3694625e-01  2.5818892e-02  6.3440670e-02  1.7935598e-02
 -6.6174302e-02 -1.2016006e-01 -1.0118470e-01 -1.1047073e-01 -2.3652404e-02
  4.9418363e-02  6.0027727e-02 -3.0173294e-02 -6.2088348e-02 -7.4575588e-02
 -4.8877686e-02 -8.4751402e-02 -1.0226353e-01 -1.5023001e-01 -2.3530153e-02
  5.9455542e-02 -4.4640494e-02 -8.3133153e-02 -9.4378978e-02 -7.4102968e-02
 -7.8713214e-02 -1.2192955e-01 -3.6735774e-02 -4.5280736e-02 -6.6912849e-02
  2.3753230e-02  1.1566450e-01  9.6307266e-02  2.4518243e-02  1.0670868e-01
  1.1187977e-01  5.9586615e-02  8.7565694e-02  8.5159745e-02  1.2606970e-01
  1.2565253e-01  1.4066419e-01  1.2666205e-01  4.5261831e-02  5.9401349e-02
  7.2121747e-02  1.0737413e-01  6.8727708e-03 -7.4618438e-02  2.6877560e-02
  1.2702754e-01  1.0217405e-01  1.1110719e-01  1.6062764e-01  1.5297750e-01
  1.2726700e-01  4.9817884e-02  2.3337324e-02  1.4470981e-02  7.8574579e-03
  1.4813788e-02  4.1407776e-02  8.6459134e-02  4.9065474e-02  7.3567333e-02
  7.9837419e-02  3.3606402e-02  9.1168946e-03 -2.8107631e-02 -2.5817632e-02
 -3.1133657e-02 -5.1584851e-02 -1.4798664e-01 -1.4205054e-01 -5.8980402e-02
 -9.7023127e-02 -8.9243179e-02 -1.2289243e-02  5.0813536e-02  1.1924885e-01
  1.1799609e-01 -1.9899174e-03  6.0438591e-02  9.0453085e-02  8.2525679e-02
  1.0544080e-01  1.0100195e-01  7.1680635e-02  1.0507026e-02 -1.0674523e-02
  3.1607537e-02  3.3445082e-02 -2.8110152e-02  2.8214758e-02  6.5961308e-02
  1.0132712e-01  3.4995274e-02  3.8936291e-02  4.3822547e-02  5.0129183e-02
  2.8929359e-02  9.9142983e-03  2.6014242e-02  8.9161258e-02  1.0222320e-01
  8.4165354e-02  7.5397316e-02  7.4578108e-02  1.7344508e-02 -7.3945428e-05
 -8.6354528e-03  8.0710820e-02  4.4000252e-02  3.7394921e-02  4.7304808e-02
 -2.1051106e-02 -3.7459197e-02  4.3158359e-02  2.9980465e-02  1.9605520e-02
  1.9992438e-02  7.6188796e-02  3.4216397e-02  6.4220808e-02  7.9231205e-02
  1.1402735e-01  1.0984939e-01  1.0395740e-01  8.1974920e-02  1.4736908e-01
  1.7097486e-01  1.1518936e-01  2.2276136e-02 -1.1242422e-01 -1.2893062e-01
 -1.4963766e-01 -7.7307959e-02 -3.0160691e-02  2.7154830e-02  2.6553658e-02
 -4.1635894e-02 -7.5864894e-02 -7.3970635e-02 -5.6556809e-02 -8.1127985e-02
 -2.6262524e-02 -3.5143991e-02 -2.0364232e-02 -6.1130506e-02 -1.1690088e-01
 -1.5891361e-01 -2.0011343e-01 -2.1455668e-01 -1.9476968e-01 -7.5291449e-02
 -6.8446657e-02 -7.6007310e-02 -4.0273489e-02 -3.6745857e-02 -2.1014557e-02
  1.3303926e-02  1.0071082e-01  1.1083496e-01  6.5865524e-02  2.2029113e-02
 -4.5367698e-02 -1.1693490e-01 -1.6236688e-01 -3.9676098e-02 -2.3041149e-02
 -2.6063394e-02  9.6482450e-02  9.8472494e-02  4.6665826e-02  1.1642700e-02
  2.2840759e-03 -1.0621211e-01 -1.7944420e-01 -1.5239776e-01 -1.0048900e-02
 -2.3891865e-02  3.5007877e-02  6.1320814e-02  1.1053375e-01  2.8842397e-02
  1.8299830e-02  8.7166173e-03  2.3813725e-02  5.1024009e-02 -1.0302224e-03
 -1.5513265e-02 -2.9158737e-02 -8.5696641e-02 -1.2508791e-01 -8.4660659e-02
 -2.0626378e-02  3.0537526e-02 -2.1565316e-02  4.9825446e-03  5.6012351e-02
 -6.2214380e-03 -8.8213498e-02 -1.1232466e-01 -1.0295671e-01 -8.2126158e-02
 -5.5559897e-02 -1.1990926e-02  4.7301027e-02  8.4527065e-02  7.2332220e-02
  3.1418489e-02  5.5527128e-03 -4.8544962e-02 -1.1964081e-01 -1.4114311e-01
 -9.3626568e-02 -7.2328439e-02 -5.8128426e-02 -1.8803957e-02  6.4590081e-02
  7.8700611e-02  5.9708866e-02 -4.1062449e-02 -1.3055643e-01 -1.0388808e-01
 -4.5711765e-02  3.1499149e-02  5.2333480e-02  6.5642448e-02  2.3055013e-02
  4.1172097e-02  2.0976747e-02  1.0881341e-02  5.4827651e-02  5.2819963e-02
 -3.3784107e-03 -3.7076060e-02 -6.0216775e-03 -1.3845863e-02 -7.1733569e-02
 -1.0180982e-01 -2.0602432e-02 -1.7038251e-02  5.4560464e-02  8.4441364e-02
  5.2276766e-03 -2.1540110e-02 -1.3243431e-02 -5.4005923e-03  9.7073540e-02
  1.3223265e-01  8.0388178e-02  6.0414645e-02  8.4122503e-03 -1.4139517e-02
 -3.4067679e-02 -3.7117651e-02  2.2800429e-02  8.4593862e-02  3.7223518e-02
  2.5463482e-02  1.6628647e-03  1.6282059e-03  5.4413006e-02  6.1122944e-02
  6.9909887e-02  3.5253639e-02  3.1918835e-02 -2.7516542e-02  8.4162833e-03
  4.8069822e-02  7.6613523e-02  5.8495179e-02  8.3318420e-02  5.2358687e-02
  6.1251497e-02  4.1784612e-02  1.2957338e-03 -6.7051484e-03 -1.0744848e-02
  6.1865272e-02  3.4895709e-02  3.0354780e-02  1.9250110e-02 -3.6832819e-02
 -1.2587813e-02  3.5822043e-02  5.5267503e-02  7.0799672e-02  6.8822232e-02
  3.8192703e-02  1.9216082e-02  3.9834898e-02  5.7280232e-02  3.6491272e-02
  4.8553784e-02  2.9270906e-02 -1.4725566e-02 -8.1444325e-02 -8.2399647e-02
 -7.0567774e-02 -7.2412880e-02 -1.1999622e-01 -1.2608230e-01 -6.2224463e-02
 -7.0555170e-02 -3.2372550e-02  5.1208016e-03  3.0247653e-02  6.9264604e-02
  4.9916189e-02  4.8163085e-02  1.5529649e-02 -3.0824879e-02 -4.2816813e-02
 -5.3619006e-02 -3.9223644e-02  3.8115823e-03  5.2982545e-02  1.0508413e-01
  5.6674019e-02 -1.6714349e-02  2.5463482e-02 -1.2065663e-02 -5.1960426e-02
 -7.7711261e-02  1.0660407e-02  4.6459134e-02 -3.9200958e-02 -8.8619321e-03
  2.5691600e-02  8.3416724e-02 -1.6062764e-02 -4.2660533e-02 -5.6179974e-02
 -5.3427437e-02 -1.0639990e-01 -1.0742202e-01 -1.1517172e-01 -6.8110152e-02
 -9.3676980e-02 -5.1557124e-02 -3.3963073e-03  4.6149096e-02  9.5638036e-02
  1.1660974e-01  1.8059109e-02  3.2767030e-02  3.3505577e-04 -1.5905224e-02
 -4.7859348e-03  9.4205054e-03  2.2886130e-03  3.2900624e-02  4.3399080e-02
  1.3210662e-02 -1.7560023e-02 -3.4636083e-02 -5.4278152e-02 -7.1257168e-02
 -4.0972966e-02 -3.0098935e-02 -1.5631735e-03 -1.5988405e-02 -2.0601172e-02
 -4.0204172e-02 -4.8290377e-02 -4.8389943e-02 -6.5421892e-02 -7.2225093e-02
 -7.6697965e-02 -4.0843153e-02 -7.0803453e-02 -8.5229063e-02 -4.6673388e-02
  3.9720209e-02  3.9881530e-02  1.9015691e-02  6.8710064e-03  5.7954502e-02
  1.7319302e-02 -2.5726889e-02  8.4714853e-03  1.7896528e-02  3.6110656e-03
  4.0265927e-03  4.5222761e-02  7.0514840e-02  8.9824186e-02  7.0051043e-02
  5.4673892e-02  6.9887201e-02  4.3859096e-02  2.7382948e-02  8.2297561e-02
  1.1401349e-01  1.0030374e-01  1.1810448e-01  1.0867477e-01  5.7929296e-02
  1.8529208e-02  2.4283824e-02  8.1277963e-02  1.0883357e-01  7.0034659e-02
  5.0141786e-02  4.6795639e-02 -1.1533682e-02 -2.8947004e-02 -6.6861176e-02
 -1.0589451e-01 -1.2076501e-01 -1.3397189e-01 -1.0490894e-01 -9.4423089e-02
 -6.9833008e-02 -6.3754490e-02 -7.5462852e-02 -5.9323209e-02 -3.5496881e-02
 -3.3597580e-02 -1.4348730e-02  1.0625496e-02  2.9312496e-02  6.3349928e-02
  9.5243557e-02  1.3187977e-01  4.0119730e-02  2.8691159e-02  7.2715357e-02
  7.2798538e-02  1.7350810e-03 -2.0921293e-02 -1.0927091e-02  4.7055265e-02
 -5.1630222e-03 -3.4145819e-02  7.7532296e-03 -4.9592287e-02 -7.3274939e-02
 -8.9793938e-02 -6.0893566e-04  3.0403932e-02 -1.7457937e-02 -6.7977818e-02
 -9.9921860e-02 -5.6752158e-02 -6.6648182e-02 -8.6735144e-02 -2.8970950e-02
 -4.8652089e-03 -1.0282437e-02 -2.9454912e-02 -5.4542819e-02 -6.6803201e-02
 -4.9520449e-02  1.0074737e-02  3.7137816e-02  6.4680824e-02  6.9102023e-02
  7.9829857e-02  3.4106749e-02 -1.9638288e-02 -5.4639864e-02 -6.2269834e-02
 -6.1493478e-02 -1.4773458e-02 -5.4798664e-03  1.6207701e-02 -3.1162644e-02
 -5.9308085e-03 -5.2220052e-03  2.9772512e-02  6.6331842e-02  2.3648623e-02
  5.4058857e-03 -8.2175310e-03 -2.6258743e-02 -2.7395551e-03  1.4541559e-02
  8.1288046e-02  1.1645976e-01  1.3137564e-01  1.1182683e-01  8.5583213e-02
  3.9666016e-02  2.6227235e-02  1.5820783e-02 -5.8051547e-03 -3.6564371e-03
  1.5214569e-02 -5.2530090e-02 -3.5324217e-02 -2.3661226e-02 -1.5340601e-02
  1.9560149e-02  1.2521016e-02  1.6691663e-02 -2.7724494e-02 -3.3441301e-02
 -1.1706220e-02  2.4335497e-02  1.5762808e-02  1.0545340e-02  4.0500347e-02
  5.1734829e-02  1.1754868e-03  1.9686181e-02  4.0206692e-02 -3.3829479e-02
 -6.3453274e-02 -2.5728149e-03 -3.1284895e-02 -2.6115067e-02  1.4223959e-03
  2.0093264e-03 -4.2893692e-02 -4.2276136e-02  1.2554540e-02 -3.6437079e-02
 -3.3403491e-02  1.9837419e-02  6.6205810e-02  3.2342303e-02  2.0362972e-02
  5.3940387e-03 -2.2079526e-02 -3.1660470e-02 -9.1838175e-03  3.4728086e-02
  1.9594177e-02 -5.1255908e-03 -6.8781902e-03  6.1357363e-03  1.0361838e-02
 -1.3001449e-02 -4.5222761e-02 -6.3889344e-02 -7.1729788e-02 -4.0102086e-03
 -1.8797656e-02 -2.6944357e-02  1.4299578e-02 -2.2161447e-02 -5.1681896e-02
 -1.6496314e-02  3.5911526e-02  4.0664188e-02  2.0315080e-02  7.7802004e-03
 -1.9142983e-02 -5.9808432e-03  4.9666646e-02  3.9866406e-02  1.7165543e-02
  8.7451005e-03  2.2600038e-03 -9.3342996e-03 -1.6392967e-02 -5.2116706e-02
 -8.8044615e-02 -2.9248220e-02 -1.6389186e-02 -2.7679123e-02 -4.4556053e-02
  1.6052681e-02 -2.1445586e-02 -2.8991115e-02  1.8911085e-03  1.9826076e-02
  4.4010335e-03  4.7569475e-03 -8.1289306e-03 -9.7991052e-04  5.7320562e-04
 -2.6291512e-02 -3.8464932e-02 -3.5530909e-02  3.2491020e-02  5.2370030e-02
 -7.7980969e-04 -7.2546474e-02  7.3147646e-03  1.1514903e-02  1.5677106e-02
  2.9819144e-02  6.1071271e-02  8.2518117e-02  4.2692041e-02  2.3439410e-02
  7.9101393e-03 -7.4449556e-03 -1.2879198e-02 -2.2991997e-03 -1.2727960e-02
  1.8883357e-03 -2.2516857e-02 -5.2095280e-02 -6.1262839e-02 -4.9047829e-02
 -5.4113051e-03  2.0076879e-02  4.1077573e-02  5.0406453e-02  1.9223644e-02
 -3.1804146e-02 -5.3786628e-02 -7.6902136e-02 -8.7045182e-02 -4.2366879e-02
 -7.9877749e-03  4.8301720e-02  5.3399710e-02  5.1389502e-02  3.4845296e-02
  3.3564812e-02 -1.0679564e-02 -2.2952927e-02 -2.2694562e-02 -1.2615792e-02
  2.7519062e-02  4.3339845e-02  3.5184322e-02  4.2581133e-03 -3.8868234e-02
 -3.9020732e-02 -3.8278404e-02 -3.6132081e-02 -2.1296868e-02  1.7306699e-02
  6.7037621e-02  5.2548995e-02  5.9057281e-02  6.0439851e-02  1.5882538e-02
 -2.7801374e-02 -4.6184385e-02  1.1944924e-02  3.4221438e-02 -5.1145000e-03
 -1.3620266e-02 -4.0031508e-03 -1.1941647e-03 -1.8994266e-02 -2.1070011e-02
  6.5419371e-02  7.8055328e-02  3.7349549e-02  7.2639738e-03 -1.7302918e-02
 -3.6878190e-02 -3.3613964e-02  3.0911841e-02  1.0342555e-02  2.7485034e-02
  6.9429706e-03 -4.1653538e-03 -4.6848573e-03  4.5933581e-02  3.4111790e-02
 -1.6327431e-02  1.8390573e-03  1.8962758e-02  2.9873338e-02  5.7033209e-03
 -9.4602054e-03  4.9389376e-03  3.1131136e-02  2.8326927e-02  2.5758397e-02
  3.8525427e-02  2.9607411e-02  3.9407650e-02  8.3758271e-03 -2.7784990e-02
 -3.1506711e-02 -8.8708803e-03 -2.3395299e-02 -3.5518306e-02 -5.9310606e-03
 -1.8224211e-03 -1.8078014e-02 -3.9119037e-02 -3.6757200e-03  2.0998173e-02
  5.4382759e-05 -3.4464680e-02 -6.0520512e-02 -3.5084756e-02 -2.7016195e-02
 -2.1098998e-02 -5.6019913e-03  4.2744974e-02  1.4997794e-02 -5.2577982e-02
 -6.0069318e-03  1.5155334e-02  1.4702880e-02  1.3975676e-02  2.5542882e-02
  3.8080534e-02  1.3600101e-03  1.6963892e-02  6.1678745e-02  2.5939883e-02
 -4.6563741e-03 -1.0999307e-02  1.4279413e-02  1.5121306e-02  2.1938370e-02
  1.0740437e-02  3.2082677e-03 -1.1661100e-02  1.2118722e-02 -3.5972021e-03
 -1.4820089e-02 -2.7074170e-02 -2.6024324e-02 -2.4343059e-02 -6.1144370e-03
  1.1005104e-02 -8.5379041e-03 -2.4839624e-02  1.1039007e-02  3.3670679e-02
  5.9397568e-03  2.7464869e-02  4.1061188e-02  4.9613712e-02  5.2874157e-02
  3.1323965e-02  1.5058290e-02 -1.1392274e-02 -3.9407650e-02 -5.6777365e-02
 -3.8633814e-02  5.7097486e-03  3.3810574e-02  3.2557817e-02 -2.1691348e-02
 -4.1896780e-02  3.2199887e-03  2.3836411e-02 -1.1681265e-02  2.8658391e-02
 -4.4926586e-02 -2.4017897e-02 -5.9393787e-02 -5.9756758e-02 -2.0966665e-02
 -2.5249228e-03 -3.3297624e-02 -1.3242170e-02  1.1676350e-02 -2.7554351e-02
 -6.1179658e-02 -1.1074674e-02  8.0018905e-03 -2.5328628e-02 -3.2308274e-02
  4.1236373e-02  3.6263155e-02 -2.1006995e-02 -2.7365303e-02 -6.8968429e-03
 -3.3883673e-02 -5.4063898e-02  4.6029365e-03  2.8005545e-02  2.7623669e-02
  2.5992816e-02 -5.1025269e-02 -2.9918709e-02 -1.1411305e-02  1.0774466e-03
 -1.7304178e-02 -1.2505892e-02 -8.3502426e-04 -2.0003781e-02 -2.4847186e-02
 -4.6210851e-03  3.2083937e-04  6.6036927e-03  9.5677106e-03  6.3755750e-03
  1.9713908e-03 -2.7391770e-03  2.8426492e-02  4.3530153e-02  4.7110719e-02
  4.6041969e-02  1.8186401e-02 -2.5130758e-03  1.4458378e-02  1.7665889e-02
  1.8853110e-02  2.9185204e-02  3.6549247e-02  2.8959607e-02  2.7527885e-02
  2.8662172e-02  3.8667843e-02  3.8657760e-02  3.0734136e-03  2.4104859e-02
  5.2642258e-03 -1.9033335e-02 -2.4311551e-02  1.7481883e-02  1.1315269e-02
 -5.0589199e-03 -1.3884933e-02  7.1041654e-03 -2.5290819e-02 -4.4646796e-02
 -6.1971139e-02 -4.9423404e-02 -4.4509421e-02 -4.6639360e-02 -3.5963199e-02
  6.9235617e-03  2.2554666e-02  2.2295041e-02  2.9882160e-02 -1.1947319e-02
 -3.9345895e-02 -4.2250929e-02  2.6243620e-02  1.1129498e-02  1.1369589e-02
  7.1731048e-03  1.1909761e-02  2.0896087e-02  2.9495242e-02  2.1543891e-02
  7.1155082e-03 -4.9783855e-03 -1.8117084e-03  2.6743966e-02  4.9526750e-03
 -6.3313378e-03 -6.0304997e-04  1.4337387e-02  2.9596068e-02  3.3688323e-02
  3.2688890e-02  2.4367005e-02  1.1076438e-02 -2.2591216e-02  1.0678304e-02
  2.1954755e-02  1.7084882e-02 -1.9678619e-02 -3.8088096e-02 -4.1845107e-02
 -6.4964396e-02 -6.0776356e-02  4.5547924e-03  2.5391644e-02  9.5696011e-03
  6.9599849e-04 -2.2796648e-02 -3.9291701e-02 -3.9596698e-02 -1.7644464e-02
 -4.2301342e-03  1.3952990e-02  2.7133405e-02  2.8600416e-02 -2.1478354e-02
 -3.7484404e-02 -4.5779822e-02 -5.5862373e-02 -4.3183565e-02  1.7048333e-03
  2.5186212e-02  4.2978133e-02  2.4751402e-02 -1.1656815e-03 -2.5356355e-02
 -2.6263785e-02 -5.5707354e-03 -3.0808495e-03  5.5909005e-03  3.9042158e-03
 -3.8597265e-03 -2.2200517e-02 -2.5274434e-03  7.3941647e-03 -1.4008444e-02
 -2.7732056e-02  7.9442939e-03  2.0224337e-02 -2.7365303e-02 -1.7415086e-02
 -9.3538345e-03 -2.5926019e-02  9.3867288e-03  4.5414330e-03  1.1952360e-02
  5.8112042e-03  1.4560464e-03 -7.1757515e-03 -1.2100195e-02  8.5733190e-03
  1.3705968e-02  1.2567648e-02  1.2746865e-02 -2.7193900e-03 -5.4297057e-03
 -6.0947760e-03 -1.7672191e-02 -2.0662928e-02  1.7525994e-03 -3.8037684e-03
 -5.2601928e-03 -2.4579999e-02 -4.0657886e-02 -2.5573130e-02 -2.4794253e-02
 -1.4675153e-02  9.6778625e-05  7.9789527e-03  1.7118911e-02 -2.0596131e-03
 -2.1183439e-03  2.7571996e-02  1.6011091e-02  1.1795198e-02  8.5488689e-03
  6.4524545e-03  1.5806919e-02  2.7148529e-02  4.3300775e-02  5.2463293e-02
  5.0445523e-02  5.9759279e-02  3.6143424e-02  9.1693238e-03 -5.2058731e-03
 -1.5111223e-02  1.4817569e-02  2.7283383e-02  2.8079904e-02  8.1375008e-03
 -1.7644464e-02 -1.3703447e-02 -1.0520134e-02 -1.1162266e-02  1.5288928e-02
  3.1668032e-02  2.1758145e-02 -7.9707606e-03 -1.1648623e-02  7.3786628e-03
  2.5668914e-02  1.1689079e-02  9.2504884e-03  3.6789968e-03 -1.8509043e-02
 -3.3108576e-02 -1.1697145e-02  2.5110593e-02  3.1165165e-02  1.7629340e-02
  3.5906484e-03  8.9926271e-03 -2.3832630e-02 -4.2200517e-02 -1.8419560e-02
  3.5448989e-02  5.7304178e-02  6.3246581e-02  4.2756317e-02 -5.0175814e-04
 -1.7432730e-02 -3.8291008e-02  3.5573760e-02  3.4904531e-02 -8.4931628e-03
  1.1388367e-02 -3.7035730e-03 -9.4777239e-03  7.8976621e-03  2.0765014e-02
  2.5755876e-02  2.3804903e-02 -7.7014305e-04 -2.2603819e-03 -5.5902703e-02
  2.6334363e-03  2.0291134e-02  2.8202155e-03 -1.4283194e-02 -3.2189804e-02
  8.0918772e-03  2.8723927e-02  1.6426996e-02  6.5697902e-03  1.5588884e-02
 -1.0138635e-02 -2.2066923e-02  3.5000315e-03  1.0414519e-02 -3.5789275e-03
 -2.8997416e-02 -3.9256412e-02 -4.1482135e-02 -4.3450753e-02 -6.6373432e-03
  8.8573949e-03  4.6591468e-03 -2.4946752e-02 -8.1967358e-03 -1.8519125e-02
 -2.1813599e-02 -3.6611003e-02  6.1652278e-03  2.1967358e-03 -1.7456677e-02
 -2.5962569e-03  8.7713151e-03 -1.0627765e-02 -2.8507152e-02  2.6288991e-04
 -2.1690088e-02 -2.4948012e-02 -2.9267125e-02 -2.0113429e-02 -1.0683975e-02
 -3.9470666e-03  4.0674271e-03 -4.5489949e-03 -3.1376898e-03 -4.6058353e-03
 -3.9747936e-04  1.0775978e-02 -9.1036612e-03  8.4518243e-03 -1.2208079e-02
  1.3876111e-02  2.8799546e-02  2.9201588e-02 -3.8720776e-03  4.0403302e-03
 -2.5132018e-03 -3.4526435e-02 -1.6768542e-02 -2.8919277e-03  1.5910265e-02
  1.7024387e-02 -6.0471359e-03 -1.2753167e-02  8.2954187e-03 -2.0113429e-03
 -6.1097738e-03 -1.7679753e-02 -1.2968681e-02 -1.2701493e-02 -3.9644590e-03
  6.6906547e-03  1.9290440e-02  2.4683345e-02  2.2548365e-02  2.1566576e-02
  1.8858151e-02  1.1729662e-02  1.9108955e-02 -8.1124204e-04  1.1667150e-02
  2.3831369e-02  1.3548428e-02  5.0589199e-03  1.3750079e-02 -9.0392589e-03
 -1.1003592e-02 -2.7318672e-02 -9.5426303e-03 -2.4435062e-03 -1.1047073e-02
 -1.8128426e-02  3.1966728e-03 -2.2559708e-02 -1.9761800e-02 -1.5167937e-02
  1.2685109e-02 -2.9596068e-03 -1.6487491e-02  2.5183691e-03  1.7176886e-02
 -7.3020354e-03 -3.1964207e-02  6.2915118e-04 -2.5658832e-03 -6.6495683e-03
  5.0645913e-03  5.1206755e-03 -6.9104543e-03  6.6108766e-03  7.8802697e-03
  1.5509484e-02  1.8674145e-02  3.9773143e-02  2.8648308e-02 -5.1410927e-03
 -1.2974983e-02 -3.5350684e-02 -4.7050224e-02 -2.1285525e-02 -6.5153444e-04
  3.0827399e-02  5.5165417e-04 -3.3392148e-03 -2.5072783e-02  1.0432289e-02
  9.0807234e-03  2.3753230e-02  5.0948390e-02  3.3838301e-02  1.4909572e-02
 -6.3148277e-03 -1.3344256e-02  3.7939379e-02  2.3470918e-02  2.0424727e-02
  1.8872015e-02 -5.2346084e-03 -1.2038188e-02 -2.0664188e-02 -8.4712332e-03
  5.5135169e-03  2.2274876e-02  3.1330267e-02  6.5110593e-04 -3.9299263e-04
 -2.3970004e-02 -3.0793371e-02  2.5132018e-02  3.1432352e-03 -3.0353519e-03
 -1.3462726e-02 -1.3548428e-02 -3.6592098e-03  1.8002395e-02  2.4065789e-02
  1.2874157e-02  2.2104732e-03 -4.0194089e-03 -1.4517613e-03 -3.0434180e-03
  1.0374315e-02  1.1231584e-02  1.5315395e-02  3.4418048e-02 -1.4445775e-03
  1.6096792e-02 -4.5700422e-03 -1.2782154e-02 -2.7293465e-02 -3.5156595e-02
 -3.8807738e-02  2.6156658e-03 -6.5525238e-03 -2.2218161e-02 -4.6924192e-02
 -7.0385027e-02 -2.1535068e-02 -1.8236814e-02 -4.4427500e-02 -1.0109522e-02
  1.6235428e-01  1.1846493e-01 -4.8866343e-02 -2.4035541e-01 -2.8556305e-01
 -1.5748944e-01  1.9035856e-02  7.9896654e-02  1.3277459e-01  1.1421640e-01
 -3.3935346e-02  3.1244565e-02 -3.5072153e-02  3.3155208e-02  3.8148592e-02
 -3.2412880e-02 -8.7427059e-02 -1.4907051e-02  1.2001008e-01  7.4505010e-02
  7.4902010e-02 -6.3661226e-02 -4.6159178e-02  8.6917890e-02  1.1403869e-01
 -2.8127796e-02 -7.7127733e-02  4.0263407e-02  8.2810511e-02  2.2107253e-02
  2.4805596e-02 -1.9899174e-02 -8.4985821e-02  4.1524986e-04  8.0879703e-02
  6.7950091e-02  2.4370786e-02 -4.9317537e-02 -2.8258869e-02 -4.5009767e-04
 -2.7365303e-04 -1.6607222e-02 -2.1850148e-02 -3.0744218e-04  4.6863697e-02
 -2.7167433e-02 -8.9974163e-03  2.2119856e-02  3.6259374e-02  2.4451446e-02
 -1.3152688e-02 -5.7452896e-02  5.5057029e-03  3.1794064e-02  8.9893503e-03
  5.5315395e-03  1.5901443e-02  2.5155964e-02 -1.2174680e-02 -1.5287668e-02
  5.0546348e-02  4.7948831e-02  1.4443254e-02  1.0270086e-02  1.4154641e-02
  2.1942151e-03 -1.1883673e-02  6.1971139e-03 -5.4997794e-02 -1.8168757e-03
 -2.2389565e-02 -6.7364043e-03  1.1942151e-02 -1.5588884e-03  4.9932573e-03
  2.8485727e-02  3.1781461e-02  2.2966791e-02  8.9026404e-03 -2.1799735e-02
 -1.0806604e-02 -1.9362279e-03 -6.4137627e-03  4.8489508e-03  1.8672884e-02
  2.0908690e-02 -7.8976621e-03 -2.6750268e-02  2.8344571e-03  2.0161321e-02
 -7.5330519e-03 -3.1127355e-03 -2.6309156e-03  2.2511815e-03 -1.7524734e-02
 -2.5401727e-02 -1.2690151e-02 -8.4791732e-03 -2.4990863e-02 -3.3295104e-02
 -3.8248157e-02 -3.2759468e-02 -2.6339404e-02 -3.2561598e-02 -2.9625055e-02
 -6.1545151e-03  1.2537148e-03 -8.7929926e-03 -1.8699351e-02 -2.9385595e-02
 -3.2799798e-02 -1.9909257e-02 -7.6895835e-03 -1.7915433e-02 -3.7081102e-02
 -4.7224148e-02 -1.0950532e-02  3.2356166e-03  2.2925200e-02  1.8162455e-02
  9.0250173e-03  1.8278404e-03 -1.0158926e-02 -1.0023946e-02 -6.3149537e-03
 -5.0788329e-04  1.1155838e-02  8.0821728e-03  1.4304619e-02  2.7982860e-03
 -5.3515659e-03  3.1099628e-03  1.1619636e-02  2.3448232e-02  2.0661667e-02
  2.0268448e-02  2.6025584e-02  2.1950974e-02  1.5732560e-02  3.4196232e-02
 -3.5886319e-03  1.4597013e-02 -5.2274245e-02 -8.7023757e-03  2.2574831e-02
  3.9129120e-02  7.4638604e-03 -1.7968366e-02 -4.7117021e-03 -2.4978259e-03
  4.5670175e-03  1.1991052e-03  2.8192073e-03  1.1417481e-02  3.5755246e-03
  9.3654295e-03  1.3992060e-02  1.3118659e-02  1.1135043e-02  5.3109837e-03
  1.1329510e-02  1.9785746e-02 -3.6072846e-03 -2.3087781e-02 -4.0662928e-03
  6.7926145e-03 -1.2981284e-02 -1.8680446e-02 -3.1564686e-03 -7.7809566e-03
  0.0000000e+00  0.0000000e+00  0.0000000e+00  0.0000000e+00  0.0000000e+00
