Scaled from
PEER NGA STRONG MOTION DATABASE RECORD
ACCELERATION TIME SERIES IN UNITS OF G
NPTS= 2499.000000, DT= 0.020000, Scalar= 1.000000
  3.1556273e-02  1.9532583e-02  1.0901931e-02  1.0365214e-02  1.1937321e-02
 -3.4476341e-03  1.1384153e-02  2.3532254e-02  9.0946760e-05 -8.3478994e-03
  7.5517695e-03  1.1200107e-02  4.1890641e-03  4.8915256e-03  1.0251907e-02
  5.3627465e-03 -2.0399350e-03  1.7549199e-02  7.7646055e-03  1.5746777e-02
  4.0169446e-03  2.3190894e-03  9.5491373e-03  1.5710790e-02  1.4379280e-02
  2.0412717e-02  1.4854305e-02  1.7434041e-02  7.6602439e-03  5.2219869e-03
  1.0217874e-02  8.5516873e-03  5.5368196e-03  1.2881203e-02  1.9062699e-04
  1.8849863e-02  2.0805486e-02 -1.3804520e-02 -1.2166608e-02 -1.2915133e-02
 -1.2427769e-02 -6.9111024e-03 -7.9968743e-03 -4.8801127e-03 -5.8369491e-03
 -2.9313784e-03 -4.2611405e-03 -1.9568570e-02 -1.4190092e-02 -2.5462173e-03
  3.0463304e-03 -1.4333011e-02 -9.5740196e-03 -5.4764647e-03  1.6634107e-04
 -8.1500751e-04 -4.1585268e-04 -5.7274466e-03 -2.6953053e-02 -4.6020893e-04
 -2.0856896e-03 -1.1788233e-02 -1.3924819e-02 -3.3119126e-04 -1.5333443e-02
 -1.3244155e-02 -1.1380041e-02  7.0346912e-03 -1.7015567e-02 -9.1524605e-03
 -8.0967118e-03 -8.0347118e-03 -4.3091571e-03 -9.1036213e-03 -5.8642991e-03
 -2.2545189e-02 -2.1497460e-02 -8.5127187e-03  3.6483374e-04  4.3255054e-03
 -5.5877151e-03 -9.1217175e-03 -4.3243743e-04 -1.1442760e-02 -1.4319645e-02
  6.1900306e-03  1.0218388e-02 -1.2396924e-02 -1.9027741e-02 -5.3262457e-04
 -8.1334183e-03 -1.2267371e-02  1.6589895e-02  5.3058874e-03 -1.2604619e-03
 -1.2474038e-02 -1.5434206e-02  8.8290938e-03 -8.6607785e-03 -1.9447243e-02
 -2.0309897e-02  2.5079685e-05 -1.1512678e-02 -1.4460507e-02  2.1335006e-02
 -4.1213062e-03 -2.6589072e-02 -1.1345082e-02  6.6753378e-03 -8.6644800e-03
 -8.3209607e-04 -1.7415534e-02  1.1157951e-02 -6.6552880e-03 -3.4989410e-02
 -9.5249748e-03  9.6551440e-03  6.8190792e-03 -1.3458019e-02 -9.6095951e-03
 -4.0152995e-02  5.9791482e-03 -5.2119106e-02 -1.4466676e-02 -1.9362932e-02
 -1.6595036e-02 -1.8742931e-02 -1.4242530e-02  4.3091571e-03  1.1657653e-02
 -7.9698328e-03 -9.9459170e-03 -1.8435501e-02 -2.5036501e-02 -2.2865985e-03
  4.6596681e-02  6.6555965e-02  3.5154949e-02 -3.3844003e-03 -7.2228506e-02
 -4.3074092e-02  1.6680376e-02  4.8134858e-02  5.9794567e-03 -6.9240577e-03
 -1.1327603e-02  1.3419976e-02  2.9764133e-02  2.8068642e-02  1.7900841e-02
 -1.4799811e-02 -1.2703325e-02  6.7905982e-03  2.8572457e-02  2.2243929e-02
 -1.3551584e-02 -1.2147073e-02 -3.8018466e-02 -2.5216435e-02 -1.0581135e-02
  1.0004833e-02  5.4935327e-03 -1.0720969e-02 -5.2387464e-02 -8.2744864e-03
  2.1121142e-02  1.6549795e-02 -2.4730099e-02  4.4060129e-04  1.2607703e-02
  1.5715931e-02 -1.9339283e-03 -1.9204590e-02 -3.6151268e-03 -7.1781242e-03
  1.1735796e-02  2.8759588e-03  3.9784902e-02  5.7756688e-03 -3.3107816e-02
 -1.2054535e-02  2.6824529e-02  3.3777170e-02  1.1121964e-02  9.5781324e-03
 -2.2997594e-02 -5.2981760e-02 -1.5199778e-02  2.0105287e-02  1.0785745e-02
 -4.1310741e-03 -4.5874889e-02 -2.5489934e-02 -3.6050505e-02 -2.1773016e-02
 -1.8014970e-02 -1.3190689e-02 -2.3823233e-02 -5.1875424e-02 -5.3251146e-02
 -5.6220568e-02 -5.8737585e-02 -2.8015176e-02  2.7666619e-03  1.0280491e-03
 -1.4795698e-02 -1.9497625e-02 -6.7461803e-03 -1.3253408e-02 -2.6581875e-02
 -5.5820601e-02 -7.7098028e-02 -8.4882478e-02 -7.8134447e-02 -4.7002817e-02
 -1.4988998e-02  5.3166835e-02  6.4681569e-02  8.7715149e-02  1.4037920e-01
  2.0910362e-01  2.3893150e-01  2.2648008e-01  2.4098789e-01  2.3836600e-01
  2.0581340e-01  1.5482531e-01  1.9420510e-01  2.3976434e-01  2.9535874e-01
  2.7230665e-01  2.4584096e-01  2.1765819e-01  1.7739415e-01  1.6148800e-01
  1.3331551e-01  9.4799400e-02 -9.1680890e-03 -9.6071274e-02 -2.3309137e-01
 -2.6145921e-01 -3.0896173e-01 -3.5400687e-01 -3.4677867e-01 -2.8672191e-01
 -3.0421148e-01 -3.6052561e-01 -3.8686792e-01 -3.0801579e-01 -2.2181209e-01
 -1.9469864e-01 -1.8937260e-01 -1.9251887e-01 -1.7325053e-01 -1.3370622e-01
 -4.7666002e-02  9.6599766e-02  1.7522466e-01  2.6325855e-01  3.6904933e-01
  4.2681322e-01  4.1807358e-01  3.7804602e-01  3.3677435e-01  2.5801476e-01
  1.7125583e-01  1.1802628e-01  1.0386806e-01  5.7635362e-02  2.1354542e-02
 -3.6956343e-02 -7.3483929e-02 -6.7316827e-02 -1.2947007e-01 -2.0529931e-01
 -2.8877830e-01 -2.6324827e-01 -2.2911226e-01 -1.3458019e-01 -1.4856361e-01
 -1.4010159e-01 -9.6272800e-02 -1.7763063e-01 -2.0344856e-01 -1.7387773e-01
 -1.2690987e-01 -3.9916511e-02 -5.2995126e-02 -6.7221205e-02  5.6166074e-02
  5.9977585e-02  7.3380082e-02  2.9093751e-02  2.4427811e-02  1.4878982e-01
  1.5527771e-01  8.9777705e-02  8.7853955e-02 -1.2527504e-02 -6.9936663e-02
 -1.1964054e-02  1.5154537e-02  1.1931152e-01 -1.0513274e-02 -3.3965329e-02
 -6.6185815e-02 -3.2120751e-02 -1.3114602e-02  9.4663678e-04  5.2493368e-04
  3.7005696e-02  4.9362520e-02 -2.4023731e-02 -2.4990232e-02 -1.7007341e-03
  3.7747023e-02  3.2353123e-02  1.7710625e-02 -2.8224928e-02 -4.5291904e-02
 -1.2328035e-01  1.3592712e-02  9.8748689e-02  1.6377059e-01  9.5717576e-02
  1.0206770e-01  5.4781098e-02 -4.3278702e-02 -1.1160007e-01 -7.3379054e-02
 -5.5862757e-02 -6.4981801e-02  8.4801250e-03  9.9923914e-03  6.5091818e-03
  3.4020852e-04 -2.1257891e-02  2.6381377e-02 -3.6543009e-02 -8.9367456e-02
 -1.4017356e-01 -1.7292151e-01 -1.1289560e-01 -5.2620864e-02  9.4515618e-03
  3.8530506e-02  1.0558514e-01  2.7213186e-03 -4.9142487e-02 -8.2050834e-02
 -8.0399556e-02 -2.4771227e-02  3.9516544e-02  8.7824138e-02  1.0202965e-01
  9.0706163e-02  9.9198009e-03 -4.9690514e-02 -1.3528964e-01 -6.3649263e-02
 -2.1367908e-03 -5.2878941e-02 -8.3152029e-02 -9.6755023e-02 -1.4574637e-01
 -1.2125481e-01 -6.8889963e-02 -8.6823706e-02 -1.7967674e-02 -3.1084332e-02
 -1.7881305e-01 -1.5610027e-01 -1.1396492e-01 -1.3252380e-01 -5.9115960e-02
  1.6999116e-02  2.4701310e-02  1.0489626e-01  6.3348002e-02  1.1516790e-01
  7.9349771e-02  1.4487240e-02  6.9939748e-02  1.6150856e-01  2.4951161e-01
  2.5841576e-01  2.2721010e-01  1.4580806e-01  2.3637130e-01  1.3832281e-01
  8.7877604e-02  4.9414958e-02  1.4188036e-01  9.5901622e-02  6.9902733e-02
  1.6322565e-01  2.3032553e-01  2.1387444e-01  9.0979662e-02 -3.9987456e-02
  4.3681754e-02  1.3460075e-01  1.2097719e-01  2.2761110e-01 -1.8387176e-02
 -1.2886344e-01 -1.5647042e-01 -1.6538485e-01 -5.6266837e-04  5.5924448e-02
  7.4565588e-03  5.3183286e-02  1.2138847e-01  7.0742767e-03  1.1100372e-01
  1.4471817e-01  1.1830389e-01  7.2769335e-02 -9.2581587e-02 -2.3839684e-01
 -1.7160542e-01 -2.6107878e-02 -1.3813774e-02 -1.0092229e-01 -7.6888277e-02
 -1.3942298e-01 -8.2001481e-02 -3.7958831e-02 -1.3852845e-01  1.1104485e-01
 -5.5979971e-02 -6.4466676e-02 -3.5639228e-02  5.6949557e-02 -7.8142672e-02
  1.3499147e-01  8.3245594e-03 -1.4242530e-01 -4.6602850e-03 -5.0550083e-02
 -4.4416912e-02  1.2512081e-01  2.4122437e-01  1.1746077e-01 -2.3672089e-02
  1.7400111e-01  1.3855930e-01  2.5186617e-01  1.2250920e-01  1.2959345e-01
  2.0017891e-01 -1.2668367e-01 -1.5612083e-01 -8.2584466e-02 -1.2410290e-01
  1.4526311e-01  2.3927081e-01  2.2006416e-01  1.8069465e-01  5.6708960e-02
  8.6837073e-02  1.2432910e-01  1.8434473e-01  8.4105164e-02  2.1508770e-01
  1.5332415e-03 -5.0212836e-02 -1.5644986e-01 -7.1941640e-02 -4.6441424e-02
  3.9987456e-02  8.5820190e-02  4.8799071e-02  1.5667606e-01  1.4367970e-01
 -5.9583787e-02 -1.2754735e-01 -2.4378457e-02  2.2534907e-01  2.9546156e-01
  4.1002283e-01  7.6133583e-02 -2.2414609e-01 -1.3520739e-01  2.9779555e-02
  4.5432766e-02  3.2804499e-02  1.2951120e-01  1.0830986e-01 -3.7660655e-02
 -3.2261613e-01 -2.5762405e-01  9.4589648e-03 -1.7652018e-02  2.2853647e-01
  1.9315635e-01 -2.5178391e-01 -5.2054330e-01 -5.0075058e-01  1.7935800e-02
  7.0737626e-01  7.6026651e-01  6.2448333e-01  5.7661066e-01  4.0353493e-01
 -1.8546546e-02 -8.0523967e-01 -1.2786609e-01  3.7069444e-01  4.4659565e-01
  4.3204672e-01  3.1233420e-01  5.8334533e-01 -1.7924490e-01 -6.6489132e-01
 -6.8877624e-01 -7.3749203e-01 -5.7938679e-01 -5.3395093e-01 -4.5505768e-01
 -6.1678217e-01 -5.9966275e-01 -3.1283802e-01  1.4701104e-02  3.4638796e-01
  6.7606778e-01  5.3210019e-01  6.2938781e-01  7.5058093e-01  6.4610623e-01
  7.4706451e-01  6.4314504e-01 -2.6903699e-01 -4.2232001e-01 -4.6237842e-01
 -5.4881861e-01 -5.6934134e-01 -2.3156964e-01  2.5514611e-04  7.4619054e-01
  2.8147813e-01 -4.4833330e-01 -5.1947398e-01 -1.0000000e+00 -6.4345349e-01
 -6.8355302e-01 -7.0979251e-01 -4.2529149e-01 -4.4043678e-01 -2.6171626e-01
 -8.3344301e-02  7.1978655e-01  6.4179810e-01  3.0987682e-01 -4.7333895e-01
 -8.5354418e-01 -7.8332888e-01 -7.2032121e-01 -7.2188406e-01 -6.6140575e-01
 -3.0235045e-01 -4.5365934e-03 -2.6833782e-01 -4.3662218e-01 -6.8319316e-01
 -3.3626026e-01 -8.9252298e-02 -8.6293158e-02 -3.7105431e-02 -2.1038886e-01
  1.1978449e-02  2.9100948e-01  2.3679286e-01  7.2420778e-02  1.6245450e-01
  2.5089967e-01  2.3721442e-01  2.2269633e-01 -3.6174916e-02 -2.1534475e-01
 -3.3282609e-01 -3.6114253e-01 -2.8722573e-01 -3.2534085e-01 -2.3032553e-02
  3.8138765e-01  3.5559029e-01  1.8722367e-01  3.6838101e-01 -5.7687799e-02
 -3.4888647e-01 -6.0801168e-01 -5.4984680e-01 -4.9378971e-01 -5.9200271e-01
  1.0300438e-01  2.7533982e-01  5.6341895e-01  5.4598079e-01  2.6276502e-01
 -1.6634107e-02 -9.6551440e-02 -9.4646199e-02 -1.6057291e-01 -1.6709165e-01
 -5.0525407e-02  1.1078780e-02  2.4686915e-01  3.9856876e-01  4.7395587e-01
  5.3086636e-01  4.5737112e-01  4.4782948e-01  4.5613728e-01  3.7690473e-01
  2.8805857e-01  2.0632750e-01  1.2853441e-01  1.8443727e-01  2.5951593e-01
  5.2549919e-02  1.0828929e-03 -2.2145222e-01 -3.9118633e-01 -2.6342306e-01
 -2.9411462e-01 -2.3629933e-01 -1.4649695e-01 -1.7012482e-01 -2.4795904e-01
 -4.0033725e-01 -4.7252668e-01 -4.5180859e-01 -2.1546814e-01  5.0747496e-02
  5.8045611e-01  5.7286804e-01  3.0471529e-01 -9.9205207e-02 -2.3965124e-01
 -3.6183142e-01 -2.0998787e-01 -3.8168583e-03  1.7643793e-01  4.2721421e-01
  3.5334882e-01  4.6381789e-01  4.4605071e-01  3.1641613e-01  2.2105122e-01
  4.0673261e-01  3.1863703e-01  1.4021469e-01 -1.2032943e-02 -1.5838286e-01
 -1.8832384e-01 -7.5336733e-02  1.0076703e-01  2.3922968e-01  2.6522240e-01
  1.5356063e-02  3.3735014e-01  1.2705382e-01 -5.0689918e-02 -3.1525427e-01
 -3.5928150e-01 -3.2216373e-01 -3.4261449e-01  1.3925847e-01  1.9756730e-01
 -4.3885336e-02 -2.4421641e-01 -2.2542105e-01 -5.2417282e-01 -5.6285344e-01
 -6.4528368e-01 -7.7603899e-02  2.4266384e-01  4.1348784e-01  3.1174813e-01
 -5.7226141e-02  7.4447346e-03 -3.2404532e-02  1.6752349e-01  7.4623167e-01
  7.6637397e-01  5.1513500e-01  4.9048921e-01  4.6022949e-01  5.0482223e-01
  2.6519155e-01  7.3564128e-02  1.1722429e-01  4.4476547e-01  4.8716815e-01
  4.1189414e-01  6.6276296e-02 -4.5891341e-02 -1.4815234e-01 -1.9209731e-01
 -2.1091324e-01  3.5960024e-01  4.4659565e-01  4.0715417e-01  4.2549713e-01
  3.9223509e-01  1.2029859e-01  1.6855169e-01  1.8377923e-01  1.8740875e-01
  1.3020009e-01 -1.6169364e-02 -1.1690555e-01 -1.9617923e-01 -3.0714183e-01
 -1.0014703e-01  2.8984762e-01  4.1754920e-01  4.3607724e-01  3.0573320e-01
  1.2514138e-01  5.7244648e-02  7.7584363e-03 -7.5999918e-02 -1.3975200e-01
 -1.9932551e-01 -3.6190339e-01 -3.5338995e-01  1.8123959e-02  1.7014539e-01
  2.4711592e-02 -1.0205022e-01  1.9088404e-02  4.4960826e-02  1.6963129e-01
  1.1272080e-01 -2.4021674e-02  4.5846100e-02 -1.0427934e-01 -2.9136935e-01
 -2.2615106e-01 -8.4183306e-03 -1.2347570e-01 -3.9442514e-02 -4.8203747e-03
 -7.2413580e-02 -3.6338399e-01 -4.8777478e-01 -4.2423245e-01 -3.1706389e-01
 -1.0067552e-01  1.7148204e-01  4.0241420e-01  3.8371137e-01  1.5449629e-01
 -6.7333278e-02 -2.2305620e-01 -2.7624463e-01  3.4969874e-02  1.9139814e-01
  2.4213946e-01  1.3179379e-01 -1.4919081e-02 -1.4094470e-01 -1.6310226e-01
 -7.6445125e-02 -1.7321968e-02  3.9033293e-02 -4.2785169e-02 -1.2140904e-01
 -1.0188571e-01 -8.4825927e-02 -1.3847704e-01 -3.5967221e-02 -1.0070534e-01
 -1.2615929e-01 -1.5275864e-01 -1.9448272e-01 -9.0051204e-02 -1.2415431e-01
 -2.0164922e-01 -2.4320878e-01 -3.6383639e-01 -3.9283144e-01 -3.8502745e-01
 -2.0006580e-01  5.9952909e-03  1.1916757e-01  1.4386477e-01 -4.3769150e-03
 -1.0077834e-01 -6.2484320e-02  1.2573773e-01  2.1458389e-01  1.8787143e-01
  1.1713175e-01  9.8911144e-02  1.7588270e-01  1.3257521e-01 -1.6811985e-02
  5.4538444e-02  2.3373913e-02 -1.9829731e-01 -2.8327747e-01 -3.0543503e-01
 -1.3767505e-01  3.3724732e-02 -2.1655802e-02  8.6226326e-03  1.0744617e-02
 -2.0223529e-02 -1.0528697e-01  5.1379835e-02  7.7658393e-02  8.9956610e-03
  6.5215201e-03  1.3388102e-02 -4.0956014e-02 -1.5309795e-02 -1.1416027e-01
 -2.1594111e-01 -2.0731457e-01 -8.9546361e-02 -1.0860803e-01 -1.1940406e-01
 -8.7184602e-02 -1.5489728e-01 -1.5414670e-01 -2.2825886e-01 -2.2339550e-01
 -6.9482202e-02  4.3505933e-02  9.0214687e-02  1.9220013e-01  1.6772913e-01
  1.3086841e-01  1.5490757e-02 -8.0292624e-02 -6.0259310e-02  5.2288758e-02
 -1.6722532e-03  5.3990417e-02 -3.6793888e-02 -5.9338049e-02 -1.2669395e-01
 -2.0398322e-01 -1.7566678e-01 -8.9090872e-02 -1.0776491e-01 -1.0889593e-01
 -3.7225730e-03 -1.6710194e-01 -1.5887639e-01 -1.4371054e-01 -1.3574205e-01
 -1.5163791e-01 -3.9315018e-02  1.0927636e-01  4.7338008e-02  4.9569187e-02
  5.6490983e-02 -1.9306381e-02  1.0915297e-01  1.2215962e-01  1.4873841e-01
  1.5318020e-01  1.5046577e-01  1.2696128e-01  2.3455140e-01  7.6953053e-02
  9.9205207e-03 -6.9445187e-02 -1.0633573e-01 -5.6020070e-02  1.4867672e-02
 -7.8520019e-03 -9.7119003e-02 -9.4447758e-05  2.5132123e-02  1.0877254e-02
 -3.2104300e-02 -1.2234469e-01 -1.1495198e-01 -2.1002900e-01 -3.0450965e-01
 -2.2874211e-01  3.5043904e-03  7.7260482e-02  3.2572128e-02  3.5157005e-02
  9.8517346e-02  1.0984186e-01  3.6744535e-03 -2.7505192e-02 -1.5760143e-01
 -1.3835366e-01 -2.5156799e-01 -1.2652944e-01 -5.4085011e-02  6.7307574e-02
  5.6194863e-02  1.4028666e-02 -2.4508010e-02  2.1023463e-02  2.1850131e-02
 -1.3040572e-01 -1.3529992e-01  6.2820539e-03  7.0014806e-02 -7.2104094e-02
 -1.0190935e-01 -1.0798083e-01 -5.1019968e-02 -1.5101071e-01 -1.7575932e-01
  2.3813979e-02  4.8308622e-02  4.6151473e-02 -4.3564540e-02 -7.2217196e-02
 -5.6724383e-02  5.3107199e-03  1.3604022e-01  2.0815768e-01  2.9364165e-01
  3.4489708e-01  2.3918855e-01  2.6288840e-01  2.6063666e-01  2.7477431e-01
  3.0298793e-01  2.8886056e-01  3.5196076e-01  4.0325732e-01  3.0013983e-01
  1.1924983e-01  8.0971231e-02  1.9383495e-01  1.3237986e-01  9.2600095e-02
  4.1509182e-02 -7.7852722e-02 -8.2212260e-02  4.8145140e-02  9.2072632e-02
  1.6434638e-01  2.3658722e-01  2.2809435e-01  1.3495034e-01  7.0044624e-02
 -4.0599231e-02 -1.3249296e-01 -1.3028234e-01 -1.9024656e-02 -9.5328919e-02
 -1.1249460e-01 -5.5025808e-02 -1.1105513e-01 -2.1197228e-01 -1.3788069e-01
 -1.5425980e-01 -1.2696128e-01 -7.7333484e-02 -5.7270353e-02  5.2463551e-02
  2.1856300e-01  2.1234243e-01  1.8553744e-01  1.2390754e-01  1.4928335e-01
 -8.2321249e-02  2.8721545e-02  5.9036789e-02 -1.2643690e-01 -8.7362479e-02
  1.4667174e-01  1.8726480e-01  3.1197434e-01  3.5696806e-01  1.9638487e-01
  1.0459808e-01 -2.2161673e-02 -1.6356495e-01 -2.4293117e-01 -1.9225154e-01
 -3.7649345e-02  2.3010961e-02  2.1058422e-02  2.0300644e-02  1.0471118e-01
  1.2669395e-02 -4.8864875e-02 -4.1639762e-02  5.5768163e-02  2.7236834e-02
 -6.8933147e-02 -3.8976742e-02 -8.5611466e-02 -1.4480043e-01 -1.0405314e-01
 -1.7293179e-01 -7.1277427e-02  1.3066277e-01  2.5494047e-01  3.2158794e-01
  3.5214584e-01  2.0128935e-01  5.2463551e-03  3.1889408e-02  5.0122355e-02
  3.6573855e-02  7.8955973e-02  6.2773242e-02  1.0182607e-01  7.6720681e-02
 -1.5375599e-01 -4.6646034e-01 -2.9980053e-01 -9.9392338e-02  5.8061034e-03
 -8.4976043e-03  1.1938350e-01  7.3001707e-02 -2.0907278e-01 -2.7405458e-01
 -2.1709268e-01 -1.3082728e-01 -6.9288902e-02 -3.1737235e-02 -4.4810710e-02
 -1.6763660e-02 -9.0526229e-02 -2.0476465e-01 -3.0555841e-01 -1.9906846e-01
 -2.3565157e-01 -1.8266878e-01  2.8394579e-02  5.4930186e-02 -4.7693763e-02
 -1.0564684e-01 -1.5300541e-02 -1.4008102e-01 -1.6521006e-01 -3.6756873e-02
 -1.1479775e-02 -7.8106685e-02 -2.0749964e-02  9.2543544e-02  2.0463098e-01
  6.2075099e-02 -1.2732115e-01 -1.9932551e-01 -1.4161303e-01 -6.6377059e-02
 -1.0967735e-02  2.1899484e-02  7.6419421e-03  2.1982767e-02  1.7300376e-02
  9.1339530e-02  1.4326842e-01  7.9498859e-02  9.0803841e-02  1.0140246e-01
  1.4779247e-01  9.1855683e-02  8.8306360e-03 -7.3374941e-02 -1.0484485e-01
 -8.1046289e-02  1.1330687e-02 -1.0492710e-02  1.0066318e-01  1.0663390e-01
  7.0538156e-02 -3.2520718e-02  5.0383516e-03 -8.6191367e-03 -8.5765695e-02
 -1.5115466e-01 -1.9347509e-01 -1.6190956e-01 -3.4983240e-02  3.8501717e-02
  1.8164058e-01  1.5080508e-01  1.1273109e-01  1.1895165e-01 -1.3772646e-02
 -1.5311851e-01 -2.4637562e-01  1.0086985e-01  8.0091098e-02 -3.0369738e-02
  4.5099632e-02  2.6059553e-02 -4.9666865e-02 -1.2859611e-01 -9.4114623e-02
  3.6518333e-02  1.2274569e-02 -7.1932386e-02 -1.0537951e-02  2.0387012e-02
 -1.6060375e-02  2.7481544e-02 -8.4175081e-02 -5.4674166e-02 -1.1894137e-01
 -1.2490489e-01 -1.1235065e-01 -5.9875794e-02  4.0295914e-02  2.0294474e-01
  2.2776533e-01  1.4607539e-01  3.2083736e-02  1.7073146e-03 -2.0524790e-02
  9.1272697e-02  1.3736659e-01  1.7202698e-01  1.6322565e-01  1.4477986e-01
  7.6179852e-02  7.0115569e-02 -3.5693722e-02 -7.8907648e-02 -5.1674926e-02
 -3.0374879e-02 -2.4014477e-02 -5.0660100e-02  3.6613955e-02  7.5052952e-02
  1.2649859e-01  4.2611405e-02  3.1662177e-02  7.9384729e-02  3.1127517e-02
 -6.4304222e-02 -9.7970347e-02 -1.9189167e-02 -1.8547574e-02 -6.7184191e-02
 -6.3571120e-02 -6.7284953e-02 -1.1037652e-01 -2.9083469e-01 -2.6411195e-01
 -2.3761541e-01 -3.0982541e-02  3.0159987e-02  1.2114171e-01  5.7309424e-02
 -3.8322811e-02  7.7684098e-03  6.4634272e-02  8.7519793e-02  9.1541056e-02
  3.2009706e-02 -2.6343334e-02 -4.8111209e-02 -3.1265294e-02  8.9094984e-02
  1.5223426e-01  1.8084888e-01  2.3108639e-01  2.0793148e-01  1.7730161e-01
  1.4283658e-01  1.6764688e-01  1.1966111e-01  4.0761685e-02  1.1312180e-03
 -3.8290938e-02 -1.2244751e-01 -1.8841638e-01 -1.3078616e-01 -1.2568632e-01
 -8.9911370e-02  8.7896111e-02  9.3349647e-02 -1.8300808e-02 -1.0263629e-01
 -9.9848856e-02 -1.4343293e-01 -8.4746756e-02  7.5205125e-03  9.3756812e-02
  7.2141109e-02  1.8455037e-02 -1.1006807e-02 -2.9371363e-04  7.6704230e-02
  1.0637685e-01  1.1311152e-01  1.5919513e-01  1.0779576e-01  2.0937095e-02
 -2.3619651e-02  7.9562607e-02  9.1918403e-02  6.9577824e-02  3.1389706e-02
  1.1136359e-01  1.3011783e-01  8.5907586e-02  1.0298382e-01  1.8075634e-01
  7.8260914e-02  1.9938720e-02 -6.6629994e-02 -4.6618273e-02 -2.3993913e-02
  1.2751650e-02  7.6610664e-02  1.2587139e-01  8.9179296e-02  5.3458841e-02
  2.0561805e-02  3.0482839e-02 -3.2254416e-02 -9.6082584e-02 -1.3197886e-01
 -1.4354603e-01 -1.8922865e-01 -2.4124494e-01 -2.2034177e-01 -1.4509860e-01
 -5.1491908e-02  1.8478686e-02 -6.2322894e-03 -5.6220568e-02 -9.0490242e-02
 -1.9293014e-01 -2.6054412e-01 -2.3549734e-01 -1.6211520e-01 -8.7484834e-02
 -5.3565774e-02 -7.5792223e-02 -1.0114644e-01 -1.1903391e-01 -5.2892307e-02
 -2.1408008e-02 -1.4184951e-02 -1.7371322e-02 -3.2980320e-02 -9.2051040e-02
 -1.1681301e-01 -1.4085217e-01 -7.0738654e-02 -1.9175800e-02  2.0219416e-02
  4.4783977e-02  7.4987148e-03  4.4066298e-03 -1.6707109e-03  3.3033786e-02
  8.3618828e-02  1.0999609e-01  1.2141932e-01  1.0253655e-01  4.7104608e-02
  2.7993584e-02  6.6713278e-03  4.3099796e-03 -1.7281869e-02 -3.6204734e-02
 -5.2064612e-02 -1.6228999e-02  7.6033848e-02  8.5772893e-02  7.1179749e-02
  3.3670238e-02  4.8435090e-02  6.9141870e-02  4.2338934e-02  2.2783730e-02
  3.2687285e-03  4.3537807e-02  5.6862160e-03  3.4775545e-02  5.6388163e-02
  4.7741060e-02  1.2968599e-02 -3.6051533e-02 -1.0102922e-02  3.1488412e-02
  2.8460384e-02 -1.2077156e-02 -3.9196776e-03 -3.7182545e-02 -1.2127537e-01
 -1.4998252e-01 -1.2056592e-01 -9.9029386e-02 -4.5826564e-02 -5.5662259e-03
  3.9990541e-02 -1.1554834e-02 -1.4623990e-02 -3.2813753e-02 -4.9877645e-02
 -4.4982418e-02 -3.6737338e-03  1.9744391e-02  3.1890436e-02  2.6596270e-02
 -6.2955232e-03 -1.3763392e-02 -5.3698410e-02 -8.4885562e-02 -7.2321043e-02
 -7.9344630e-02  3.7934155e-02  3.7153756e-02  3.5907586e-02  1.0690123e-01
  1.2292048e-01  5.3891711e-02  5.6004647e-02  9.7882951e-02  9.3590245e-02
  7.0725287e-02  5.3732341e-02  3.7167122e-02  2.7950400e-02  3.6320920e-02
  5.7781365e-02  8.0407781e-02  2.5813815e-02  1.1739908e-02  7.1727776e-03
 -1.7368237e-02  3.4477369e-02  5.5868926e-02 -3.5731765e-02 -2.7649139e-02
 -8.4133953e-02 -8.4917436e-02 -1.0009871e-02  6.1441732e-02  9.7699932e-02
  1.4891320e-01  1.1789262e-01  9.1167822e-02  4.9699768e-02  2.5552654e-02
  2.5822040e-02  4.4500195e-02  4.7899402e-02  4.2470542e-02 -1.6516893e-02
 -5.2314463e-02 -7.4250961e-02  2.4900779e-02  6.4432746e-02  1.2043225e-01
  1.1862263e-01  1.1005778e-01  7.4317794e-02  5.0282753e-02  7.3990829e-02
  9.5017376e-02  7.4469966e-02  4.7455222e-02  2.1497460e-02  4.0762714e-02
  3.9949413e-02  6.8094141e-03 -4.7701989e-02 -5.8330420e-02 -4.5542783e-02
 -4.5518106e-02 -2.5410763e-02 -1.7971786e-02 -2.1070760e-02  1.7349730e-02
 -4.0109811e-02 -1.0255609e-01 -1.2812314e-01 -1.0908100e-02  2.8682473e-02
  7.2871126e-02  7.3152851e-02  6.8395402e-02  3.5821218e-02 -2.7726254e-02
 -5.8966872e-02 -7.5154743e-02 -6.4689794e-02 -6.1306011e-02 -3.7174320e-02
 -2.3389336e-02 -9.5583911e-03  3.6399062e-02 -5.5120401e-03 -5.5801065e-03
 -5.8010652e-03 -5.4496288e-02 -9.4019001e-02 -9.5462584e-02 -4.5359765e-02
 -4.3878139e-02 -3.9031237e-02 -1.5080508e-02 -2.5566020e-02 -8.7836476e-02
 -5.4674166e-02 -4.4249316e-02 -2.1642436e-02  1.3855930e-02  4.0176644e-02
  6.4847108e-02  4.0468650e-02  3.8530506e-02  1.9383495e-02 -1.5996628e-02
  8.2080651e-03  4.5148985e-02  4.7273232e-02  7.4775340e-02  1.3063193e-01
  1.4307306e-01  3.6055646e-02 -6.3784984e-02 -8.6821650e-02 -6.8090029e-02
 -7.4596434e-02 -8.1319789e-02 -1.6185815e-02 -2.1316498e-03 -1.6445948e-02
  1.4564355e-02  4.0737009e-02  3.2349010e-02 -4.5647659e-02 -9.6298505e-02
 -1.2036028e-01 -1.2925415e-01 -1.2652944e-01 -8.0694647e-02 -5.9196159e-02
 -1.1211417e-02  2.4360978e-02  3.4883506e-02  1.6297888e-02 -2.3766682e-02
 -7.9536902e-02 -9.1421785e-02 -8.1855477e-02 -7.1802834e-02  2.5214378e-02
  6.5310823e-02  9.0171503e-02  7.9352855e-03 -2.1353513e-02 -1.4574637e-02
 -8.1662177e-03  1.8092085e-02 -6.7935800e-03 -3.4700487e-02 -3.5601184e-02
 -7.4055605e-02 -7.8346254e-02 -8.3615744e-02 -7.2731292e-02 -5.4147731e-02
 -6.4042033e-02 -6.5952415e-02 -2.5935142e-02 -3.4642909e-02 -9.5956117e-02
 -8.6217072e-02 -6.1188797e-02 -3.5525098e-02 -3.0090070e-02 -7.3867445e-03
 -3.1784532e-02 -3.2043637e-02 -2.9013552e-02 -2.6757696e-02 -2.6810134e-02
 -5.4781098e-02 -2.0554607e-02 -5.4615559e-03  6.9068868e-03  5.9156059e-02
  1.0568796e-01  2.8117995e-02  2.9442308e-03  3.0092126e-02  4.2458204e-02
  4.4417940e-02  5.5318843e-02  9.4486829e-02  1.0688067e-01  4.3366098e-02
  4.4466265e-02  6.7765120e-02  3.9514487e-02  7.4740381e-03 -1.1317321e-02
 -1.1150754e-02  1.3410722e-02  5.4169323e-02  3.8882149e-02  3.0510601e-02
  1.0273602e-02 -1.6491188e-02 -5.3591478e-02 -2.5718193e-02  1.3106377e-02
  1.4749429e-02 -4.7021325e-03 -3.4674783e-02 -7.7521643e-02 -1.1868432e-01
 -7.9094779e-02 -1.8895104e-02  4.7281458e-02  6.7888503e-02  7.6450266e-02
  7.2432088e-02  7.5720249e-02  7.6028707e-02  4.8759999e-02  3.1611795e-02
  3.5520985e-02  3.7369677e-02  3.9764338e-02  3.3178762e-02  5.2179769e-02
  5.5311645e-02  1.3620473e-02  3.4899957e-02  2.4581011e-02  2.5723334e-02
  2.9014580e-02  5.8314997e-02  5.5395957e-02  5.5522425e-02  4.4284275e-02
  5.0144975e-03 -1.8794341e-03  5.3867034e-03  1.2914105e-02 -1.0845380e-02
 -3.6536840e-02  4.6000329e-03  3.9690308e-02  6.2231385e-02  7.6869769e-02
  8.3074914e-02  9.9945506e-02  6.8948570e-02  7.5536203e-02  6.4934504e-02
  4.8278805e-02  3.2564930e-02  3.2265726e-02 -3.2723272e-03 -2.5632853e-02
 -1.0769294e-02  2.0505254e-02  2.7636801e-02  4.6780728e-02  3.9789015e-02
  2.3697793e-02 -4.1689116e-03 -1.7939912e-02 -5.3779638e-03 -4.1750807e-02
 -7.8997100e-02 -3.9271834e-02 -2.2564725e-02 -4.8763084e-02 -5.7145942e-02
 -2.3429435e-02  5.3800202e-04 -3.0009871e-02 -5.2021428e-02  6.8989698e-03
  9.8732238e-03  2.1295935e-02  2.5574246e-02  3.7440622e-02  5.9638282e-02
  5.9912809e-02  5.4162125e-02  9.4603015e-03 -1.6684489e-02  1.5034239e-02
  1.5450657e-03 -1.2683790e-02  4.9579469e-02  3.4980156e-02  4.8391906e-03
 -3.2260585e-02 -1.4224023e-02 -1.3413807e-03  3.8999363e-03  2.3796500e-02
  6.5431121e-02  5.8619342e-02 -9.5744309e-03 -1.9313578e-02 -2.3810895e-03
 -1.4330955e-02 -4.3561455e-02 -4.3915154e-02 -3.6448416e-02 -2.4095704e-02
  1.0399145e-02  9.3345535e-03  1.1216558e-02  1.6272183e-02 -3.1625162e-02
 -8.6389809e-02 -8.2141315e-02 -5.4890086e-02 -5.3303584e-02 -7.8895309e-02
 -8.3386457e-02 -6.8037591e-02 -2.3546649e-02  2.6640482e-02  1.9740278e-02
  3.7704867e-02 -2.6827613e-04 -5.2712373e-02 -7.3496268e-02 -4.5543811e-02
 -3.2293487e-02 -3.7206194e-02 -1.4666146e-02  1.5606942e-02 -7.4759917e-03
 -3.9503177e-02 -2.4198524e-02 -1.7295235e-02  1.5999712e-02  5.2647597e-02
  7.0969997e-02  3.1167616e-02 -5.1043616e-03 -1.6366777e-02 -4.6739600e-02
 -4.4786033e-02 -6.5363261e-04  1.2482264e-02 -3.2505295e-02 -7.0194740e-02
 -6.3449793e-02 -1.9304325e-02 -1.5877357e-02 -3.7416973e-02 -4.0113924e-02
  7.0306813e-03 -3.2826091e-03 -2.9082441e-02 -5.3491744e-02 -4.6618273e-02
 -4.6623414e-02 -3.6450472e-02  1.1666907e-02  5.5150219e-02  1.9857492e-02
 -3.3241481e-02 -3.7761418e-02 -5.1092969e-02 -6.1348167e-02 -2.3361574e-02
  4.4781920e-03  1.3340805e-02 -2.8127249e-02 -3.1880154e-03 -1.9485287e-03
 -4.4145469e-02 -4.6795122e-02 -5.4347200e-02 -7.2372453e-02 -3.8310473e-02
 -5.7131547e-03 -1.4990027e-02 -4.9202122e-02 -9.8665405e-03  2.6980814e-03
 -1.9296099e-02  9.5417344e-03  2.6531494e-02  1.4758683e-02  4.9327562e-03
  3.2776738e-02  3.3555080e-02 -1.2803060e-03 -2.4043266e-02 -8.7455017e-03
 -3.3762775e-02 -5.0165539e-02 -6.9917128e-03  1.6642333e-03 -8.2352094e-03
  1.6390425e-02  4.9078739e-02  7.0404491e-02  3.8702215e-02  1.7211952e-02
  6.5435234e-03 -1.4988998e-02 -1.0714800e-02  2.9648975e-03  3.7133192e-02
  4.7660861e-02  2.2628473e-02  3.4280985e-02  3.9986428e-02  1.8107508e-02
 -6.6793477e-03  3.2840486e-02  4.4223611e-02  1.5939049e-02 -1.3040572e-02
  4.8965638e-03  1.5596660e-02 -3.9587489e-03  2.1621872e-02  1.1874602e-02
  6.8403627e-03  2.2641839e-03  1.5454770e-02  2.0793148e-03 -3.0592856e-03
  3.0596969e-02  4.4519731e-02  3.8142878e-02  4.5798803e-02  5.0409221e-02
  4.4756215e-02 -1.1260770e-02  3.8327952e-02  5.8486705e-02  7.0200909e-02
  5.8595694e-02  4.7971375e-02  2.0284193e-02  3.5840753e-02  4.4504308e-02
  5.5120401e-02  4.8714759e-02  3.7339859e-02  1.8241173e-02  7.4839088e-03
  3.5811964e-02  7.0800345e-02  7.2231590e-02  3.8091468e-02  1.9537724e-02
  2.9280882e-02  4.0086163e-02  4.9971211e-02  7.3791359e-02  6.6774970e-02
  5.5901828e-02  2.3010961e-02 -1.7536861e-03  6.0111250e-03  7.3285488e-03
  3.7240124e-03  1.2010323e-02  4.3942915e-03 -3.7703839e-03 -1.5996628e-02
 -1.9205618e-02  1.7137922e-03 -3.5661848e-03 -2.8619754e-02 -5.3201793e-02
 -6.4835798e-02 -7.9578030e-02 -5.0926402e-02 -3.2795246e-02 -3.0604166e-02
 -2.8539555e-02 -2.7058957e-02 -2.6419421e-02 -4.3436016e-02 -3.7054021e-02
 -5.4070616e-02 -1.7670526e-02 -6.5971951e-03 -1.7376463e-03 -1.9272451e-02
 -1.0587304e-02 -2.5630796e-02 -1.4532481e-02 -1.4878982e-02 -3.6107055e-02
 -3.3541714e-02 -2.4137860e-02 -1.9725884e-02 -4.4699665e-02 -5.5962492e-02
 -3.8108947e-02 -3.7054021e-02 -4.1339530e-02 -3.3906722e-02 -2.5045755e-02
 -1.4885151e-02 -3.2338728e-03  8.3209607e-03 -5.2427564e-03  3.1918197e-04
 -1.9869831e-02 -3.9903144e-02 -4.1596578e-02 -1.5412614e-02 -3.4899957e-02
 -3.6808283e-02 -1.4786444e-02 -1.5363261e-02 -1.1965083e-02 -9.8038208e-03
  6.4749429e-03  1.9371157e-02  1.3919678e-02  2.2340579e-02  2.5134179e-02
  6.4619877e-03 -1.8881737e-02 -3.6072097e-02  3.4511300e-03  1.4669230e-02
  1.9448272e-02  3.1148080e-02 -3.5828415e-03  9.8426865e-03  1.3590656e-02
  9.4400461e-03  1.1266939e-02  1.2789693e-02  4.9780995e-03 -2.8794546e-02
 -3.4628514e-02 -3.3291863e-03 -9.4372699e-04 -7.2784758e-03 -1.7019680e-02
  1.9293014e-02  4.2810874e-02  5.5778445e-03 -7.1646548e-03 -3.3815213e-02
 -6.1724485e-03  8.3785396e-03  1.2333176e-02  1.5386909e-02  2.3818092e-03
 -1.3850789e-02 -5.1164943e-02 -7.4958358e-02 -5.6906373e-02 -2.3525057e-02
 -9.4513562e-03 -2.3857163e-03  1.3160871e-02 -1.9273479e-02 -4.2396512e-02
  2.3315306e-02  4.9840630e-02  4.7238273e-02  8.3038927e-03 -5.8760205e-04
  9.7058340e-03  1.6936396e-02  3.9883609e-02  5.2415225e-02  5.5439141e-02
  3.5963108e-02  7.1960147e-03  1.2699212e-02  3.7014950e-02  2.5985523e-02
  2.7035308e-02  2.0059018e-02  3.6386724e-02  2.5988608e-02  2.0655370e-02
 -2.8716404e-04 -1.0980074e-02 -1.2595365e-03  8.4591499e-03  2.9013552e-02
  5.1913467e-02  2.0758190e-02 -1.1081865e-02 -3.9820889e-02 -1.8066380e-02
 -2.0222501e-02 -1.3974172e-02 -2.5032388e-03 -1.6378087e-02 -1.9367044e-02
 -3.9135084e-02  7.8444961e-03  2.2252154e-02  1.8641140e-03  1.0116597e-02
  5.8413704e-03 -1.4260009e-02  5.6166074e-03  1.6133377e-02  1.4737091e-02
  2.1450163e-02  3.7290506e-02  4.5325834e-02  1.5006478e-03 -3.1575809e-02
 -1.6116926e-02  3.6683872e-02  1.1762529e-02  1.2053507e-02  6.4306278e-02
  2.5888873e-02 -3.7917703e-02 -2.9242839e-02 -1.9853380e-02 -1.7267474e-02
 -1.5115466e-03 -1.2367106e-02  1.9259084e-02 -9.7505604e-03 -1.7200642e-02
 -2.9696272e-02 -2.8404861e-02 -2.2212055e-02 -2.4497728e-02 -1.9889366e-02
 -9.3761953e-03 -1.5291287e-02 -3.1527484e-02 -3.8794752e-02 -2.6866684e-02
  4.1289148e-03  1.4930391e-02  1.0381665e-02  1.0851549e-02  1.1034568e-02
  1.0728166e-02 -2.7100084e-03 -1.7365152e-02  6.4913940e-03  1.3769561e-02
  1.4439943e-02 -1.9812252e-03 -1.7560509e-02 -3.0256637e-02 -3.3678463e-02
  4.2444837e-03  2.4812355e-02  2.7959654e-02  1.4179810e-02  2.5726418e-02
  1.6834605e-02  1.0248823e-02  1.3111518e-02  3.8539760e-02  3.1774250e-02
  1.4643525e-02 -4.6583314e-03  1.6342100e-03 -2.6675441e-03  2.1025520e-03
  2.2168870e-02  2.8663966e-02  2.6825557e-04 -1.9200477e-02 -3.6729112e-02
 -2.6594213e-02 -2.0887742e-02 -2.1436797e-02  3.0529108e-03  4.3401057e-03
 -5.0442123e-03 -4.3360957e-03  2.8816139e-02  2.1242468e-02 -1.0209854e-03
 -2.8523103e-02 -3.6706492e-02 -3.2596804e-02 -9.2690576e-03  2.7511362e-03
 -6.5745748e-04 -1.5945218e-02 -1.7749697e-02 -5.5778445e-03 -5.5745543e-03
  1.6207407e-03 -9.3963479e-03 -3.0580518e-02 -4.6886631e-02 -2.3599087e-02
 -2.0807543e-02 -8.0724465e-03  9.5002982e-03  1.5428037e-02  8.0309075e-04
 -1.5409529e-02 -3.0093154e-02 -5.5130683e-03 -4.9998972e-03 -2.9234613e-03
 -1.0465977e-02 -1.9175800e-02 -2.8040881e-02 -2.9610932e-02  1.7107076e-02
  2.9955376e-02  3.0784100e-02  2.5084826e-02  2.5023134e-02  1.0467005e-02
 -9.9517777e-04  6.3478583e-03  2.4275638e-03  8.1065825e-04  2.3715273e-02
  4.0725699e-02  2.3470563e-02 -6.0221267e-03 -1.6697855e-02 -3.5399659e-03
 -3.2282177e-02 -2.3344095e-02  1.2620042e-02  2.5027247e-02  3.6365132e-02
  4.5202451e-02  2.1093380e-02 -2.0365420e-02  4.7829484e-03  8.5139526e-03
  1.9222069e-02  1.9641572e-02  3.7926957e-02  2.5901211e-02  2.2198688e-03
 -1.5523659e-02 -1.6204323e-02 -1.7626314e-02  1.9012318e-03  4.0826462e-02
  5.4058278e-02  2.9556438e-02  2.5761377e-02  8.2832261e-03 -1.3993707e-03
 -5.2149952e-03  6.5386909e-04  2.7670731e-03  6.9802998e-04  6.5796130e-03
  6.3035432e-04  1.0630488e-02  1.3104320e-02 -9.7085073e-03 -1.7968702e-02
 -2.3696765e-02 -2.0345884e-02 -1.9936663e-02 -5.7968496e-03  7.6539719e-03
  1.4687738e-02  7.0934011e-03  1.9483230e-04  7.9324066e-03  8.5316375e-03
  1.3450822e-02  6.0998581e-03 -1.4205515e-02 -2.5593781e-02 -5.5446339e-03
 -2.1442966e-02 -1.3565979e-02  4.2170310e-03  1.1175430e-02  1.5543194e-02
  1.7285982e-02  2.7066154e-02  2.5436468e-02  2.1951922e-02  1.2232413e-02
  3.6730140e-03  5.6454996e-03 -6.0991384e-03  1.3702729e-02  9.8083448e-03
 -5.7763886e-04  3.9274918e-04  2.7620350e-03  1.5239877e-02  1.3594769e-02
  9.4697608e-03 -3.8381418e-04 -8.5654651e-03 -1.0708631e-02 -5.4409920e-03
 -3.7085895e-03  2.2668572e-02  3.4100023e-02  3.3533488e-02  2.9885459e-03
 -2.7406486e-02 -3.7885829e-03  3.3699027e-04  7.6508873e-03 -2.6276502e-03
 -9.8244874e-03  3.7412861e-04  1.1422197e-03 -5.2709289e-04 -1.3841535e-02
 -1.6158054e-03  8.6512164e-03 -1.9481174e-02 -3.2610171e-02 -2.0738654e-02
 -5.1001460e-03 -4.6399268e-03 -9.5547924e-03  1.7381604e-02  3.5073721e-02
  1.1284419e-02 -2.0557692e-02 -1.4008102e-02 -5.6963952e-03 -1.3097123e-02
 -1.5265582e-02 -7.7687183e-03 -3.1195377e-02 -3.4206955e-02 -9.4320262e-03
 -3.7071501e-03 -2.7904131e-03 -1.4495466e-02 -1.5268667e-02 -4.0840856e-02
 -2.1125254e-02 -3.7013922e-03 -1.1671019e-02 -1.9713545e-02 -2.7512390e-02
 -2.4658126e-02 -4.2930145e-02 -1.7338419e-02  5.3629521e-03  1.1784121e-02
  1.4281602e-03 -4.0781221e-03 -7.1630097e-03 -1.4668202e-02 -2.8206420e-02
 -2.0283164e-02 -1.0418680e-02 -1.1039709e-02 -1.3070390e-02  1.5529828e-02
  1.0188057e-02 -2.5360382e-02 -1.7064920e-02 -9.6626499e-03 -8.6368216e-03
 -2.1401838e-02 -4.3135783e-03 -9.3031936e-03 -1.3717124e-02 -2.2117461e-02
 -1.1938350e-02 -6.1535298e-03 -1.5960641e-02 -1.1766641e-08  2.2101010e-02
  1.3213309e-02  1.3361369e-02  1.5798186e-02  5.8089823e-04 -1.5010590e-02
 -2.6943799e-02 -2.8927183e-02 -8.9506262e-04  2.0513480e-03  7.4173847e-03
  2.1437825e-02  1.0276173e-02 -1.4854305e-04  7.0095005e-03 -5.9684550e-03
  7.6699089e-03 -5.0455490e-04 -1.4998252e-03  1.5239877e-03  1.5829032e-02
  2.5977297e-02  2.7988443e-02  1.2777355e-02  1.8134241e-02  1.9777293e-02
  2.0154640e-02  3.4397170e-03  1.8987641e-03  1.3451850e-02 -1.9601472e-04
 -1.1439676e-02 -4.2853030e-04 -1.0670588e-02 -1.4667174e-02  4.8938905e-03
  1.1862263e-02  4.7212569e-03  3.1110037e-03  1.2364021e-02  1.7713710e-02
  2.2855703e-02  3.2725329e-02  2.2898887e-02  7.2198688e-03  8.3174649e-03
 -4.3986099e-03 -1.6373974e-02 -1.0434103e-03  2.0922700e-02  2.2732320e-02
  1.7518353e-02  8.2036439e-03  1.6856197e-03 -1.3861071e-03  1.1337885e-02
  2.0721175e-02  3.5092229e-02  1.0554402e-02  5.2485143e-03 -5.8229657e-04
  1.9160378e-02  5.9642394e-03 -7.3444858e-03  1.6783195e-03  8.9529910e-03
 -3.0840651e-03 -1.5083592e-02  3.2005593e-02  1.2528532e-02  1.4447141e-02
  2.1046084e-02  2.2441342e-02  6.6760575e-03 -1.9245718e-03  6.9587078e-03
  1.9397890e-04 -3.9067223e-03  5.2492340e-03  9.7177610e-03  1.7757922e-02
 -9.2251537e-03 -4.7818174e-03 -4.4241091e-03  8.1719756e-03 -7.5365523e-03
 -3.1197434e-03 -1.9397890e-02 -3.0276173e-02 -2.1815172e-02  7.3008904e-03
  1.3370622e-02  2.7838327e-03  8.5500422e-03 -1.3912480e-02 -3.5607354e-02
 -3.3788480e-02 -3.3180818e-02 -1.0527669e-03 -1.7751753e-02 -2.2340579e-02
 -2.4281807e-02 -1.3661601e-02 -9.7495322e-03  3.2256472e-03  1.3642065e-02
 -1.1082893e-03 -7.7311892e-03 -1.7490592e-02 -1.3665714e-02 -1.9696066e-02
 -1.2132678e-02 -9.2501388e-03 -3.8191203e-03 -2.4968640e-02 -2.6365954e-02
 -6.4817290e-03 -6.1678217e-03 -2.0879516e-02  1.3304818e-03 -6.0648995e-03
 -1.1703922e-02 -1.3381933e-02 -9.8219170e-03 -1.7141006e-02 -2.2425919e-03
 -9.2442781e-04  2.3862304e-04 -5.9534434e-03 -8.7411832e-03 -3.1448313e-02
 -7.0437393e-03 -1.6811985e-02 -9.4975221e-03 -8.0786156e-03 -6.3362397e-03
 -5.8490818e-03  1.1626807e-02  4.9434494e-03  1.2819511e-02  1.8945485e-02
  2.2744659e-02  7.1567377e-02  9.8954328e-02  8.6483374e-02 -2.0035370e-02
 -2.6016369e-01 -2.5539287e-01 -9.9591807e-02  8.0082872e-02  3.5626889e-01
  3.2854881e-01  2.5204096e-01  8.2684201e-02 -1.3614304e-01 -2.3205289e-01
 -3.0456106e-01 -1.0347735e-01  1.3719180e-01  1.6884986e-01 -4.2551770e-02
 -8.9531967e-02 -7.2211026e-02 -5.4673137e-02 -2.3271093e-02  4.1480392e-02
  6.1326575e-02  1.8928006e-02 -9.2379033e-02 -6.9527442e-02 -9.2639166e-03
 -5.5531679e-03 -3.4076374e-03  5.0939768e-02  6.5407473e-02 -4.3108022e-03
 -1.0104259e-01 -3.5889079e-02 -6.4346378e-04  7.2494808e-02  7.3508606e-02
  9.4661622e-03 -4.1640790e-02 -3.4870139e-02  3.4689177e-02  9.3386662e-02
  9.7175554e-02  6.1339941e-02  2.1496432e-02 -2.9219190e-02 -2.8046022e-02
  3.3579757e-02  6.0747702e-02  5.8644019e-02  3.0090070e-02  2.3491127e-03
 -1.7353842e-02 -4.5927327e-03  4.6321125e-02  4.2491106e-02  4.0512863e-02
  3.9466162e-02  3.1536737e-02  1.0679841e-02 -8.7570174e-03 -1.0910156e-02
  9.1170906e-03  2.0497029e-02  2.0938123e-02  1.9798885e-02  7.2914310e-03
 -1.1322462e-02  1.1973308e-03  1.4673343e-02 -2.5264760e-02 -1.0794999e-02
  1.0543092e-02  3.6234551e-02  1.6815069e-02 -5.2302124e-03 -2.0510395e-02
 -1.8419050e-02 -2.0993646e-02 -6.9091489e-03  1.1113739e-02  9.2361554e-03
  1.7458718e-02  6.2572745e-03 -2.9742540e-02 -4.0157108e-02 -3.7687388e-02
 -3.9247157e-02 -3.0741944e-02 -9.8274692e-03 -1.1125049e-02 -1.6389397e-02
 -1.9593247e-02  6.4775134e-03  7.5124925e-03  2.3592918e-04 -1.0956425e-02
 -3.0368710e-03  8.5895248e-03  3.9239960e-03 -5.5393901e-03 -1.0211294e-02
 -8.3878961e-03 -1.1901335e-03 -9.4940262e-03 -1.9085319e-03  4.6456847e-04
  1.2139875e-02  3.5568282e-03 -1.5113410e-02 -7.4141973e-03 -9.9170248e-04
 -1.4693907e-03  5.6608197e-03 -9.8801127e-03 -3.8717638e-02 -1.6533344e-02
 -5.7538711e-03  1.2970655e-02  7.0805486e-03 -6.7086512e-03 -2.5965987e-02
 -3.0786156e-02 -2.8892225e-02 -1.5182299e-02 -2.4230397e-03  5.9813075e-04
 -5.1792140e-03 -2.8256801e-02 -3.1750601e-02 -4.3194390e-02 -2.8860351e-02
 -1.8880709e-02 -8.9279031e-03 -3.9285200e-03 -8.5368813e-03  1.1632976e-04
  6.2817455e-04 -7.8470666e-03 -2.7591561e-03  5.2382323e-03  1.5631619e-02
 -2.5661642e-03  6.9266281e-03 -2.5529005e-02 -6.5253244e-03 -3.1226223e-03
  1.3602994e-03  1.0551317e-02  1.8073577e-02  2.8730798e-02  1.3166012e-02
 -9.1221288e-04  4.4945403e-04  3.7469411e-03 -2.4279751e-03  9.2544572e-03
  3.3236340e-02  4.4776779e-02  2.7450698e-02  1.5454770e-02  3.3642477e-03
 -4.8357976e-03 -1.3371651e-02 -5.8597750e-03 -4.0881984e-03  6.6012050e-03
  1.2650887e-02  4.1963643e-03  8.5542577e-04  1.0981102e-02  1.4039976e-02
  0.0000000e+00  0.0000000e+00  0.0000000e+00  0.0000000e+00  0.0000000e+00
