Scaled from
PEER NGA STRONG MOTION DATABASE RECORD
ACCELERATION TIME SERIES IN UNITS OF G
NPTS= 2999.000000, DT= 0.010000, Scalar= 1.000000
  3.7271082e-04  7.0663153e-04  5.9593298e-04  6.4131529e-04  6.2069698e-04
  6.3576935e-04  6.2325362e-04  6.3885305e-04  6.2776117e-04  6.4342354e-04
  6.3559629e-04  6.5113279e-04  6.4673537e-04  6.6297986e-04  6.6186281e-04
  6.7958622e-04  6.8171020e-04  7.0136092e-04  7.0678099e-04  7.2857930e-04
  7.3705947e-04  7.6087162e-04  7.7197923e-04  7.9751416e-04  8.1073002e-04
  8.3731907e-04  8.5147892e-04  8.7798930e-04  8.9230648e-04  9.1810887e-04
  9.3187539e-04  9.5634047e-04  9.6884833e-04  9.9142542e-04  1.0025173e-03
  1.0240717e-03  1.0350063e-03  1.0568754e-03  1.0690686e-03  1.0916457e-03
  1.1034456e-03  1.1242133e-03  1.1336532e-03  1.1513531e-03  1.1574890e-03
  1.1716488e-03  1.1745595e-03  1.1862807e-03  1.1881687e-03  1.1980806e-03
  1.2024072e-03  1.2061831e-03  1.1868313e-03  1.1896633e-03  1.1925739e-03
  1.2003619e-03  1.1997325e-03  1.2075991e-03  1.2054751e-03  1.2117684e-03
  1.2086218e-03  1.2135777e-03  1.2093298e-03  1.2132631e-03  1.2083071e-03
  1.2116897e-03  1.2064978e-03  1.2098018e-03  1.2046098e-03  1.2083858e-03
  1.2039805e-03  1.2069698e-03  1.2064191e-03  1.2026432e-03  1.1731435e-03
  1.1687382e-03  1.1683449e-03  1.1709408e-03  1.1660636e-03  1.1685809e-03
  1.1614223e-03  1.1615009e-03  1.1521397e-03  1.1495437e-03  1.1377439e-03
  1.1327093e-03  1.1186281e-03  1.1114695e-03  1.0958150e-03  1.0875551e-03
  1.0707992e-03  1.0630900e-03  1.0457048e-03  1.0384676e-03  1.0263531e-03
  1.0069226e-03  1.0294997e-03  1.1038389e-03  1.1595343e-03  1.2533040e-03
  1.2811517e-03  1.2596759e-03  1.2488200e-03  1.2407961e-03  1.2220736e-03
  1.2115324e-03  1.1914726e-03  1.1764475e-03  1.1533197e-03  1.1397105e-03
  1.1036029e-03  1.1132001e-03  1.1675582e-03  1.1870673e-03  1.1219320e-03
  1.0261957e-03  9.7238829e-04  9.6302706e-04  9.3376337e-04  9.1488357e-04
  8.8947451e-04  8.6996539e-04  8.4361233e-04  8.2402454e-04  7.9617684e-04
  7.7566079e-04  7.4584644e-04  7.2411894e-04  6.9329767e-04  6.6528477e-04
  6.4310101e-04  5.8986784e-04  4.7445721e-04  4.1957992e-04  3.9366740e-04
  3.5984896e-04  3.2252203e-04  2.8985997e-04  2.5153398e-04  2.1949339e-04
  1.6910006e-04  1.6559157e-04  5.0951857e-05 -2.0053493e-04 -3.1124921e-04
 -3.1350692e-04 -3.6112335e-04 -3.9125236e-04 -4.2768250e-04 -4.6172121e-04
 -5.0337476e-04 -5.3825519e-04 -5.9087476e-04 -6.5250157e-04 -7.1183921e-04
 -7.6028162e-04 -8.2850850e-04 -8.7083071e-04 -9.7773757e-04 -1.1576463e-03
 -1.2669132e-03 -1.3134047e-03 -1.3864852e-03 -1.4443046e-03 -1.5055853e-03
 -1.5583700e-03 -1.6139868e-03 -1.6599276e-03 -1.7114537e-03 -1.7540120e-03
 -1.8059314e-03 -1.8515576e-03 -1.9038704e-03 -1.9670390e-03 -2.0065293e-03
 -2.0008653e-03 -2.0549874e-03 -2.1265733e-03 -2.2448867e-03 -2.2465387e-03
 -2.0757552e-03 -2.0962083e-03 -2.1772341e-03 -2.0939270e-03 -2.1404185e-03
 -2.2545626e-03 -2.3414884e-03 -2.4292794e-03 -2.5220264e-03 -2.6013216e-03
 -2.6858087e-03 -2.7643958e-03 -2.8330711e-03 -2.9125236e-03 -2.9883575e-03
 -2.9955947e-03 -3.2334015e-03 -2.8745280e-03 -1.6885620e-03 -1.3316551e-03
 -1.5892070e-03 -1.6791221e-03 -1.8359817e-03 -1.9555538e-03 -2.0490875e-03
 -2.1626809e-03 -2.2950755e-03 -2.4126023e-03 -2.5267464e-03 -2.6449811e-03
 -2.7660478e-03 -2.8443203e-03 -3.0380743e-03 -2.9211768e-03 -2.3831812e-03
 -2.2509440e-03 -2.4114223e-03 -2.4461926e-03 -2.5129799e-03 -2.5576621e-03
 -2.6384519e-03 -2.6338106e-03 -2.4970894e-03 -2.4931561e-03 -2.5827565e-03
 -2.6261013e-03 -2.6947766e-03 -2.7613279e-03 -2.8437697e-03 -2.9126023e-03
 -3.0315450e-03 -3.2006765e-03 -3.3302391e-03 -3.4179515e-03 -3.5296570e-03
 -3.6290120e-03 -3.7345815e-03 -3.8293738e-03 -3.9258968e-03 -4.0090466e-03
 -4.0648206e-03 -4.0827565e-03 -4.1353052e-03 -4.1895060e-03 -4.2396161e-03
 -4.2813877e-03 -4.3175739e-03 -4.3672907e-03 -4.4667244e-03 -4.5199025e-03
 -4.5553807e-03 -4.5977030e-03 -4.6421492e-03 -4.7099591e-03 -4.8344871e-03
 -4.9339994e-03 -4.8197766e-03 -4.5287130e-03 -4.4480019e-03 -4.5001573e-03
 -4.5672593e-03 -4.6608716e-03 -4.7578666e-03 -4.8448710e-03 -4.9369887e-03
 -5.0154185e-03 -5.1013216e-03 -5.1747955e-03 -5.2489773e-03 -5.3097860e-03
 -5.3702014e-03 -5.4137036e-03 -5.4662524e-03 -5.4845028e-03 -5.5515261e-03
 -5.7041378e-03 -5.7286029e-03 -5.6112335e-03 -5.6065922e-03 -5.6504877e-03
 -5.7120044e-03 -5.7429987e-03 -5.7423694e-03 -5.8248899e-03 -5.6517464e-03
 -5.1737728e-03 -5.0976243e-03 -5.2382788e-03 -5.3080554e-03 -5.3844399e-03
 -5.5018880e-03 -5.6504877e-03 -5.7604626e-03 -5.8233166e-03 -5.8887665e-03
 -5.9721523e-03 -5.9691630e-03 -5.7905916e-03 -5.8241819e-03 -6.0471995e-03
 -6.1452958e-03 -6.1420705e-03 -6.2573946e-03 -6.4895374e-03 -6.5891284e-03
 -6.5842511e-03 -6.6373505e-03 -6.7074418e-03 -6.7491347e-03 -6.7603052e-03
 -6.7882316e-03 -6.8049874e-03 -6.8366897e-03 -6.8581655e-03 -6.9152769e-03
 -6.9251888e-03 -6.8607615e-03 -6.8608402e-03 -6.9277061e-03 -6.9582284e-03
 -7.0125079e-03 -7.0708779e-03 -7.1076149e-03 -7.1103682e-03 -7.1215387e-03
 -7.1194934e-03 -7.1075362e-03 -7.0676526e-03 -7.0220264e-03 -6.9948867e-03
 -6.8812933e-03 -6.6308999e-03 -6.5180931e-03 -6.4879641e-03 -6.4306167e-03
 -6.3943518e-03 -6.3827879e-03 -6.3648521e-03 -6.3815293e-03 -6.3560415e-03
 -6.3129327e-03 -6.2674638e-03 -6.2242763e-03 -6.1680302e-03 -6.1161108e-03
 -6.0502675e-03 -5.9900881e-03 -5.9170076e-03 -5.8489616e-03 -5.7728918e-03
 -5.7031938e-03 -5.6221680e-03 -5.5486941e-03 -5.4556325e-03 -5.3912052e-03
 -5.3531309e-03 -5.2857143e-03 -5.1725142e-03 -5.0951070e-03 -4.9531152e-03
 -4.7388295e-03 -4.5900724e-03 -4.5010227e-03 -4.3810573e-03 -4.2745437e-03
 -4.1574103e-03 -4.0465702e-03 -3.9260541e-03 -3.8119100e-03 -3.6907646e-03
 -3.5698553e-03 -3.4270768e-03 -3.3104154e-03 -3.1953272e-03 -3.0896790e-03
 -2.9803335e-03 -2.8884519e-03 -2.7997955e-03 -2.7228603e-03 -2.6702329e-03
 -2.6379799e-03 -2.5507395e-03 -2.4961454e-03 -2.4671177e-03 -2.4435179e-03
 -2.4151982e-03 -2.3999371e-03 -2.3672907e-03 -2.3332284e-03 -2.2928729e-03
 -2.2602266e-03 -2.2087004e-03 -2.1585903e-03 -2.0905444e-03 -2.0248584e-03
 -1.9515419e-03 -1.8924638e-03 -1.8254405e-03 -1.7683291e-03 -1.6875393e-03
 -1.6312933e-03 -1.6095028e-03 -1.5929830e-03 -1.5630113e-03 -1.5581340e-03
 -1.5241504e-03 -1.4854468e-03 -1.4911108e-03 -1.5719792e-03 -1.6505664e-03
 -1.7226243e-03 -1.7806010e-03 -1.8384204e-03 -1.8683134e-03 -1.8453430e-03
 -1.7089364e-03 -1.5908590e-03 -1.5055066e-03 -1.3934865e-03 -1.3117527e-03
 -1.3202486e-03 -1.3612335e-03 -1.3748427e-03 -1.2973568e-03 -1.2126337e-03
 -1.1115481e-03 -9.7238829e-04 -7.5003147e-04 -4.8357458e-04 -2.5007080e-04
 -1.0552234e-04  2.8924638e-05  1.4968534e-04  2.4903241e-04  2.8668974e-04
  3.1795154e-04  3.5232851e-04  3.6745595e-04  3.4031624e-04  3.4421020e-04
  3.1400252e-04  2.4859188e-04  3.5733166e-04  6.6349906e-04  9.2039018e-04
  1.1172907e-03  1.1426998e-03  1.0135305e-03  9.8733480e-04  1.1521397e-03
  1.4524072e-03  1.8403870e-03  2.0519194e-03  2.0225771e-03  1.9472939e-03
  2.1468691e-03  2.5837791e-03  2.9276274e-03  3.0443675e-03  3.1014003e-03
  3.1586690e-03  3.2998741e-03  3.5111705e-03  3.7289176e-03  3.8244965e-03
  3.7859503e-03  3.6780994e-03  3.5629327e-03  3.5566394e-03  3.7806010e-03
  4.0342196e-03  4.1919446e-03  4.3109660e-03  4.4918188e-03  4.6308999e-03
  4.7227030e-03  4.8401510e-03  4.9720736e-03  5.0790592e-03  5.2613279e-03
  5.4272341e-03  5.5796098e-03  5.7782410e-03  6.1011643e-03  6.4718376e-03
  6.7618785e-03  6.9462712e-03  7.0820485e-03  7.1014003e-03  7.0653713e-03
  7.0807111e-03  7.0714286e-03  7.0645060e-03  7.2775330e-03  7.4730963e-03
  7.6456891e-03  7.9224355e-03  8.2221523e-03  8.4046570e-03  8.6107615e-03
  8.9395846e-03  9.2786344e-03  9.5169918e-03  9.7372561e-03  9.9771869e-03
  1.0275330e-02  1.0610447e-02  1.0983323e-02  1.1265733e-02  1.1452958e-02
  1.1671649e-02  1.1959566e-02  1.2144430e-02  1.2418188e-02  1.2883103e-02
  1.3297671e-02  1.3676054e-02  1.4014317e-02  1.4092983e-02  1.4106356e-02
  1.4222782e-02  1.4422593e-02  1.4664884e-02  1.4965387e-02  1.5184078e-02
  1.5357143e-02  1.5591567e-02  1.5966016e-02  1.6515890e-02  1.7198710e-02
  1.7778477e-02  1.8135620e-02  1.8235525e-02  1.8393644e-02  1.8721680e-02
  1.8888452e-02  1.9026117e-02  1.9373820e-02  1.9547671e-02  1.9668817e-02
  1.9811989e-02  1.9890654e-02  2.0071586e-02  2.0451542e-02  2.0821271e-02
  2.1098175e-02  2.1338106e-02  2.1702329e-02  2.2247483e-02  2.2928729e-02
  2.3586375e-02  2.4181875e-02  2.4723096e-02  2.5205318e-02  2.5614380e-02
  2.5975456e-02  2.6026589e-02  2.5932190e-02  2.6090308e-02  2.6318439e-02
  2.6441945e-02  2.6653556e-02  2.6842354e-02  2.7195563e-02  2.7938169e-02
  2.8480963e-02  2.8485683e-02  2.8693361e-02  2.9136249e-02  2.9638137e-02
  3.0288704e-02  3.0657646e-02  3.0815765e-02  3.1313719e-02  3.1829767e-02
  3.2252989e-02  3.2994808e-02  3.4076463e-02  3.5051919e-02  3.5807898e-02
  3.6268880e-02  3.6213027e-02  3.6124921e-02  3.6461611e-02  3.6749528e-02
  3.6604783e-02  3.5854311e-02  3.4915041e-02  3.3949811e-02  3.3393644e-02
  3.4037130e-02  3.4965387e-02  3.5170705e-02  3.5286344e-02  3.5139239e-02
  3.4705003e-02  3.4982694e-02  3.6176841e-02  3.7194777e-02  3.7440214e-02
  3.7434707e-02  3.7389868e-02  3.7196350e-02  3.7002832e-02  3.6455318e-02
  3.5615167e-02  3.5073946e-02  3.4612177e-02  3.4122089e-02  3.4239301e-02
  3.4316394e-02  3.4323474e-02  3.5017306e-02  3.5386249e-02  3.4556325e-02
  3.3443203e-02  3.2600692e-02  3.1970579e-02  3.1666142e-02  3.1572530e-02
  3.1168974e-02  3.0217904e-02  2.9246381e-02  2.8737413e-02  2.8361391e-02
  2.8130900e-02  2.7966488e-02  2.7823317e-02  2.8039648e-02  2.8492763e-02
  2.8467590e-02  2.7979075e-02  2.7452014e-02  2.6875393e-02  2.6330239e-02
  2.5811045e-02  2.4656230e-02  2.3342511e-02  2.2994021e-02  2.3128540e-02
  2.2599119e-02  2.1766834e-02  2.0866897e-02  1.9549245e-02  1.8580868e-02
  1.8216646e-02  1.7550346e-02  1.6750315e-02  1.6181561e-02  1.5671020e-02
  1.5097546e-02  1.4174009e-02  1.2865796e-02  1.2198710e-02  1.2082284e-02
  1.1663782e-02  1.1078508e-02  1.0144745e-02  8.5077093e-03  6.9258968e-03
  5.7544053e-03  4.9144116e-03  4.3233952e-03  3.8221366e-03  3.5307583e-03
  3.5253304e-03  3.2629799e-03  2.6891126e-03  2.2475614e-03  1.2376495e-03
 -7.9373820e-04 -2.6900566e-03 -4.5723726e-03 -7.3753147e-03 -1.0259597e-02
 -1.2130271e-02 -1.3540749e-02 -1.4658590e-02 -1.5479075e-02 -1.6476558e-02
 -1.7941315e-02 -1.9945721e-02 -2.1895060e-02 -2.3387351e-02 -2.4427313e-02
 -2.4091410e-02 -2.2855570e-02 -2.2163310e-02 -2.1442731e-02 -1.9884361e-02
 -1.7589679e-02 -1.4354940e-02 -1.1954846e-02 -1.3174953e-02 -1.7433134e-02
 -2.1585116e-02 -2.3768880e-02 -2.4959094e-02 -2.7360761e-02 -3.1301133e-02
 -3.6173694e-02 -4.1242920e-02 -4.4714443e-02 -4.5380743e-02 -4.4542165e-02
 -4.4133889e-02 -4.4622404e-02 -4.6849434e-02 -5.1870673e-02 -5.7552706e-02
 -6.1289333e-02 -6.3588735e-02 -6.5791378e-02 -6.8137193e-02 -7.1294840e-02
 -7.3904972e-02 -7.4540592e-02 -7.2340308e-02 -6.6927313e-02 -6.4456419e-02
 -6.8637508e-02 -7.5796885e-02 -8.4447766e-02 -9.3360604e-02 -1.0001573e-01
 -1.0352423e-01 -1.0434235e-01 -1.0525488e-01 -1.0916457e-01 -1.1541850e-01
 -1.2094084e-01 -1.2240403e-01 -1.1488357e-01 -9.4988987e-02 -7.0778792e-02
 -4.7203430e-02 -2.1842354e-02 -4.4672750e-03  1.7254563e-03  9.5280050e-03
  2.3847546e-02  3.4645217e-02  3.4469006e-02  3.2632159e-02  3.1028949e-02
  1.9565765e-02  3.0759912e-04 -1.9047357e-02 -3.6880900e-02 -5.2907489e-02
 -6.3613121e-02 -7.2345815e-02 -9.2432347e-02 -1.2243549e-01 -1.4520138e-01
 -1.5202171e-01 -1.4609817e-01 -1.2830396e-01 -1.0143958e-01 -7.3356671e-02
 -4.7906702e-02 -2.8847546e-02 -1.1994965e-02  9.0497168e-03  2.6918660e-02
  3.7295469e-02  4.2617999e-02  3.9666457e-02  3.0184078e-02  3.2090938e-02
  4.9365167e-02  5.9086690e-02  4.9300661e-02  2.9424166e-02  1.0120359e-02
 -2.8291378e-03 -1.5047986e-02 -3.7901196e-02 -6.9377753e-02 -9.7120831e-02
 -1.1514317e-01 -1.2577093e-01 -1.3255192e-01 -1.4373033e-01 -1.6356199e-01
 -1.8018408e-01 -1.8775960e-01 -1.9000157e-01 -1.8865639e-01 -1.8946665e-01
 -1.7628225e-01 -1.1493077e-01 -1.5578980e-02  8.8522656e-02  1.8740560e-01
  2.6316079e-01  3.0303650e-01  3.2687225e-01  3.5176998e-01  3.6671649e-01
  3.4181875e-01  2.6782568e-01  1.6882473e-01  7.2376495e-02 -4.0155758e-04
 -4.9471366e-02 -1.0051133e-01 -1.6756608e-01 -2.4401353e-01 -3.1331026e-01
 -3.6261800e-01 -3.9974827e-01 -4.3905758e-01 -4.8118313e-01 -5.1538704e-01
 -5.3012901e-01 -5.3278792e-01 -5.3221366e-01 -5.1078508e-01 -4.5622247e-01
 -3.8246539e-01 -2.9541378e-01 -1.9128383e-01 -8.3385777e-02  2.9394273e-02
  1.4320327e-01  2.1508024e-01  2.6286973e-01  3.1199654e-01  2.9748269e-01
  2.2217590e-01  1.4699497e-01  7.4048143e-02 -4.6153241e-04 -6.8480176e-02
 -1.2518880e-01 -1.6203587e-01 -1.6994179e-01 -1.4703430e-01 -9.2219950e-02
 -1.3432190e-02  6.1792794e-02  1.2180617e-01  1.8368471e-01  2.6054122e-01
  3.4306954e-01  4.2437854e-01  5.0560101e-01  5.6463971e-01  5.9839522e-01
  6.0980176e-01  5.7400881e-01  5.0527061e-01  4.2730491e-01  3.4549245e-01
  2.7196350e-01  2.2271082e-01  2.0242291e-01  2.1061989e-01  2.4288074e-01
  2.6710982e-01  2.5412996e-01  2.1467118e-01  1.7463814e-01  1.4423379e-01
  1.1886407e-01  9.3761800e-02  7.6316079e-02  7.9452486e-02  1.0232851e-01
  1.2441001e-01  1.2541693e-01  1.1305853e-01  1.0545941e-01  7.3825519e-02
 -4.7964915e-03 -8.2292322e-02 -1.2765890e-01 -1.6814034e-01 -2.1874607e-01
 -2.7411108e-01 -3.3584802e-01 -3.9763216e-01 -4.4042637e-01 -4.5511328e-01
 -4.2716331e-01 -3.6100535e-01 -3.0901510e-01 -2.8871932e-01 -2.8024701e-01
 -2.6710195e-01 -2.2846916e-01 -1.8793266e-01 -1.7904342e-01 -1.6684235e-01
 -1.2540906e-01 -8.2410321e-02 -5.3183606e-02 -3.2529106e-02 -1.5720579e-02
 -1.4568125e-02 -2.8063247e-02 -5.4447766e-02 -1.0205318e-01 -1.6387665e-01
 -2.5648993e-01 -3.7086218e-01 -4.5810258e-01 -4.9885935e-01 -4.8993864e-01
 -4.6074575e-01 -4.5286344e-01 -4.5162838e-01 -4.3359031e-01 -4.1020296e-01
 -4.0119572e-01 -3.9013531e-01 -3.3889239e-01 -2.4516992e-01 -1.3358244e-01
 -3.1166614e-02  4.8582442e-02  1.1942259e-01  2.0447609e-01  3.1242133e-01
  4.2203430e-01  4.9575205e-01  5.3505349e-01  5.6460824e-01  5.8584015e-01
  5.9584644e-01  5.7841410e-01  5.2486627e-01  4.6705475e-01  4.1556010e-01
  3.4051290e-01  2.2662052e-01  8.8947451e-02 -4.7407961e-02 -1.4445406e-01
 -1.7470107e-01 -1.6655916e-01 -1.5873977e-01 -1.5227344e-01 -1.5943990e-01
 -1.7931089e-01 -1.6954059e-01 -1.0706419e-01 -1.4390340e-02  4.7654185e-02
  4.8867212e-02  1.2260069e-02 -1.4217275e-02  3.5427942e-02  1.6404185e-01
  3.0710352e-01  4.2411894e-01  4.9106356e-01  4.9439113e-01  4.6155601e-01
  4.2667558e-01  3.9810415e-01  3.5962083e-01  2.9168502e-01  1.8931718e-01
  5.7672278e-02 -9.3494336e-02 -2.3239459e-01 -2.8913625e-01 -2.1414412e-01
 -6.4372247e-02  7.0232064e-02  1.6891126e-01  2.1520610e-01  1.9994493e-01
  1.6215387e-01  1.2977502e-01  1.1744021e-01  1.3007395e-01  1.4221995e-01
  1.1209880e-01  3.3970264e-02  6.7193203e-03  9.0882631e-02  2.1180774e-01
  3.1218534e-01  3.5037760e-01  2.9963814e-01  2.2996381e-01  2.1655916e-01
  2.5239931e-01  3.0197451e-01  3.1873820e-01  2.4323474e-01  9.4461926e-02
 -3.5394902e-02 -7.0942417e-02 -2.1760541e-02  2.8540749e-02  2.3807426e-02
 -4.4266834e-02 -1.5786658e-01 -2.4777376e-01 -2.7708464e-01 -3.0129012e-01
 -3.4122876e-01 -3.5891284e-01 -3.2478760e-01 -2.4075677e-01 -1.5467275e-01
 -9.5728446e-02 -3.9432819e-02 -4.3612335e-03 -3.6726715e-04  3.9362807e-02
  1.1935966e-01  1.8002675e-01  1.9271554e-01  1.8630428e-01  1.8797986e-01
  1.6060415e-01  7.3848332e-02 -5.2665985e-02 -1.7343455e-01 -2.5823631e-01
 -2.8828666e-01 -2.3263845e-01 -1.3895532e-01 -6.0172278e-02  4.1444305e-02
  1.5523914e-01  2.2595186e-01  2.6677155e-01  3.1884047e-01  3.7717904e-01
  4.4194462e-01  5.0188011e-01  5.1167401e-01  4.7865009e-01  4.4177942e-01
  4.1822687e-01  4.0018093e-01  3.7120831e-01  3.1383732e-01  2.0969950e-01
  8.4109503e-02 -2.1070642e-02 -7.0710352e-02 -7.4454059e-02 -8.5792952e-02
 -1.1509597e-01 -1.5151825e-01 -1.9592511e-01 -2.3850692e-01 -2.6913940e-01
 -2.7123191e-01 -2.5575047e-01 -2.4818282e-01 -2.4528792e-01 -2.4410006e-01
 -2.3932505e-01 -2.1544997e-01 -1.9946507e-01 -2.3894745e-01 -3.1822687e-01
 -4.1453744e-01 -4.8617841e-01 -5.0746539e-01 -5.2613279e-01 -5.4311674e-01
 -5.3951385e-01 -5.3008181e-01 -5.1345186e-01 -4.7375708e-01 -4.3207206e-01
 -4.0638767e-01 -3.7551919e-01 -3.6253147e-01 -4.0914884e-01 -4.6908433e-01
 -4.7362335e-01 -4.6892700e-01 -4.7983795e-01 -4.7520453e-01 -4.9513845e-01
 -5.1100535e-01 -4.9575205e-01 -4.8660321e-01 -4.7461454e-01 -4.5490088e-01
 -3.9944147e-01 -2.8908118e-01 -1.6615009e-01 -1.5792165e-02  1.4480806e-01
  2.3744493e-01  3.0323317e-01  3.8217432e-01  4.1730648e-01  4.4877281e-01
  4.9920548e-01  5.0383889e-01  5.1795154e-01  5.8156860e-01  6.3365324e-01
  6.7872089e-01  6.5000000e-01  5.8270138e-01  6.4572058e-01  6.7570799e-01
  5.5742605e-01  3.6469478e-01  1.3513216e-01 -3.4621617e-02 -1.0383889e-01
 -1.8806639e-01 -2.3466803e-01 -2.1110761e-01 -1.8243392e-01 -9.6113908e-02
 -3.1611863e-02 -4.1285400e-02 -3.3002675e-02 -3.7301762e-04  4.4126809e-02
  9.3974198e-02  1.3236312e-01  1.5856671e-01  1.9691630e-01  3.1289333e-01
  4.7696665e-01  5.7724984e-01  6.1910006e-01  6.2985368e-01  5.7994021e-01
  5.7536973e-01  6.4064663e-01  6.6199654e-01  6.4177155e-01  6.1582756e-01
  5.5229704e-01  4.3107300e-01  3.1943833e-01  2.4365167e-01  1.4859975e-01
  1.7544053e-02 -1.1342039e-01 -2.4085903e-01 -3.4044997e-01 -3.3986784e-01
 -2.6684235e-01 -2.1886407e-01 -1.8127753e-01 -9.0520768e-02  1.1809314e-02
  6.8135620e-02  5.0930617e-02 -8.3354311e-02 -2.7459880e-01 -3.7713184e-01
 -3.7635305e-01 -2.7090938e-01 -7.5098332e-02  5.0993549e-02  8.9207048e-02
  1.0872404e-01  1.0958936e-01  1.3960038e-01  1.7059471e-01  1.5525488e-01
  7.9617684e-02 -7.7240403e-02 -2.2824890e-01 -3.1352266e-01 -3.1792008e-01
 -2.0962870e-01 -1.3617841e-01 -8.5619887e-02  6.1526904e-02  1.3759440e-01
  1.2744651e-01  1.5770138e-01  1.9362807e-01  2.0633260e-01  2.1841567e-01
  2.5534141e-01  2.7203430e-01  2.2280522e-01  1.5002360e-01  7.4931561e-02
 -3.9576778e-03 -4.1568597e-02 -2.4690057e-02  2.4255035e-02  7.5457835e-02
  4.3285085e-02 -8.7940529e-02 -1.6272026e-01 -1.3670548e-01 -9.7962555e-02
 -8.7673065e-02 -1.6258653e-01 -3.0132159e-01 -4.4041850e-01 -6.0922750e-01
 -7.8661894e-01 -9.0269037e-01 -9.7411894e-01 -1.0000000e+00 -9.6066709e-01
 -9.0284770e-01 -8.8451857e-01 -8.7224670e-01 -8.0317810e-01 -7.0599434e-01
 -5.4503619e-01 -3.9575205e-01 -2.9107143e-01 -1.5998269e-01 -1.2193203e-02
  1.7216803e-01  3.8236312e-01  5.8532882e-01  6.9502045e-01  6.3011328e-01
  5.0276117e-01  3.5195091e-01  1.7584172e-01  6.5058999e-02  1.4979547e-02
  9.0103839e-03  2.1227974e-02 -2.4230648e-02 -1.6038389e-01 -3.1054122e-01
 -4.1109975e-01 -4.5274544e-01 -4.3094714e-01 -3.3071114e-01 -1.9364380e-01
 -1.0969950e-01 -9.2983008e-02 -8.1159534e-02 -3.7819383e-02  6.5932190e-02
  2.3099434e-01  3.7855570e-01  4.5673379e-01  4.4796256e-01  4.0163625e-01
  4.2555853e-01  4.7320642e-01  4.6955632e-01  4.6530050e-01  4.7654972e-01
  4.7451227e-01  4.5696979e-01  4.0864537e-01  3.2516520e-01  2.0107772e-01
  6.8130113e-02 -7.9428886e-03 -6.1876967e-02 -1.1227187e-01 -7.1467118e-02
  4.7748584e-02  1.7543266e-01  2.9498899e-01  3.1913153e-01  2.8491976e-01
  2.9318754e-01  2.7357615e-01  2.2845343e-01  1.5699339e-01  7.8799559e-02
  7.4804122e-02  8.7924795e-02  6.1648836e-02  9.5508181e-03 -1.8211926e-02
  4.5066866e-02  1.6032096e-01  2.5121932e-01  2.8982064e-01  2.5436595e-01
  1.4627124e-01  5.3522656e-02  3.0184078e-02 -4.9674323e-03 -8.3000315e-02
 -1.5843298e-01 -1.9564191e-01 -1.7488987e-01 -1.4682977e-01 -1.5081026e-01
 -1.6836847e-01 -1.7773757e-01 -1.5700126e-01 -1.2393014e-01 -9.7994021e-02
 -6.3255979e-02 -5.0401982e-02 -8.5029893e-02 -1.0885777e-01 -1.2769824e-01
 -2.2420548e-01 -3.2102738e-01 -2.9926841e-01 -1.8233166e-01 -4.3072687e-02
  2.7740717e-02 -1.1686595e-02 -1.3584802e-01 -2.7662838e-01 -3.4870201e-01
 -3.5818911e-01 -3.4933921e-01 -3.2230176e-01 -2.7724198e-01 -2.2547986e-01
 -1.7697451e-01 -1.3322845e-01 -6.6925739e-02  1.3999371e-02  5.2426841e-02
  6.5737885e-02  1.2702171e-01  2.1658276e-01  2.7440214e-01  3.1599276e-01
  3.1221680e-01  2.4011957e-01  1.8865639e-01  1.6559943e-01  1.0962870e-01
  1.7613279e-02 -4.3846759e-02 -4.9664097e-02 -4.7234110e-02 -6.3300031e-02
 -1.0383103e-01 -1.3801133e-01 -1.5217904e-01 -1.8333858e-01 -2.0037760e-01
 -1.7975928e-01 -1.9457206e-01 -2.4929987e-01 -2.8569069e-01 -3.1936753e-01
 -3.6893486e-01 -3.8833386e-01 -3.3071114e-01 -2.2127124e-01 -9.1275960e-02
  3.3102580e-02  1.0496381e-01  1.6589050e-01  2.1354626e-01  1.8249685e-01
  1.2913782e-01  1.0502675e-01  1.1478918e-01  1.1264947e-01  5.3748427e-02
 -4.7320642e-03 -4.4860761e-02 -7.4535872e-02 -7.3775173e-02 -4.9692417e-02
 -9.8733480e-03  3.4928414e-02  7.2919289e-02  9.2825677e-02  7.4580711e-02
  3.8004248e-02  1.0569541e-02 -1.3558055e-02 -1.6710195e-02  1.5764632e-02
  6.7451227e-02  1.1158748e-01  1.3490403e-01  1.5885777e-01  1.6487571e-01
  1.6017936e-01  2.3019981e-01  3.4497325e-01  4.2612492e-01  4.7510227e-01
  4.9206262e-01  5.0314663e-01  4.9764789e-01  4.2626652e-01  3.1906860e-01
  2.2165670e-01  1.4594084e-01  7.5030680e-02 -2.2077565e-02 -1.1605570e-01
 -1.5367369e-01 -1.2388295e-01 -3.6128855e-02  5.4468219e-02  7.9664884e-02
  4.2759597e-02 -6.8756293e-03 -2.8248899e-02 -1.6736155e-02 -2.5759125e-02
 -9.0465702e-02 -1.4783669e-01 -1.4309314e-01 -1.2471680e-01 -1.3492763e-01
 -1.7888609e-01 -2.5202171e-01 -2.8277218e-01 -2.5495595e-01 -2.2497640e-01
 -2.0616740e-01 -2.0570327e-01 -2.1150094e-01 -1.7650252e-01 -8.7122404e-02
  1.3366111e-02  9.3006608e-02  1.3633575e-01  1.3458150e-01  1.2314349e-01
  1.2145217e-01  1.0189585e-01  5.0034613e-02 -1.5162838e-02 -6.6060415e-02
 -7.4332127e-02 -4.5790592e-02 -2.0078666e-02 -1.1164254e-02 -3.4431246e-03
  1.9574418e-02  6.1966646e-02  1.3879799e-01  2.3602108e-01  2.8683921e-01
  2.8958464e-01  2.8494336e-01  2.6519824e-01  2.3364537e-01  2.1017936e-01
  2.0278477e-01  1.8799559e-01  1.0408276e-01 -3.2802077e-02 -1.3429830e-01
 -1.8093927e-01 -1.9051290e-01 -1.5853524e-01 -9.3706734e-02 -2.8860919e-02
  4.3543109e-03 -9.6593770e-03 -9.6294840e-02 -2.6541064e-01 -4.3666614e-01
 -5.4782096e-01 -6.0546728e-01 -5.6396318e-01 -4.7619572e-01 -4.4893014e-01
 -4.1596130e-01 -3.5274544e-01 -3.0557741e-01 -2.4580711e-01 -1.7455160e-01
 -1.1290906e-01 -5.8978131e-02 -1.0879484e-02  1.6117841e-02  1.0746539e-02
 -9.5563247e-03 -1.5853524e-02  1.7861076e-02  6.7384361e-02  8.4542165e-02
  6.4336060e-02  2.3571429e-02 -1.8918345e-02 -5.8473096e-02 -9.8064821e-02
 -1.2620359e-01 -1.1695249e-01 -4.2555853e-02  6.1408905e-02  1.3458150e-01
  1.9686910e-01  2.8369257e-01  3.5853524e-01  3.8347231e-01  3.6744021e-01
  3.3946665e-01  3.2245123e-01  3.1422278e-01  3.0549087e-01  2.9633417e-01
  2.8890812e-01  2.7780050e-01  2.5631687e-01  2.3883732e-01  2.3403084e-01
  2.2485053e-01  2.0861391e-01  1.8408590e-01  1.3123033e-01  8.0066079e-02
  7.1507237e-02  8.4542165e-02  1.0220264e-01  1.2997168e-01  1.4263688e-01
  1.1750315e-01  7.8893958e-02  5.1666142e-02  2.0018093e-02 -2.7363908e-02
 -6.9328194e-02 -1.0073946e-01 -1.2736784e-01 -1.4177942e-01 -1.3418817e-01
 -1.0328037e-01 -9.3415670e-02 -1.5645846e-01 -2.6165828e-01 -3.4451699e-01
 -3.7007552e-01 -3.3810573e-01 -2.8972624e-01 -2.4580711e-01 -2.0527848e-01
 -1.9146476e-01 -2.0597074e-01 -2.2184550e-01 -2.1759755e-01 -1.8979704e-01
 -1.5940057e-01 -1.3036501e-01 -8.8491189e-02 -4.2442574e-02 -8.4109503e-03
  8.2056325e-03  1.1513531e-02  2.4849748e-02  4.5527848e-02  4.2801290e-02
  3.8448710e-02  6.0133732e-02  9.0662366e-02  1.2450441e-01  1.6252360e-01
  1.9821429e-01  2.3589522e-01  2.6856514e-01  2.6610289e-01  2.1397105e-01
  1.4304594e-01  9.4202329e-02  8.5509755e-02  1.0521554e-01  1.1398678e-01
  9.4359660e-02  6.0206104e-02  1.8087634e-02 -2.2215230e-02 -4.8034141e-02
 -6.3071114e-02 -6.0679673e-02 -4.0626180e-02 -2.6275960e-02 -2.3372404e-02
 -1.5862177e-02  9.4005664e-03  4.4849748e-02  7.6723568e-02  9.9056010e-02
  1.0360289e-01  9.7529893e-02  9.6373505e-02  9.3974198e-02  9.3895532e-02
  1.0490088e-01  1.0556167e-01  8.3031781e-02  4.3949811e-02 -3.8373977e-04
 -3.9148836e-02 -7.3595028e-02 -1.0319383e-01 -1.2591252e-01 -1.4882001e-01
 -1.8521869e-01 -2.3205632e-01 -2.5378383e-01 -2.3599748e-01 -2.0762272e-01
 -1.8743707e-01 -1.5789018e-01 -1.1311359e-01 -7.5471995e-02 -5.2432347e-02
 -3.9917401e-02 -3.1289333e-02 -1.6724355e-02 -2.9954374e-03 -1.2292322e-02
 -4.4516205e-02 -7.2539333e-02 -8.8499056e-02 -9.7734424e-02 -9.9166142e-02
 -9.8206419e-02 -9.7144430e-02 -9.4052863e-02 -9.2330082e-02 -9.3871932e-02
 -9.3305538e-02 -8.1560730e-02 -5.0630900e-02 -1.2215230e-03  4.6850220e-02
  7.4552391e-02  8.1419132e-02  6.9901668e-02  4.9221208e-02  2.8761013e-02
  3.7919289e-03 -1.9258968e-02 -2.3837319e-02 -1.1580396e-02  1.2362335e-02
  4.8597388e-02  8.5431089e-02  1.1191001e-01  1.2150724e-01  1.1146948e-01
  9.8780680e-02  9.2581812e-02  8.5517621e-02  8.0199811e-02  7.6088735e-02
  6.9413940e-02  6.4434393e-02  6.6747955e-02  7.4791536e-02  7.9948081e-02
  7.7004405e-02  7.2214443e-02  7.0394902e-02  6.8654028e-02  6.8699654e-02
  6.8943518e-02  6.7251416e-02  6.6231907e-02  6.6000629e-02  6.4919761e-02
  5.5200598e-02  4.4037917e-02  4.2053965e-02  3.5355570e-02  1.7206576e-02
 -3.1595343e-03 -1.8895532e-02 -2.5465702e-02 -3.2148364e-02 -4.8780680e-02
 -6.5996696e-02 -7.4811202e-02 -7.5033040e-02 -7.0169918e-02 -6.9246381e-02
 -7.9539018e-02 -8.5722152e-02 -7.4313247e-02 -6.1742448e-02 -5.8276432e-02
 -5.9756136e-02 -6.5482222e-02 -7.0028320e-02 -6.7474040e-02 -6.5651353e-02
 -6.8902612e-02 -6.8306325e-02 -6.0945563e-02 -4.9054437e-02 -3.3000315e-02
 -1.4528792e-02  7.0210038e-03  2.5713499e-02  3.1543424e-02  2.8938798e-02
  2.6231120e-02  2.4192102e-02  2.3500629e-02  2.3529736e-02  1.9699497e-02
  8.4542165e-03 -4.9339207e-03 -1.3927785e-02 -1.8383417e-02 -1.6592196e-02
 -8.5549087e-03  2.6872247e-03  1.4351794e-02  2.0629327e-02  1.9286501e-02
  1.5918030e-02  1.4385620e-02  1.2143644e-02  8.8066394e-03  6.6744808e-03
  5.0880271e-03  7.0365796e-03  1.2190843e-02  1.3483323e-02  1.5081026e-02
  1.9467432e-02  1.9801762e-02  1.7346602e-02  1.3423537e-02  8.4140969e-03
  6.1816394e-03  5.7616425e-03  5.5580554e-03  5.9758496e-03  5.3322058e-03
  3.3986784e-03  2.1955632e-03  1.7488987e-03  9.7286029e-04  5.9452486e-04
  2.2139711e-03  3.8302391e-03  2.7329295e-03  2.0074733e-03  4.8594242e-03
  8.8152926e-03  1.2043738e-02  1.4430459e-02  1.4362807e-02  9.0788232e-03
  2.4306167e-03  2.1320799e-03  5.2643172e-03  6.0603367e-03  5.7433134e-03
  4.7870516e-03  1.2304122e-03 -3.5399622e-03 -7.9334487e-03 -1.2394588e-02
 -1.5271397e-02 -1.6694462e-02 -1.9044210e-02 -2.0822058e-02 -1.8885305e-02
 -1.2718691e-02 -4.0866111e-03  3.5961296e-03  1.0349276e-02  1.7102738e-02
  2.1290906e-02  2.2762744e-02  2.3977344e-02  2.5446035e-02  2.6822687e-02
  2.8042008e-02  2.8592668e-02  2.8131687e-02  2.7565293e-02  2.6766048e-02
  2.4775802e-02  2.1422278e-02  1.6443518e-02  1.0368943e-02  4.9454059e-03
  1.7207363e-03  1.0915670e-03  2.2614065e-03  4.1150881e-03  5.3252045e-03
  5.6489144e-03  5.6485997e-03  5.8249685e-03  7.1507237e-03  9.7286029e-03
  1.2464600e-02  1.4851322e-02  1.6188641e-02  1.5951857e-02  1.4187382e-02
  1.0712712e-02  6.7456734e-03  4.3960038e-03  3.7246696e-03  3.5944777e-03
  2.9558685e-03  1.6253147e-03  7.5648993e-04  8.0207678e-04  4.3442417e-04
 -3.5934550e-04 -4.6780994e-04 -6.6628383e-04 -1.9659377e-03 -3.0298930e-03
 -2.6737728e-03 -2.3179673e-03 -2.6480491e-03 -1.7314349e-03  5.8594242e-04
  3.2875236e-03  5.9080396e-03  7.6453744e-03  8.3692574e-03  8.2835116e-03
  7.6024229e-03  6.9049717e-03  5.9509125e-03  4.6454531e-03  3.6077722e-03
  2.7839836e-03  1.7126337e-03  6.8981278e-04 -4.3915985e-06  1.3241032e-05
  1.3775960e-03  2.9151196e-03  4.3770453e-03  6.5204531e-03  7.5977030e-03
  7.2870516e-03  5.9380113e-03  4.5258811e-03  4.4377753e-03  4.6076935e-03
  4.0493235e-03  2.9981120e-03  1.8768093e-03  9.7120831e-04  1.0569541e-04
 -8.7161737e-04 -1.8745280e-03 -2.3367684e-03 -1.7716331e-03 -6.7806010e-04
 -8.8923851e-06  2.0247797e-04  4.3900252e-04  7.1006136e-04  3.9321901e-04
  4.5058999e-05  3.4560258e-04  2.8335431e-04 -3.5499528e-04 -1.0374449e-03
 -2.4747483e-03 -4.9982694e-03 -8.0978603e-03 -1.0564034e-02 -1.1317653e-02
 -1.1219320e-02 -1.1836060e-02 -1.2426054e-02 -1.1727502e-02 -1.0511328e-02
 -9.5988043e-03 -8.8679987e-03 -8.2520453e-03 -7.1615796e-03 -5.2177470e-03
 -2.9152769e-03 -6.0631687e-04  1.1339679e-03  1.1792794e-03 -3.8997011e-05
 -1.8335431e-03 -3.7946035e-03 -4.8929358e-03 -5.3627281e-03 -5.5317023e-03
 -5.0351636e-03 -4.3753933e-03 -3.8764947e-03 -3.2666772e-03 -2.3810573e-03
 -1.8677627e-03 -1.8415670e-03 -1.3145060e-03  2.1048615e-04  1.9483952e-03
  3.2257709e-03  4.1160321e-03  4.2655758e-03  3.2377281e-03  1.4614537e-03
 -3.7947609e-04 -1.8174166e-03 -2.0309157e-03 -5.7833543e-04  9.2975142e-04
  1.2300189e-03  1.0281624e-03  1.0342196e-03  1.1154028e-03  9.5350850e-04
  5.3989931e-04  2.1148521e-04 -4.0500315e-05  3.5449969e-04  2.2979862e-03
  5.0405129e-03  6.9068597e-03  7.6820327e-03  8.1985525e-03  9.3911265e-03
  1.1319226e-02  1.2952329e-02  1.3792480e-02  1.3859346e-02  1.2738357e-02
  1.0626967e-02  8.6839207e-03  7.4621617e-03  6.2661265e-03  4.8691787e-03
  3.7770610e-03  2.8440057e-03  1.6943046e-03  4.6800661e-04 -9.3470736e-04
 -2.2931875e-03 -3.1245280e-03 -3.5510541e-03 -3.9828508e-03 -4.3104940e-03
 -4.1454531e-03 -3.4126023e-03 -2.6304279e-03 -2.0683606e-03 -1.5977030e-03
 -1.2754091e-03 -1.4620831e-03 -2.2604626e-03 -3.1585116e-03 -4.1847860e-03
 -5.5340623e-03 -6.7605412e-03 -7.6470264e-03 -7.7386721e-03 -7.2708464e-03
 -7.3438483e-03 -8.0986469e-03 -8.7122404e-03 -8.8805853e-03 -9.2424481e-03
 -1.0204531e-02 -1.1165828e-02 -1.1191787e-02 -1.0067653e-02 -8.4927627e-03
 -6.6645689e-03 -4.4946507e-03 -2.4149622e-03 -7.7957835e-04  4.0812618e-04
  1.3147420e-03  1.8472310e-03  1.4702643e-03  8.4550031e-04  1.2924795e-03
  2.3622561e-03  3.1644902e-03  3.9167716e-03  4.4998427e-03  4.6081655e-03
  4.3624921e-03  4.1124921e-03  3.9986627e-03  3.5243077e-03  2.4234581e-03
  1.0467275e-03 -3.6718062e-04 -1.1990245e-03 -1.4309314e-03 -1.6467118e-03
 -1.8478603e-03 -2.2379641e-03 -2.9111076e-03 -3.5412996e-03 -4.3264632e-03
 -5.2210510e-03 -5.9459566e-03 -6.5189585e-03 -6.7622719e-03 -6.3828666e-03
 -5.5758339e-03 -4.6219320e-03 -3.7647892e-03 -2.8251259e-03 -1.4773442e-03
 -3.2315922e-06  9.4265261e-04  1.2089364e-03  1.3294525e-03  1.4956734e-03
  1.2589679e-03  8.6430145e-04  7.8253619e-04  6.7089364e-04  4.8673694e-04
  4.2971208e-04  3.7157804e-04  2.7556639e-04 -7.1308999e-05 -6.4658590e-04
 -1.0486155e-03 -1.0729232e-03 -8.9427313e-04 -6.9481592e-04 -6.0130585e-04
 -7.8420390e-04 -1.2691945e-03 -1.9188169e-03 -2.2873663e-03 -1.8401510e-03
 -8.5360289e-04  8.8388924e-05  9.5366583e-04  1.8949025e-03  2.7897262e-03
  3.4286501e-03  3.6238200e-03  3.3064821e-03  2.5852738e-03  1.5810258e-03
  2.0682033e-04 -1.0658433e-03 -2.0912524e-03 -3.3818439e-03 -4.5991189e-03
 -5.3960038e-03 -6.1032882e-03 -6.6866740e-03 -7.1367212e-03 -7.5446035e-03
 -7.8925425e-03 -8.1159534e-03 -8.1301133e-03 -7.9389553e-03 -7.5534141e-03
 -6.9363593e-03 -6.2827250e-03 -5.6996539e-03 -5.2023285e-03 -4.8883732e-03
 -4.7846130e-03 -5.1023442e-03 -5.8092354e-03 -6.3207206e-03 -6.6841567e-03
 -7.2438641e-03 -7.9232222e-03 -8.5352423e-03 -8.9741976e-03 -9.5665513e-03
 -1.0486155e-02 -1.1215387e-02 -1.1814821e-02 -1.2304122e-02 -1.2345028e-02
 -1.1976086e-02 -1.1289333e-02 -1.0289490e-02 -8.8152926e-03 -6.9335274e-03
 -5.2605412e-03 -4.0897577e-03 -3.4370673e-03 -3.0392542e-03 -2.6681089e-03
 -2.1815607e-03 -1.5066079e-03 -5.8923851e-04  6.3067967e-04  1.8351164e-03
  2.8460510e-03  3.7437854e-03  4.3380271e-03  4.6615796e-03  5.0586847e-03
  5.5597074e-03  5.9885935e-03  6.3936438e-03  7.1792794e-03  8.4235368e-03
  9.3541536e-03  1.0057426e-02  1.1090308e-02  1.2289176e-02  1.3411737e-02
  1.4389553e-02  1.4998427e-02  1.5053493e-02  1.4786816e-02  1.4464286e-02
  1.3941158e-02  1.3140340e-02  1.2075991e-02  1.0923537e-02  9.9032410e-03
  8.8168660e-03  7.4307741e-03  6.0902297e-03  5.2231750e-03  4.5986469e-03
  4.0156545e-03  3.6591410e-03  3.6475771e-03  4.1116268e-03  5.0740245e-03
  6.3483323e-03  7.5038546e-03  8.3708307e-03  9.1905286e-03  9.9646004e-03
  1.0421649e-02  1.0453902e-02  1.0003933e-02  9.2298615e-03  8.3582442e-03
  7.2724198e-03  5.8455790e-03  4.1250000e-03  2.1614223e-03  7.8093927e-05
 -2.0451542e-03 -4.0120359e-03 -5.6711768e-03 -7.0226558e-03 -8.0396476e-03
 -8.7680931e-03 -9.2629012e-03 -9.3667401e-03 -9.0355570e-03 -8.2803650e-03
 -7.2921649e-03 -6.2342668e-03 -4.9451699e-03 -3.5461768e-03 -2.3086060e-03
 -1.2131057e-03 -3.0961296e-04  3.2963342e-04  7.5811045e-04  1.0472782e-03
  1.0342196e-03  5.7899622e-04 -2.2044525e-04 -1.2866583e-03 -2.5940057e-03
 -4.0290277e-03 -5.4372247e-03 -6.6795154e-03 -7.6697609e-03 -8.4219635e-03
 -9.0953430e-03 -9.6467904e-03 -9.9126809e-03 -9.8890812e-03 -9.4965387e-03
 -8.8089994e-03 -8.1757395e-03 -7.4037917e-03 -6.3669761e-03 -5.3308685e-03
 -4.3223726e-03 -3.2825677e-03 -2.2863436e-03 -1.3686281e-03 -6.0569541e-04
 -1.0473568e-04  8.5391756e-05  1.8388137e-06 -3.4715230e-04 -9.3132473e-04
 -1.6991032e-03 -2.5329610e-03 -3.3447137e-03 -4.1527690e-03 -4.8191473e-03
 -5.3270138e-03 -5.8747640e-03 -6.3834959e-03 -6.6993392e-03 -6.7090151e-03
 -6.5415356e-03 -6.3739773e-03 -6.1825834e-03 -5.9104783e-03 -5.4967747e-03
 -5.0108559e-03 -4.5479075e-03 -4.1581970e-03 -3.8580868e-03 -3.5961296e-03
 -3.4201542e-03 -3.3091567e-03 -3.2150724e-03 -3.0483795e-03 -2.7452801e-03
 -2.3993077e-03 -2.0590780e-03 -1.6851794e-03 -1.3977344e-03 -1.3070327e-03
 -1.3248899e-03 -1.3185966e-03 -1.2878383e-03 -1.2412681e-03 -1.1406545e-03
 -1.1247640e-03 -1.2750157e-03 -1.4906388e-03 -1.8031781e-03 -2.1220107e-03
 -2.4713656e-03 -2.7388295e-03 -2.7434707e-03 -2.7628225e-03 -2.8831026e-03
 -2.9135463e-03 -2.6795941e-03 -2.2862649e-03 -2.0591567e-03 -1.6922593e-03
 -9.5468848e-04 -1.9435179e-04  5.7710824e-04  1.5132159e-03  2.3539962e-03
  2.9911894e-03  3.6307426e-03  4.2190057e-03  4.6226400e-03  4.9033984e-03
  5.1388452e-03  5.3842039e-03  5.6168188e-03  5.7798143e-03  5.7054751e-03
  5.4993707e-03  5.3532882e-03  4.9086690e-03  4.0346916e-03  3.2244336e-03
  2.5423222e-03  1.6695249e-03  7.8092354e-04  6.3849906e-05 -5.3481750e-04
 -9.9921334e-04 -1.2961768e-03 -1.3126967e-03 -1.0974670e-03 -7.4749056e-04
 -2.0787445e-04  4.6430145e-04  1.2222310e-03  2.0195091e-03  2.9266048e-03
  3.9845028e-03  4.8157646e-03  5.4122876e-03  5.9215702e-03  6.3141126e-03
  6.5159692e-03  6.4690057e-03  6.2426841e-03  5.8473096e-03  5.2761171e-03
  4.6191001e-03  3.9453272e-03  3.3111233e-03  2.6954846e-03  2.0932977e-03
  1.5613593e-03  1.1360132e-03  7.7396948e-04  5.5476715e-04  4.5449969e-04
  4.7447294e-04  8.0223411e-04  1.3729547e-03  2.1121775e-03  3.0112492e-03
  3.9501259e-03  4.8666614e-03  5.6459251e-03  6.1275173e-03  6.5626180e-03
  7.1078508e-03  7.3230806e-03  7.2319855e-03  7.0265890e-03  6.6082442e-03
  5.9859188e-03  5.1901353e-03  4.2770610e-03  3.3202486e-03  2.3314978e-03
  1.3576149e-03  4.7826463e-04 -2.5464915e-04 -8.0042480e-04 -1.1707048e-03
 -1.3784613e-03 -1.3508496e-03 -1.0269824e-03 -4.5055853e-04  9.6507237e-05
  5.7694305e-04  1.0789805e-03  1.5607300e-03  2.0168345e-03  2.4115796e-03
  2.6475771e-03  2.6951699e-03  2.5663940e-03  2.2615639e-03  1.8849119e-03
  1.5003933e-03  8.9828508e-04  1.8693361e-04 -5.3032568e-04 -1.3930931e-03
 -2.3018408e-03 -3.1551290e-03 -3.9785242e-03 -4.7292322e-03 -5.4137823e-03
 -6.0388609e-03 -6.5612807e-03 -6.9872561e-03 -7.3322058e-03 -7.5358716e-03
 -7.6497797e-03 -7.6822687e-03 -7.5427155e-03 -7.2622719e-03 -6.9439899e-03
 -6.6367212e-03 -6.4089836e-03 -6.2724984e-03 -6.2204216e-03 -6.2463814e-03
 -6.3361391e-03 -6.4764003e-03 -6.6718062e-03 -6.9059943e-03 -7.2029578e-03
 -7.5367369e-03 -7.8500629e-03 -8.0852738e-03 -8.2205790e-03 -8.2072058e-03
 -8.0380743e-03 -7.7406388e-03 -7.3011328e-03 -6.7186123e-03 -6.0001573e-03
 -5.1452958e-03 -4.2223883e-03 -3.2971995e-03 -2.4341567e-03 -1.6356986e-03
 -8.9529578e-04 -2.1932819e-04  3.5021240e-04  8.1482064e-04  1.1357772e-03
  1.3799559e-03  1.6213027e-03  1.7192417e-03  1.7964128e-03  1.9848175e-03
  2.0066866e-03  1.8913625e-03  1.7672278e-03  1.6585116e-03  1.6028162e-03
  1.6295626e-03  1.7888609e-03  2.1059629e-03  2.5872404e-03  3.2436281e-03
  4.0307583e-03  4.9314034e-03  5.9008811e-03  6.9011171e-03  7.8901825e-03
  8.7964128e-03  9.5657646e-03  1.0099119e-02  1.0335116e-02  1.0429515e-02
  1.0320170e-02  9.9142542e-03  9.2636879e-03  8.4117369e-03  7.3431403e-03
  6.1264947e-03  4.8850692e-03  3.6493077e-03  2.4151982e-03  1.3738987e-03
  5.7614065e-04 -4.2469320e-05 -4.1950913e-04 -4.9346287e-04 -2.8889239e-04
  1.8774386e-04  9.0001573e-04  1.8156073e-03  2.8670548e-03  4.0049559e-03
  5.1593770e-03  6.2494493e-03  7.1982379e-03  7.9515419e-03  8.4534298e-03
  8.6776274e-03  8.5950283e-03  8.2260856e-03  7.5724512e-03  6.6642542e-03
  5.5678099e-03  4.3381844e-03  2.9992133e-03  1.6289333e-03  2.8318911e-04
 -9.7065765e-04 -2.1036816e-03 -3.0977030e-03 -3.8798773e-03 -4.4377753e-03
 -4.6721208e-03 -4.5151038e-03 -4.2120044e-03 -3.7428414e-03 -3.0204531e-03
 -2.1257867e-03 -1.1146948e-03 -3.0370516e-05  1.0466488e-03  2.0394116e-03
  2.8694147e-03  3.4827722e-03  3.8356671e-03  3.8952958e-03  3.6456891e-03
  3.1065922e-03  2.2300975e-03  1.2333228e-03  2.2262429e-04 -1.0750472e-03
 -2.5151825e-03 -3.8378697e-03 -5.0368156e-03 -6.0288704e-03 -6.7629799e-03
 -7.2046098e-03 -7.3381844e-03 -7.1693675e-03 -6.7218376e-03 -6.0158905e-03
 -5.1037602e-03 -4.0238357e-03 -2.8698867e-03 -1.7058685e-03 -5.5203744e-04
  6.0493235e-04  1.7127911e-03  2.6037602e-03  3.2505507e-03  3.7054751e-03
  3.9041064e-03  3.8362177e-03  3.5101479e-03  2.8716174e-03  2.1137508e-03
  1.3324418e-03  1.7854783e-04 -1.2086218e-03 -2.6109975e-03 -3.9351007e-03
 -5.0758339e-03 -6.1320013e-03 -7.0162052e-03 -7.5805538e-03 -7.8230019e-03
 -7.6887980e-03 -7.2453587e-03 -6.5255664e-03 -5.4685337e-03 -4.1432505e-03
 -2.7000472e-03 -1.2168817e-03  2.5586060e-04  1.6187067e-03  2.8600535e-03
  3.9641284e-03  4.7032725e-03  5.0781152e-03  5.1589050e-03  4.9284928e-03
  4.4099276e-03  3.6501731e-03  2.6875393e-03  1.5834644e-03  3.9470579e-04
 -8.1450598e-04 -1.9915041e-03 -3.0597074e-03 -3.9784456e-03 -4.7150724e-03
 -5.2418188e-03 -5.5218691e-03 -5.5453115e-03 -5.3059314e-03 -4.8108087e-03
 -4.0674166e-03 -3.1139081e-03 -1.9500472e-03 -6.2528320e-04  7.9483952e-04
  2.2662052e-03  3.6893486e-03  4.9996067e-03  6.1720422e-03  7.1339679e-03
  7.8507709e-03  8.2866583e-03  8.4400566e-03  8.3039648e-03  7.8823159e-03
  7.1946193e-03  6.2933449e-03  5.2212083e-03  4.0412209e-03  2.8081340e-03
  1.5918817e-03  4.4942574e-04 -5.6223254e-04 -1.4036344e-03 -2.0243077e-03
 -2.4293581e-03 -2.6146161e-03 -2.5684393e-03 -2.3077407e-03 -1.8600535e-03
 -1.2485840e-03 -5.1165828e-04  3.1905286e-04  1.1994965e-03  2.1066709e-03
  3.0062933e-03  3.8537602e-03  4.6141441e-03  5.2665985e-03  5.7787130e-03
  6.1353052e-03  6.3039648e-03  6.2888609e-03  6.0851951e-03  5.6888767e-03
  5.1060415e-03  4.3499843e-03  3.4540592e-03  2.4679830e-03  1.4280994e-03
  3.7845343e-04 -5.9959094e-04 -1.4498899e-03 -2.1893486e-03 -2.7524386e-03
 -3.1075362e-03 -3.2426841e-03 -3.1376652e-03 -2.8057741e-03 -2.2747011e-03
 -1.5752045e-03 -7.5538074e-04  1.4174795e-04  1.0629327e-03  1.9616897e-03
  2.7913782e-03  3.5125865e-03  4.0844871e-03  4.4971680e-03  4.7321429e-03
  4.7739144e-03  4.6213814e-03  4.2887823e-03  3.7850063e-03  3.1312933e-03
  2.3502989e-03  1.4742763e-03  5.3431403e-04 -4.3032568e-04 -1.3827879e-03
 -2.2824103e-03 -3.0926683e-03 -3.7694305e-03 -4.2891756e-03 -4.6239773e-03
 -4.7676211e-03 -4.7136564e-03 -4.4564978e-03 -4.0173065e-03 -3.4351007e-03
 -2.7409534e-03 -1.9839522e-03 -1.2122404e-03 -4.7990088e-04  1.6781781e-04
  6.8698081e-04  1.0417716e-03  1.2193203e-03  1.2203430e-03  1.0125865e-03
  6.1567023e-04  6.9572845e-05 -5.9269194e-04 -1.3322845e-03 -2.0957363e-03
 -2.8385777e-03 -3.5248584e-03 -4.1160321e-03 -4.5715072e-03 -4.8746853e-03
 -5.0109346e-03 -4.9823002e-03 -4.7960982e-03 -4.4741189e-03 -4.0398836e-03
 -3.5275330e-03 -2.9676683e-03 -2.3957678e-03 -1.8398364e-03 -1.3288232e-03
 -8.8097860e-04 -5.1367999e-04 -2.3480963e-04 -4.6524544e-05  5.5497168e-05
  6.5815765e-05 -5.0505035e-06 -1.4762429e-04 -3.4806482e-04 -5.9566551e-04
 -8.7232536e-04 -1.1627596e-03 -1.4443833e-03 -1.6983952e-03 -1.9002517e-03
 -2.0309157e-03 -2.0685179e-03 -2.0011800e-03 -1.8189899e-03 -1.5255664e-03
 -1.1285400e-03 -6.5023600e-04 -1.1617369e-04  4.3532096e-04  9.6680302e-04
  1.4351794e-03  1.8027061e-03  2.0346916e-03  2.1169761e-03  2.0379956e-03
  1.8003461e-03  1.4190529e-03  9.2849276e-04  3.6496224e-04 -2.2350535e-04
 -7.9287288e-04 -1.2964915e-03 -1.7002045e-03 -1.9747483e-03 -2.1080868e-03
 -2.0967590e-03 -1.9539805e-03 -1.6980019e-03 -1.3658748e-03 -9.7427627e-04
 -5.5536501e-04 -1.7047671e-04  1.5408276e-04  4.1409692e-04  5.8705947e-04
  6.6910006e-04  6.5665513e-04  5.5541221e-04  3.7047671e-04  1.1430931e-04
 -2.0428729e-04 -5.7001259e-04 -9.7215230e-04 -1.3932505e-03 -1.8205632e-03
 -2.2341882e-03 -2.6183921e-03 -2.9510699e-03 -3.2153084e-03 -3.3899465e-03
 -3.4620044e-03 -3.4171649e-03 -3.2520453e-03 -2.9653870e-03 -2.5690686e-03
 -2.0780365e-03 -1.5203744e-03 -9.2566079e-04 -3.3334644e-04  2.1956419e-04
  6.9161422e-04  1.0503461e-03  1.2648678e-03  1.3186753e-03  1.2013845e-03
  9.2046885e-04  4.9051290e-04 -5.7127124e-05 -6.8724040e-04 -1.3533669e-03
 -2.0112492e-03 -2.6128855e-03 -3.1201227e-03 -3.4974040e-03 -3.7245123e-03
 -3.7879956e-03 -3.6908433e-03 -3.4424166e-03 -3.0667086e-03 -2.5895217e-03
 -2.0468848e-03 -1.4716016e-03 -9.0072373e-04 -3.6334959e-04  1.1091882e-04
  5.0330396e-04  7.9680617e-04  9.8607615e-04  1.0672593e-03  1.0471208e-03
  9.3305538e-04  7.4100063e-04  4.8549402e-04  1.8810573e-04 -1.3277218e-04
 -4.5333543e-04 -7.5452329e-04 -1.0129799e-03 -1.2120044e-03 -1.3319698e-03
 -1.3609188e-03 -1.2867369e-03 -1.1065922e-03 -8.1851794e-04 -4.3191473e-04
  4.2213656e-05  5.8194619e-04  1.1647262e-03  1.7591252e-03  2.3363751e-03
  2.8627281e-03  3.3117527e-03  3.6567023e-03  3.8819226e-03  3.9744336e-03
  3.9355727e-03  3.7697451e-03  3.4944147e-03  3.1294840e-03  2.7044525e-03
  2.2474040e-03  1.7924009e-03  1.3671334e-03  1.0013373e-03  7.1552077e-04
  5.2824103e-04  4.4657804e-04  4.7460667e-04  6.0424009e-04  8.2457520e-04
  1.1139081e-03  1.4497325e-03  1.8016834e-03  2.1423851e-03  2.4403713e-03
  2.6715702e-03  2.8114380e-03  2.8464443e-03  2.7658118e-03  2.5708779e-03
  2.2666772e-03  1.8696507e-03  1.3979704e-03  8.7846130e-04  3.3654028e-04
 -1.9771082e-04 -6.9946507e-04 -1.1426211e-03 -1.5093612e-03 -1.7829610e-03
 -1.9563405e-03 -2.0242291e-03 -1.9906388e-03 -1.8602895e-03 -1.6471838e-03
 -1.3640654e-03 -1.0308370e-03 -6.6533984e-04 -2.9073317e-04  7.3252832e-05
  4.0301290e-04  6.8013688e-04  8.8388924e-04  1.0007867e-03  1.0169132e-03
  9.2762744e-04  7.2971208e-04  4.3109660e-04  4.2157804e-05 -4.1590623e-04
 -9.2015419e-04 -1.4387980e-03 -1.9417086e-03 -2.3935651e-03 -2.7653398e-03
 -3.0281624e-03 -3.1634676e-03 -3.1571743e-03 -3.0084172e-03 -2.7216803e-03
 -2.3148993e-03 -1.8096287e-03 -1.2378068e-03 -6.3127753e-04 -2.7219950e-05
  5.4207835e-04  1.0435022e-03  1.4531152e-03  1.7493707e-03  1.9218848e-03
  1.9639711e-03  1.8797986e-03  1.6769981e-03  1.3723254e-03  9.8371617e-04
  5.3659534e-04  5.4900094e-05 -4.3252045e-04 -9.0080239e-04 -1.3221366e-03
 -1.6751101e-03 -1.9373820e-03 -2.0951857e-03 -2.1355412e-03 -2.0555381e-03
 -1.8547042e-03 -1.5428729e-03 -1.1323159e-03 -6.4524072e-04 -1.0509755e-04
  4.5732379e-04  1.0131372e-03  1.5291850e-03  1.9779736e-03  2.3319698e-03
  2.5725299e-03  2.6843140e-03  2.6630743e-03  2.5089679e-03  2.2341095e-03
  1.8540749e-03  1.3942731e-03  8.8113593e-04  3.4783669e-04 -1.7555853e-04
 -6.5624607e-04 -1.0679673e-03 -1.3855412e-03 -1.5933763e-03 -1.6792008e-03
 -1.6415985e-03 -1.4830082e-03 -1.2162524e-03 -8.5667086e-04 -4.2797357e-04
  4.6109188e-05  5.3665828e-04  1.0179358e-03  1.4617684e-03  1.8462083e-03
  2.1493864e-03  2.3571429e-03  2.4571271e-03  2.4458779e-03  2.3219006e-03
  2.0923537e-03  1.7662838e-03  1.3605255e-03  8.9246381e-04  3.8654814e-04
 -1.3478603e-04 -6.4412366e-04 -1.1179987e-03 -1.5309943e-03 -1.8639868e-03
 -2.0990403e-03 -2.2266362e-03 -2.2402454e-03 -2.1428571e-03 -1.9414726e-03
 -1.6518250e-03 -1.2916142e-03 -8.8593455e-04 -4.5885777e-04 -3.8217432e-05
  3.5232064e-04  6.8873505e-04  9.5437382e-04  1.1343612e-03  1.2227816e-03
  1.2166457e-03  1.1216174e-03  9.4540592e-04  7.0318597e-04  4.0995123e-04
  8.6021082e-05 -2.5077879e-04 -5.7958622e-04 -8.8381057e-04 -1.1460038e-03
 -1.3540749e-03 -1.4960667e-03 -1.5660793e-03 -1.5586847e-03 -1.4749843e-03
 -1.3160006e-03 -1.0892857e-03 -8.0215544e-04 -4.6763688e-04 -9.7899622e-05
  2.9006451e-04  6.8150566e-04  1.0579767e-03  1.4048930e-03  1.7059471e-03
  1.9498112e-03  2.1250787e-03  2.2264003e-03  2.2494493e-03  2.1961926e-03
  2.0692259e-03  1.8768880e-03  1.6281466e-03  1.3362964e-03  1.0135305e-03
  6.7586532e-04  3.3654028e-04  1.1718848e-05 -2.8648521e-04 -5.4410006e-04
 -7.5210038e-04 -9.0064506e-04 -9.8607615e-04 -1.0046413e-03 -9.5917244e-04
 -8.5313090e-04 -6.9679830e-04 -5.0007080e-04 -2.7869729e-04 -4.7077565e-05
  1.7703744e-04  3.7916929e-04  5.4370673e-04  6.6048615e-04  7.2023285e-04
