Scaled from
PEER NGA STRONG MOTION DATABASE RECORD
ACCELERATION TIME SERIES IN UNITS OF G
NPTS= 2999.000000, DT= 0.010000, Scalar= 1.000000
  2.2045552e-04  4.1561667e-04  3.4933391e-04  3.7410400e-04  3.6148689e-04
  3.6839708e-04  3.6047271e-04  3.6735711e-04  3.5953588e-04  3.6532875e-04
  3.5803180e-04  3.6189085e-04  3.5434465e-04  3.5596046e-04  3.4731414e-04
  3.4653202e-04  3.3622690e-04  3.3278040e-04  3.2042974e-04  3.1438762e-04
  3.0021487e-04  2.9198109e-04  2.7650193e-04  2.6687581e-04  2.5059734e-04
  2.3990546e-04  2.2313709e-04  2.1186076e-04  1.9470563e-04  1.8270735e-04
  1.6533734e-04  1.5333047e-04  1.3663945e-04  1.2554362e-04  1.1035668e-04
  1.0089385e-04  8.8053287e-05  8.1808337e-05  7.3500645e-05  7.1896003e-05
  6.7028792e-05  6.7283197e-05  6.3685432e-05  6.4901590e-05  6.2172755e-05
  6.4177911e-05  6.2719381e-05  6.7278040e-05  6.9769661e-05  7.7487752e-05
  8.7511818e-05  9.3837559e-05  8.3856468e-05  9.4035239e-05  1.1201547e-04
  1.3033949e-04  1.4569832e-04  1.6488182e-04  1.7970778e-04  1.9830683e-04
  2.1285776e-04  2.3103567e-04  2.4556940e-04  2.6363558e-04  2.7842716e-04
  2.9696605e-04  3.1240223e-04  3.3198109e-04  3.4827675e-04  3.6936829e-04
  3.8755479e-04  4.0837989e-04  4.3218737e-04  4.4520842e-04  4.3315857e-04
  4.4639450e-04  4.7218737e-04  4.9525569e-04  5.1628706e-04  5.4039536e-04
  5.6015471e-04  5.8263859e-04  6.0086807e-04  6.2156425e-04  6.3810056e-04
  6.5700902e-04  6.7204985e-04  6.8970348e-04  7.0399656e-04  7.2118608e-04
  7.3510958e-04  7.5370004e-04  7.6764074e-04  7.8760636e-04  8.0685002e-04
  8.1715514e-04  8.6772669e-04  9.5376021e-04  1.0398797e-03  1.1706059e-03
  1.2339493e-03  1.2415986e-03  1.2656639e-03  1.2880103e-03  1.3045982e-03
  1.3250537e-03  1.3407821e-03  1.3571981e-03  1.3703481e-03  1.3887409e-03
  1.3885690e-03  1.4322303e-03  1.5285776e-03  1.5830683e-03  1.5526429e-03
  1.4849162e-03  1.4666953e-03  1.4908466e-03  1.4987538e-03  1.5128492e-03
  1.5248818e-03  1.5384615e-03  1.5497207e-03  1.5633004e-03  1.5731844e-03
  1.5859046e-03  1.5939837e-03  1.6057585e-03  1.6129781e-03  1.6183928e-03
  1.6348947e-03  1.6139235e-03  1.5325312e-03  1.5098410e-03  1.5220456e-03
  1.5211001e-03  1.5209282e-03  1.5204985e-03  1.5186076e-03  1.5182639e-03
  1.5024495e-03  1.5325312e-03  1.4455522e-03  1.2030082e-03  1.1193812e-03
  1.1494628e-03  1.1345080e-03  1.1337344e-03  1.1306403e-03  1.1251397e-03
  1.1165449e-03  1.1092394e-03  1.0902450e-03  1.0607649e-03  1.0340352e-03
  1.0111732e-03  9.7284057e-04  9.5642458e-04  8.7571981e-04  7.1262570e-04
  6.2794156e-04  6.0403094e-04  5.5574560e-04  5.1796304e-04  4.8017190e-04
  4.4565535e-04  4.1211001e-04  3.8305973e-04  3.5181779e-04  3.2483885e-04
  2.9183498e-04  2.5969059e-04  2.2455522e-04  1.7272024e-04  1.5047701e-04
  1.7125913e-04  1.3327890e-04  6.8126343e-05 -3.8470993e-05 -2.7896863e-05
  1.5296949e-04  1.7697465e-04  1.1849592e-05 -1.7989686e-04 -3.1080361e-04
 -3.8925655e-04 -4.8594757e-04 -5.7498926e-04 -6.6547486e-04 -7.5147400e-04
 -8.3686291e-04 -9.2307692e-04 -9.9510099e-04 -1.0846584e-03 -1.1672540e-03
 -1.1818651e-03 -1.4388483e-03 -1.0697035e-03  1.7636442e-04  5.2232918e-04
  2.9828105e-04  3.0143532e-04  3.0678986e-04  4.8655780e-04  4.8473571e-04
  3.1602063e-04  2.1003008e-04  7.4082510e-05 -6.8128921e-05 -2.1186076e-04
 -3.5796304e-04 -4.6540610e-04 -6.8887838e-04 -5.9187795e-04 -4.6250107e-05
  6.6485604e-05 -1.2872368e-04 -1.9344220e-04 -2.8764933e-04 -3.8464117e-04
 -4.4832832e-04 -6.0950580e-04 -8.7013322e-04 -9.9570262e-04 -1.0646326e-03
 -1.1706919e-03 -1.2745165e-03 -1.3840997e-03 -1.5106145e-03 -1.6256124e-03
 -1.7907177e-03 -2.0148689e-03 -2.1931242e-03 -2.3331328e-03 -2.4935110e-03
 -2.6483025e-03 -2.8030082e-03 -2.9528148e-03 -3.1020198e-03 -3.2348947e-03
 -3.4004297e-03 -3.6116889e-03 -3.7812634e-03 -3.8887838e-03 -3.9925226e-03
 -4.0893855e-03 -4.1854749e-03 -4.2767512e-03 -4.3686291e-03 -4.4600774e-03
 -4.5612376e-03 -4.6623979e-03 -4.7646755e-03 -4.8970348e-03 -5.0492480e-03
 -5.2310271e-03 -5.4928234e-03 -5.7046841e-03 -5.8725398e-03 -6.0454663e-03
 -6.2004297e-03 -6.3537602e-03 -6.5064031e-03 -6.6763214e-03 -6.8897293e-03
 -7.0605071e-03 -7.2012033e-03 -7.3433606e-03 -7.4786420e-03 -7.6042114e-03
 -7.7253975e-03 -7.8347228e-03 -7.9462828e-03 -8.0271594e-03 -8.1594327e-03
 -8.3621831e-03 -8.4898152e-03 -8.5571981e-03 -8.6609368e-03 -8.7133648e-03
 -8.6935969e-03 -8.7778255e-03 -8.9454233e-03 -9.0709067e-03 -9.4559519e-03
 -9.9939837e-03 -1.0223464e-02 -1.0319725e-02 -1.0468414e-02 -1.0629136e-02
 -1.0708208e-02 -1.0649764e-02 -1.0722819e-02 -1.0875806e-02 -1.0978943e-02
 -1.1119037e-02 -1.1151697e-02 -1.1039966e-02 -1.1036528e-02 -1.1058874e-02
 -1.1076064e-02 -1.1201547e-02 -1.1097550e-02 -1.0746884e-02 -1.0543189e-02
 -1.0322303e-02 -1.0224323e-02 -1.0259562e-02 -1.0275032e-02 -1.0322303e-02
 -1.0364418e-02 -1.0398797e-02 -1.0444349e-02 -1.0492480e-02 -1.0538032e-02
 -1.0611087e-02 -1.0725398e-02 -1.0799312e-02 -1.0851740e-02 -1.0905887e-02
 -1.0954878e-02 -1.0990976e-02 -1.1007306e-02 -1.1027933e-02 -1.0975505e-02
 -1.0812205e-02 -1.0733133e-02 -1.0692737e-02 -1.0601633e-02 -1.0568973e-02
 -1.0359261e-02 -9.8865492e-03 -9.6665234e-03 -9.6192523e-03 -9.5049420e-03
 -9.4189944e-03 -9.3596906e-03 -9.2694456e-03 -9.1628706e-03 -9.0674688e-03
 -8.9780834e-03 -8.8792437e-03 -8.7795445e-03 -8.6712505e-03 -8.5586592e-03
 -8.4361839e-03 -8.3110443e-03 -8.1806618e-03 -8.0324882e-03 -7.9150838e-03
 -7.8550924e-03 -7.7296949e-03 -7.5608079e-03 -7.3889987e-03 -7.2345509e-03
 -7.1083799e-03 -6.9437903e-03 -6.7442200e-03 -6.5432746e-03 -6.3575419e-03
 -6.2119467e-03 -6.0233777e-03 -5.8100559e-03 -5.6044693e-03 -5.3993984e-03
 -5.1927804e-03 -4.9902020e-03 -4.7852170e-03 -4.5867641e-03 -4.3755909e-03
 -4.1938977e-03 -4.0471852e-03 -3.8656639e-03 -3.6542329e-03 -3.4622260e-03
 -3.2740868e-03 -3.0754620e-03 -2.9302965e-03 -2.8580146e-03 -2.7373442e-03
 -2.6235496e-03 -2.5243661e-03 -2.3936399e-03 -2.2611947e-03 -2.1438762e-03
 -2.0294800e-03 -1.9137086e-03 -1.8256983e-03 -1.7839278e-03 -1.6995273e-03
 -1.5905458e-03 -1.4838848e-03 -1.3736141e-03 -1.2569832e-03 -1.1369145e-03
 -1.0263859e-03 -9.3760206e-04 -8.3374302e-04 -7.2659218e-04 -6.0409970e-04
 -4.9859046e-04 -4.3204125e-04 -3.6501074e-04 -2.8959175e-04 -2.3416416e-04
 -1.5266867e-04 -5.7553932e-05 -2.1272024e-05 -6.4299957e-05 -1.1249678e-04
 -1.6044693e-04 -1.8736571e-04 -1.8597336e-04 -1.9703481e-04 -1.7125913e-04
 -2.8321444e-05  8.4596476e-05  1.7448217e-04  3.2944564e-04  4.0887838e-04
  3.7406102e-04  3.0829394e-04  2.7847013e-04  3.3523850e-04  4.0697035e-04
  4.9805758e-04  6.3956167e-04  8.6712505e-04  1.1429308e-03  1.3973356e-03
  1.5902879e-03  1.7386334e-03  1.8574130e-03  1.9511818e-03  1.9792866e-03
  1.9845294e-03  2.0156425e-03  2.0385045e-03  1.9858187e-03  1.9310700e-03
  1.8571551e-03  1.7633863e-03  1.8272454e-03  2.0623979e-03  2.2786420e-03
  2.4032660e-03  2.4237215e-03  2.3873657e-03  2.3595187e-03  2.4883541e-03
  2.8489901e-03  3.2678986e-03  3.4773528e-03  3.4372153e-03  3.3590890e-03
  3.5694886e-03  4.0415127e-03  4.3969059e-03  4.5100988e-03  4.5574560e-03
  4.6097980e-03  4.7414697e-03  4.9463687e-03  5.1479158e-03  5.2112591e-03
  5.1033090e-03  4.9712076e-03  4.8683283e-03  4.8425440e-03  5.0477009e-03
  5.2674688e-03  5.3143103e-03  5.4212291e-03  5.6567254e-03  5.8207134e-03
  5.9486893e-03  6.0519983e-03  6.3483455e-03  6.9143103e-03  7.2718522e-03
  7.4601633e-03  7.7336485e-03  8.0101418e-03  8.3877954e-03  8.8534594e-03
  9.2522561e-03  9.5178341e-03  9.7017619e-03  9.7782553e-03  9.7799742e-03
  9.8255264e-03  9.9157714e-03  9.8366996e-03  9.7060593e-03  9.8281049e-03
  1.0093683e-02  1.0401375e-02  1.0747744e-02  1.0997851e-02  1.1245380e-02
  1.1559089e-02  1.2002578e-02  1.2507091e-02  1.2868070e-02  1.3165449e-02
  1.3561667e-02  1.4036957e-02  1.4544908e-02  1.4962613e-02  1.5287495e-02
  1.5658788e-02  1.6086807e-02  1.6447787e-02  1.6801891e-02  1.7222174e-02
  1.7706919e-02  1.8237215e-02  1.8678126e-02  1.8831113e-02  1.8924796e-02
  1.9175763e-02  1.9438762e-02  1.9732703e-02  2.0101418e-02  2.0360980e-02
  2.0553502e-02  2.0823378e-02  2.1219596e-02  2.1840138e-02  2.2683283e-02
  2.3446498e-02  2.3951010e-02  2.4258702e-02  2.4576708e-02  2.5105286e-02
  2.5828105e-02  2.6200258e-02  2.6141813e-02  2.6214869e-02  2.6332617e-02
  2.6324022e-02  2.6578427e-02  2.7160292e-02  2.7810056e-02  2.8512248e-02
  2.9262570e-02  2.9743017e-02  2.9985389e-02  3.0196820e-02  3.0332617e-02
  3.0388483e-02  3.0538032e-02  3.0770090e-02  3.1058015e-02  3.1352815e-02
  3.1669102e-02  3.2330898e-02  3.3332187e-02  3.4203696e-02  3.4855178e-02
  3.5188655e-02  3.5133648e-02  3.4963472e-02  3.4837989e-02  3.4846584e-02
  3.5120756e-02  3.5709497e-02  3.6259562e-02  3.6245810e-02  3.6154706e-02
  3.6559519e-02  3.7529867e-02  3.8535453e-02  3.8910185e-02  3.8922217e-02
  3.8978083e-02  3.8819940e-02  3.8826816e-02  3.9421573e-02  3.9963043e-02
  4.0134938e-02  4.0312849e-02  4.0299098e-02  4.0113451e-02  4.0239794e-02
  4.0535453e-02  4.0772669e-02  4.1004727e-02  4.1015041e-02  4.0590460e-02
  3.9564246e-02  3.8521702e-02  3.8051569e-02  3.7860765e-02  3.7986248e-02
  3.8312849e-02  3.8135797e-02  3.7423292e-02  3.6965191e-02  3.7290933e-02
  3.7768801e-02  3.7981092e-02  3.7931242e-02  3.7417275e-02  3.6825097e-02
  3.6697894e-02  3.6612806e-02  3.6229480e-02  3.5571122e-02  3.4562097e-02
  3.3688010e-02  3.3169746e-02  3.2315428e-02  3.1151697e-02  3.0039536e-02
  2.9036528e-02  2.8495058e-02  2.8591319e-02  2.8790718e-02  2.8624839e-02
  2.7832402e-02  2.6846584e-02  2.6171036e-02  2.5674259e-02  2.5449936e-02
  2.5140524e-02  2.3879673e-02  2.2266437e-02  2.1468844e-02  2.1274602e-02
  2.0550924e-02  1.9119897e-02  1.8016330e-02  1.7892566e-02  1.7946713e-02
  1.7648474e-02  1.7492050e-02  1.6944564e-02  1.4975505e-02  1.2705630e-02
  1.1671680e-02  1.1394929e-02  1.1162871e-02  1.1165449e-02  1.0545767e-02
  8.7202407e-03  7.2195960e-03  6.4831972e-03  5.1895144e-03  3.6568113e-03
  2.4255264e-03  1.0623120e-03 -1.9750752e-04 -1.3975935e-03 -2.8678986e-03
 -4.0967770e-03 -4.7982810e-03 -5.0189944e-03 -5.2160722e-03 -5.5030511e-03
 -5.5162011e-03 -5.8619682e-03 -7.3035668e-03 -8.7967340e-03 -9.1198969e-03
 -9.0219166e-03 -9.4550924e-03 -1.0293941e-02 -1.1600344e-02 -1.3702621e-02
 -1.6786420e-02 -2.0047271e-02 -2.2080791e-02 -2.2247529e-02 -2.1639020e-02
 -2.2120327e-02 -2.3497207e-02 -2.4442630e-02 -2.5663945e-02 -2.8735711e-02
 -3.2284486e-02 -3.3854749e-02 -3.4631715e-02 -3.5806618e-02 -3.7000430e-02
 -3.8146970e-02 -3.8269016e-02 -3.6613666e-02 -3.3504083e-02 -2.9451654e-02
 -2.6935110e-02 -2.8626558e-02 -3.2275892e-02 -3.3816932e-02 -3.3272024e-02
 -3.3440481e-02 -3.6516545e-02 -3.9396648e-02 -3.7878814e-02 -3.4936829e-02
 -3.4837129e-02 -3.7162871e-02 -4.0881822e-02 -4.5215299e-02 -4.9573700e-02
 -5.5009024e-02 -6.1224753e-02 -6.6383326e-02 -7.0600774e-02 -7.5076923e-02
 -7.9539321e-02 -8.1330468e-02 -7.9032230e-02 -7.4828535e-02 -7.0978083e-02
 -6.6412548e-02 -5.9251397e-02 -5.3803180e-02 -5.5450795e-02 -6.0801031e-02
 -6.6224323e-02 -7.2403954e-02 -7.9679416e-02 -8.8190804e-02 -9.5711216e-02
 -1.0091104e-01 -1.0696175e-01 -1.1331328e-01 -1.1712935e-01 -1.1964761e-01
 -1.1923507e-01 -1.1394070e-01 -1.0413408e-01 -8.5417275e-02 -5.9448217e-02
 -3.0996132e-02 -1.0386764e-03  1.8752041e-02  2.1999141e-02  2.4354963e-02
  3.5338204e-02  4.6182209e-02  5.4160722e-02  6.0865492e-02  5.7228191e-02
  3.9305544e-02  1.4040395e-02 -7.8368715e-03 -2.1746455e-02 -3.3301246e-02
 -4.5608079e-02 -5.7529007e-02 -6.9674259e-02 -8.7107864e-02 -1.0672110e-01
 -1.1661367e-01 -1.2108294e-01 -1.2070477e-01 -1.0165019e-01 -6.9977654e-02
 -3.9262570e-02 -1.1877954e-02  1.1699183e-02  3.3380318e-02  4.8555221e-02
  5.1742157e-02  5.2412548e-02  5.7939837e-02  6.4984959e-02  7.2937688e-02
  8.2320584e-02  8.7503223e-02  8.6549205e-02  8.2598195e-02  7.6231199e-02
  7.0253545e-02  6.1377740e-02  4.3207563e-02  2.0653202e-02  4.8697894e-03
  1.1546197e-03 -2.2487323e-03 -1.9460249e-02 -3.7319295e-02 -3.4458960e-02
 -1.3729265e-02  9.5840138e-03  2.6837989e-02  3.9053717e-02  5.7729265e-02
  8.6085088e-02  1.0211431e-01  9.3287495e-02  7.9016760e-02  7.5074345e-02
  7.0510529e-02  5.5116459e-02  4.3289214e-02  4.4329179e-02  4.4042974e-02
  3.1171465e-02  4.1023636e-03 -3.6142673e-02 -8.0467555e-02 -1.2119467e-01
 -1.5646755e-01 -1.8582725e-01 -2.1636442e-01 -2.5229910e-01 -2.7876235e-01
 -2.8585303e-01 -2.8226042e-01 -2.7162871e-01 -2.5900301e-01 -2.5914912e-01
 -2.7070047e-01 -2.8021487e-01 -2.8660077e-01 -2.7288354e-01 -2.1257413e-01
 -1.3326171e-01 -7.9128492e-02 -5.7857327e-02 -5.5084658e-02 -6.2376450e-02
 -8.5010743e-02 -1.1165449e-01 -1.5489471e-01 -2.2216588e-01 -2.6231199e-01
 -2.7779974e-01 -3.0964332e-01 -3.5051998e-01 -3.6547486e-01 -3.3947572e-01
 -2.8838848e-01 -2.2617104e-01 -1.7076064e-01 -1.2512248e-01 -7.0035239e-02
 -3.0652342e-03  7.7481736e-02  1.7638161e-01  2.6773528e-01  3.2421143e-01
  3.6191663e-01  3.9313279e-01  3.9452514e-01  3.6308552e-01  3.2144392e-01
  2.8581865e-01  2.6786420e-01  2.6126343e-01  2.4173614e-01  2.0287065e-01
  1.5886549e-01  1.1599484e-01  7.5129351e-02  3.9065750e-02  1.5011603e-02
 -3.0993554e-03 -2.7603782e-02 -3.2757198e-02  7.2018049e-03  6.4458101e-02
  1.1127632e-01  1.5493769e-01  1.9043404e-01  1.9243661e-01  1.8443489e-01
  1.9656210e-01  1.9122475e-01  1.5080361e-01  9.3880533e-02  2.2026644e-02
 -5.5345080e-02 -1.0626558e-01 -1.3689729e-01 -1.7259132e-01 -1.9915771e-01
 -2.0047271e-01 -1.8033520e-01 -1.6259562e-01 -1.6043833e-01 -1.6656639e-01
 -2.0847443e-01 -3.0265578e-01 -3.8990976e-01 -4.3721530e-01 -4.6942845e-01
 -4.5718951e-01 -3.5340782e-01 -1.9819510e-01 -6.6140954e-02  6.9645896e-03
  1.9272024e-02 -2.5531586e-03 -1.1552213e-02  2.7906317e-02  1.0849162e-01
  1.7880533e-01  2.0023206e-01  1.7293511e-01  1.6514826e-01  2.1563386e-01
  2.3353674e-01  1.7255694e-01  7.8830254e-02 -1.1185217e-03 -5.4818221e-02
 -8.6549205e-02 -1.1035668e-01 -1.7276321e-01 -2.6855178e-01 -3.4284486e-01
 -3.7207563e-01 -3.3061453e-01 -2.1016760e-01 -3.5996562e-02  1.7164590e-01
  3.6113451e-01  4.9064031e-01  5.8185647e-01  6.4373012e-01  6.4636012e-01
  6.2492480e-01  6.4964332e-01  6.8256124e-01  6.8600774e-01  6.9185217e-01
  6.6378169e-01  6.0176193e-01  5.4976364e-01  4.4792437e-01  2.9434465e-01
  1.5155995e-01  2.7840997e-02 -7.1260851e-02 -1.3203266e-01 -1.4662656e-01
 -1.4941985e-01 -1.7253116e-01 -2.0250107e-01 -2.3908896e-01 -2.8128062e-01
 -3.3249678e-01 -3.8948002e-01 -4.2155565e-01 -4.4599055e-01 -4.5584014e-01
 -4.2162441e-01 -3.7730125e-01 -3.5266008e-01 -3.3441341e-01 -3.1397508e-01
 -2.9996562e-01 -2.9784272e-01 -3.3033949e-01 -4.1581435e-01 -5.1957886e-01
 -5.6373012e-01 -5.0793296e-01 -3.9978513e-01 -3.0042974e-01 -2.3068328e-01
 -1.3961324e-01 -1.4304254e-02  4.7233348e-02  2.3804899e-02 -3.5735281e-02
 -9.9183498e-02 -1.4857757e-01 -1.7801461e-01 -1.4622260e-01 -4.0128921e-02
  1.0213150e-01  2.3993984e-01  3.2972927e-01  3.5872798e-01  3.5538462e-01
  3.6657499e-01  4.1176622e-01  4.5064031e-01  4.4300817e-01  3.8012033e-01
  2.9247959e-01  2.4782123e-01  2.4422862e-01  2.3655350e-01  2.3223034e-01
  2.4029222e-01  2.4636012e-01  2.1140524e-01  1.3299527e-01  5.9677697e-02
  2.8344650e-02  1.0621401e-01  2.8824237e-01  4.3990546e-01  5.0452084e-01
  5.0152987e-01  4.5073485e-01  4.3539321e-01  4.8948861e-01  5.5281478e-01
  6.1308122e-01  6.6638590e-01  6.6644607e-01  6.0278470e-01  5.2738290e-01
  5.0104856e-01  5.0055006e-01  4.3628706e-01  3.0505372e-01  1.6312849e-01
  2.7155995e-02 -7.3451654e-02 -1.3724968e-01 -2.1350236e-01 -2.8460679e-01
 -3.0748603e-01 -2.9931242e-01 -2.7243661e-01 -2.3089815e-01 -1.8598195e-01
 -1.4021487e-01 -8.8362699e-02  2.9839278e-03  1.0974645e-01  1.4053287e-01
  1.1836700e-01  1.1301246e-01  1.3039966e-01  1.9302106e-01  2.3964761e-01
  2.0873227e-01  1.4135797e-01  3.7169746e-02 -7.6921358e-02 -1.7106145e-01
 -2.4765793e-01 -2.7125913e-01 -2.8284486e-01 -3.3076064e-01 -3.7609798e-01
 -4.3838419e-01 -5.4300817e-01 -5.9522991e-01 -5.2910185e-01 -4.1293511e-01
 -2.8585303e-01 -1.1861624e-01  6.3660507e-02  1.9992265e-01  2.8517404e-01
  3.7027933e-01  4.4082510e-01  4.4853459e-01  4.3612376e-01  4.0726257e-01
  3.4325741e-01  3.1959605e-01  3.2617104e-01  3.2295660e-01  3.0092823e-01
  2.0761495e-01  7.0151268e-02 -7.6819080e-02 -2.5556511e-01 -4.2544908e-01
 -5.5426730e-01 -6.2976364e-01 -6.1459390e-01 -5.6169317e-01 -5.3514396e-01
 -5.2580146e-01 -5.1378599e-01 -4.9075204e-01 -4.6884401e-01 -4.3981951e-01
 -3.6108294e-01 -2.2163300e-01 -1.3972497e-01 -1.5352815e-01 -1.7253116e-01
 -1.8194242e-01 -1.6321444e-01 -1.3745595e-01 -1.3028792e-01 -1.4364418e-01
 -1.8162441e-01 -2.5556511e-01 -3.5412119e-01 -4.1350236e-01 -4.6069618e-01
 -5.4635153e-01 -6.0911904e-01 -6.3107005e-01 -6.9003868e-01 -7.5969059e-01
 -8.0522561e-01 -8.4392780e-01 -8.7348517e-01 -8.6574989e-01 -8.0504512e-01
 -7.8424581e-01 -6.3585733e-01 -2.7433606e-01 -7.1166309e-02  3.1657929e-02
  2.1326171e-01  3.6761495e-01  5.1706059e-01  6.3815213e-01  6.6408251e-01
  7.1009884e-01  7.4913623e-01  7.6832832e-01  8.5144822e-01  9.5083799e-01
  1.0000000e+00  9.5659648e-01  8.6807048e-01  7.5394929e-01  5.7891706e-01
  4.2222604e-01  3.6735711e-01  4.2686721e-01  5.2475290e-01  5.6714224e-01
  5.6227761e-01  5.1669961e-01  4.2117748e-01  3.2104856e-01  2.6786420e-01
  2.6660077e-01  2.9159433e-01  3.4773528e-01  4.4189085e-01  5.2789858e-01
  6.1315857e-01  7.3061453e-01  8.1919209e-01  7.7465406e-01  6.1771379e-01
  4.8201117e-01  3.9162871e-01  3.3119037e-01  2.9238505e-01  2.1103567e-01
  1.3066609e-01  7.8046412e-02 -2.5822948e-02 -1.7886549e-01 -3.4516545e-01
 -4.6795875e-01 -4.7314138e-01 -3.7210142e-01 -2.5709497e-01 -2.1895144e-01
 -2.1834121e-01 -1.9053717e-01 -1.8528578e-01 -1.5207563e-01 -2.4360120e-02
  1.1957886e-01  2.4614525e-01  3.2817361e-01  3.4214869e-01  2.9896863e-01
  2.1413838e-01  1.2428019e-01  1.2586162e-02 -1.2195101e-01 -2.5100988e-01
 -3.7024495e-01 -4.4903309e-01 -5.2830254e-01 -6.7260851e-01 -7.7400945e-01
 -7.7806618e-01 -7.5088096e-01 -6.7248818e-01 -5.4962613e-01 -4.5155995e-01
 -3.9892566e-01 -3.6901590e-01 -3.3290073e-01 -2.7306403e-01 -1.8660937e-01
 -9.5685432e-02 -4.1773098e-02 -3.2709067e-02 -5.3520413e-02 -7.1340782e-02
  8.1382896e-03  1.6818221e-01  2.7053717e-01  2.5284057e-01  1.4935110e-01
  3.0617963e-02 -4.8285346e-02 -1.0966910e-01 -1.8905887e-01 -2.2629996e-01
 -2.2024925e-01 -2.5674259e-01 -3.0008595e-01 -3.3342501e-01 -4.0023206e-01
 -4.6168457e-01 -5.0267297e-01 -4.6709927e-01 -3.8222604e-01 -4.0944564e-01
 -4.1797164e-01 -3.1363988e-01 -6.9726687e-02  2.7934680e-01  5.2445208e-01
  6.4498496e-01  6.7174903e-01  6.1657069e-01  5.8581865e-01  5.5645896e-01
  4.8501074e-01  4.3495488e-01  3.9039106e-01  2.9100129e-01  1.4791577e-01
  4.3813494e-02  5.8902450e-03 -9.1645896e-03 -2.4485604e-02 -4.0207993e-02
 -2.4674688e-02  6.6353245e-02  1.4543189e-01  1.7860765e-01  1.8508810e-01
  8.2581006e-02 -9.6209712e-02 -1.8528578e-01 -1.8456382e-01 -2.2057585e-01
 -2.9574560e-01 -3.1787709e-01 -2.5686291e-01 -1.8980662e-01 -2.0406532e-01
 -2.4937688e-01 -2.2707349e-01 -1.7969918e-01 -1.8440911e-01 -2.2532875e-01
 -3.2372153e-01 -4.6051569e-01 -5.2178771e-01 -5.1039966e-01 -5.0175333e-01
 -4.9262570e-01 -4.5959605e-01 -4.0036957e-01 -3.4840567e-01 -4.0798453e-01
 -5.1642458e-01 -4.8858616e-01 -3.4648904e-01 -1.1596906e-01  1.3396648e-01
  2.9082939e-01  3.6821659e-01  3.7457671e-01  3.8740868e-01  4.3458530e-01
  4.4468414e-01  4.7192093e-01  5.5323593e-01  6.1742157e-01  6.0414267e-01
  5.1181779e-01  4.1666523e-01  3.7406102e-01  2.9733563e-01  1.6379029e-01
  9.9810915e-02  1.0144392e-01  1.2844005e-01  2.5883111e-01  4.1569403e-01
  4.4092823e-01  3.3623550e-01  1.4676407e-01 -7.4411689e-02 -2.8001719e-01
 -4.2737430e-01 -4.3685432e-01 -3.1117318e-01 -1.2824237e-01  7.9601203e-03
  9.2307692e-02  1.8655780e-01  2.3633004e-01  2.4049850e-01  2.1983670e-01
  1.7278900e-01  1.4593038e-01  1.2957456e-01  7.6435754e-02 -4.9808337e-02
 -2.2241513e-01 -3.6353245e-01 -4.3931242e-01 -4.9100129e-01 -5.4060163e-01
 -5.4547486e-01 -5.3651053e-01 -5.5502364e-01 -5.1565965e-01 -3.8581006e-01
 -2.4319725e-01 -1.0559519e-01  2.6880963e-02  1.3136227e-01  2.2194242e-01
  2.9334766e-01  3.2407391e-01  3.1120756e-01  2.4564676e-01  1.2251826e-01
  4.3455092e-03 -3.5455092e-02 -4.2808767e-02 -6.9570262e-02 -6.6790718e-02
 -2.7149979e-02 -1.0024925e-02 -2.2642888e-02 -4.2892136e-02 -4.0330039e-02
  2.0933391e-02  1.0109153e-01  1.4966910e-01  1.5960464e-01  1.1939837e-01
  7.6953159e-02  1.1499785e-01  2.1459390e-01  2.8918780e-01  3.1563386e-01
  3.3235067e-01  3.0983240e-01  2.1005587e-01  1.0504512e-01  1.8538891e-02
 -3.5568543e-02  1.7868500e-02  7.3251397e-02  8.1656210e-02  1.3865922e-01
  1.5751612e-01  1.0621401e-01  6.1880533e-02  6.1409540e-02  7.8382467e-02
  5.9276321e-02  4.9860765e-02  6.3839278e-02  9.2737430e-02  1.4403954e-01
  1.4546627e-01  7.9513537e-02  2.7911474e-02  3.9431887e-02  9.4035239e-02
  1.1916631e-01  8.6918780e-02  3.2165879e-03 -1.3027073e-01 -2.6081650e-01
 -3.9738719e-01 -5.6099699e-01 -6.9937258e-01 -7.8195960e-01 -7.7023636e-01
 -6.7982810e-01 -6.0162441e-01 -5.6533734e-01 -5.3489471e-01 -4.9318436e-01
 -4.5892566e-01 -4.2799312e-01 -3.5470563e-01 -2.3803180e-01 -1.3019338e-01
 -3.9448217e-02  6.6993554e-02  1.8462398e-01  3.0742587e-01  4.2379888e-01
  4.9277181e-01  4.9179201e-01  4.0083369e-01  2.7214439e-01  1.8744306e-01
  1.0437473e-01 -2.1844435e-03 -4.8988397e-02 -1.4095402e-02  7.0199398e-02
  1.8949721e-01  2.8809626e-01  3.3286635e-01  3.6061882e-01  3.6512248e-01
  3.2662656e-01  2.6738290e-01  1.8665234e-01  1.2433176e-01  1.2205415e-01
  1.5975935e-01  2.3314138e-01  3.3208423e-01  4.2198539e-01  4.8675548e-01
  5.3792866e-01  5.4684143e-01  4.6978083e-01  3.5410400e-01  2.2970348e-01
  3.9175763e-02 -1.8539751e-01 -3.3529867e-01 -3.8467555e-01 -3.4259562e-01
 -2.5346798e-01 -1.8447787e-01 -1.3725827e-01 -1.1275462e-01 -1.4075634e-01
 -2.1433606e-01 -2.9073485e-01 -3.2593898e-01 -3.2250967e-01 -3.3480017e-01
 -3.7198109e-01 -3.9277181e-01 -4.0183928e-01 -4.0661796e-01 -4.0657499e-01
 -4.3912333e-01 -5.1415557e-01 -6.0880103e-01 -6.7179201e-01 -6.3535883e-01
 -5.0744306e-01 -3.3296089e-01 -1.6434895e-01 -5.6288784e-02  7.3062312e-03
  6.3730984e-02  1.2792437e-01  2.1044263e-01  2.6985819e-01  2.8038676e-01
  2.9129351e-01  2.9436184e-01  2.7539321e-01  3.1090675e-01  3.8745165e-01
  4.0348947e-01  3.5321874e-01  2.9142243e-01  2.5013322e-01  2.1439622e-01
  1.6016330e-01  1.1253975e-01  1.0301676e-01  1.2711646e-01  1.7290073e-01
  2.4305973e-01  3.2426300e-01  3.9388053e-01  4.2152987e-01  3.7634723e-01
  2.6940266e-01  1.1998281e-01 -5.1510099e-02 -1.7258272e-01 -2.1855608e-01
 -2.1641599e-01 -1.3168887e-01  5.9418994e-03  1.0220026e-01  1.4334336e-01
  1.4431457e-01  1.4213150e-01  1.5808337e-01  1.5507520e-01  1.0589600e-01
  1.4513107e-02 -7.7845294e-02 -1.2147830e-01 -9.8813924e-02 -3.6391061e-02
  8.0223464e-03  7.8096261e-03 -2.1859905e-02 -6.8716803e-02 -1.1117318e-01
 -1.1157714e-01 -6.2615385e-02  4.1327031e-03  5.3655350e-02  5.0406532e-02
  5.7164590e-03 -2.2373012e-02 -2.6875806e-02 -1.9933820e-02 -5.0137516e-03
  9.7292651e-05 -2.0204555e-02 -7.6525140e-02 -1.3328749e-01 -1.3667383e-01
 -9.9467125e-02 -5.4574130e-02 -1.4287924e-02  6.6364418e-03  1.8000859e-02
  3.1585733e-02  1.8285346e-02 -2.7105286e-02 -4.9154276e-02 -1.2908466e-02
  5.7406962e-02  1.2918780e-01  1.8333477e-01  1.9572841e-01  1.5896003e-01
  1.1450795e-01  8.2354963e-02  5.9108724e-02  8.0403954e-02  1.5861624e-01
  2.1718951e-01  2.0764933e-01  1.7458530e-01  1.4055866e-01  1.1205844e-01
  9.2599914e-02  6.4076493e-02  2.8281049e-02 -9.9363988e-04 -1.5453373e-02
 -3.1429308e-02 -6.6361839e-02 -9.6862914e-02 -1.1792007e-01 -1.4041255e-01
 -1.4556940e-01 -1.4159003e-01 -1.5594327e-01 -1.8420284e-01 -1.9015041e-01
 -1.5304684e-01 -9.5126773e-02 -2.8828535e-02  4.8358401e-02  1.1681135e-01
  1.4930812e-01  1.3409540e-01  6.8103997e-02 -1.5662226e-02 -6.6835410e-02
 -8.5749033e-02 -8.5942415e-02 -6.1982810e-02 -1.7126773e-02  3.6788999e-02
  7.0183068e-02  5.1692308e-02 -4.4905887e-03 -5.5626988e-02 -8.7571981e-02
 -1.1384615e-01 -1.5006446e-01 -2.0190804e-01 -2.4365277e-01 -2.5832402e-01
 -2.5535024e-01 -2.4709927e-01 -2.3633004e-01 -2.0553502e-01 -1.4911044e-01
 -7.2624839e-02 -4.1053717e-03  2.2618823e-02  3.2747744e-02  5.6540610e-02
  7.6733133e-02  7.5286635e-02  6.6960894e-02  5.8829394e-02  4.6261281e-02
  3.8640309e-02  4.0293081e-02  5.4643747e-02  6.9039106e-02  5.9320155e-02
  2.4293081e-02 -1.1239364e-02 -2.1940696e-02 -2.1516115e-02 -2.7474001e-02
 -3.1828964e-02 -2.6759777e-02 -1.2380748e-02  4.4382467e-03  8.1922647e-03
  3.2763214e-05  6.1739579e-03  2.0565535e-02  2.2436614e-02  2.3107864e-02
  2.8275032e-02  3.3021917e-02  3.6911044e-02  3.0488182e-02  2.4419424e-02
  3.7178341e-02  5.3971637e-02  6.2035239e-02  5.8496777e-02  4.6973786e-02
  2.9962183e-02  9.4189944e-05 -2.9138805e-02 -3.8888698e-02 -3.3817791e-02
 -1.5669102e-02  1.6996992e-02  4.2695316e-02  4.7863343e-02  3.9989686e-02
  3.1069188e-02  3.4303395e-02  4.4618823e-02  4.6869789e-02  3.7860765e-02
  2.0333477e-02  1.9052858e-03 -4.4704770e-03  5.8100559e-03  2.2182209e-02
  2.5952729e-02  8.2446927e-03 -1.7568543e-02 -3.4366137e-02 -3.6623120e-02
 -3.1349377e-02 -3.2568113e-02 -4.2811345e-02 -4.3986248e-02 -2.5213580e-02
 -5.8069618e-03  6.7332187e-03  1.8948861e-02  2.4438333e-02  2.5273743e-02
  2.6589600e-02  2.9669102e-02  4.1888268e-02  5.7938977e-02  6.4179630e-02
  5.7464547e-02  4.7847013e-02  4.6170176e-02  4.3088956e-02  2.4968629e-02
 -1.4550064e-03 -1.3693167e-02 -5.0751182e-04  2.0312849e-02  3.1508380e-02
  3.4088526e-02  3.3040825e-02  3.2163300e-02  2.7559089e-02  1.8176193e-02
  1.1763644e-02  5.0083369e-03 -5.0303395e-03 -1.4460679e-02 -2.3082080e-02
 -3.0579287e-02 -3.5259991e-02 -3.5619252e-02 -3.3111302e-02 -2.7756768e-02
 -1.7352815e-02 -8.8749463e-03 -7.0850021e-03 -1.0610228e-02 -2.3959605e-02
 -3.8519983e-02 -4.4079072e-02 -5.2043833e-02 -5.6155565e-02 -4.4097121e-02
 -2.7376021e-02 -1.6622260e-02 -2.1118178e-02 -3.9010743e-02 -5.4896433e-02
 -6.3324452e-02 -5.9498066e-02 -4.8405673e-02 -4.5552213e-02 -4.5770520e-02
 -4.0745165e-02 -3.0590460e-02 -1.6062742e-02 -8.7400086e-03 -1.3720670e-02
 -2.1575419e-02 -2.7543618e-02 -2.9269446e-02 -2.6104856e-02 -2.2871508e-02
 -2.1593468e-02 -2.2547486e-02 -2.2049850e-02 -2.1003008e-02 -2.4992694e-02
 -2.7241083e-02 -2.3172325e-02 -1.8650623e-02 -1.5149119e-02 -1.0908466e-02
 -4.6220026e-03  4.8682424e-03  1.4271594e-02  1.9476579e-02  2.2070477e-02
  2.4458960e-02  2.5818651e-02  2.6140954e-02  2.3464547e-02  1.5851311e-02
  1.2373872e-02  1.9100988e-02  2.4484744e-02  2.2609368e-02  2.1402664e-02
  2.2166738e-02  2.2256983e-02  1.8777826e-02  8.6566394e-03 -2.8250107e-03
 -1.0899012e-02 -1.6820799e-02 -2.0069618e-02 -2.0155565e-02 -1.6469274e-02
 -8.9093253e-03 -2.1510958e-03 -1.3953588e-04  2.3510099e-03  1.0131500e-02
  1.6452944e-02  1.8544908e-02  2.0488182e-02  2.3122475e-02  2.6309411e-02
  2.9288354e-02  3.1843575e-02  3.5017619e-02  3.8229480e-02  3.8606790e-02
  3.5051139e-02  2.9641599e-02  2.3784272e-02  1.7186076e-02  9.9329609e-03
  4.3927804e-03  2.8628277e-03  3.8752041e-03  4.8489901e-03  5.0832832e-03
  4.5992265e-03  4.3765363e-03  6.1455952e-03  9.2608509e-03  1.2322303e-02
  1.4543189e-02  1.5826386e-02  1.7209282e-02  1.8868070e-02  2.0010314e-02
  2.1217018e-02  2.3643318e-02  2.7079502e-02  3.0157284e-02  3.1438762e-02
  3.0752901e-02  2.8701332e-02  2.5450795e-02  2.1949291e-02  1.8735711e-02
  1.5822089e-02  1.3790288e-02  1.2394499e-02  1.1165449e-02  1.0242372e-02
  9.6149549e-03  9.0339493e-03  7.6607649e-03  4.7480877e-03  1.5633863e-03
 -3.4136657e-04 -1.6161581e-03 -1.6932531e-03 -5.5461968e-04  3.8063601e-04
  1.2639450e-03  1.6415127e-03  1.0475290e-03  7.7064031e-05 -8.4895574e-04
 -1.5727546e-03 -2.9964761e-03 -4.9816072e-03 -5.6713365e-03 -5.0603352e-03
 -3.9431887e-03 -2.0735711e-03 -6.1113881e-04 -9.0726257e-04 -2.0696175e-03
 -2.8458960e-03 -3.6320584e-03 -5.1737000e-03 -7.1139665e-03 -8.6635153e-03
 -1.0117748e-02 -1.2134078e-02 -1.4217447e-02 -1.5502364e-02 -1.5783412e-02
 -1.5625269e-02 -1.6106575e-02 -1.6912763e-02 -1.7168887e-02 -1.6860335e-02
 -1.5763644e-02 -1.3812634e-02 -1.1677697e-02 -1.0174474e-02 -9.0674688e-03
 -6.7005587e-03 -3.7702621e-03 -2.4303395e-03 -2.5318436e-03 -3.4970348e-03
 -4.4418565e-03 -3.6195101e-03 -1.2795015e-03  1.2130640e-03  3.6376450e-03
  5.8200258e-03  7.0340352e-03  7.3591749e-03  7.6056725e-03  8.1381177e-03
  8.4619682e-03  8.2967770e-03  7.5755909e-03  6.1791147e-03  5.1422432e-03
  5.1987108e-03  5.7408681e-03  6.7491190e-03  7.9849592e-03  9.0227761e-03
  9.8126343e-03  1.0593898e-02  1.1350236e-02  1.1474001e-02  1.1072626e-02
  1.0604211e-02  1.0393640e-02  1.0899012e-02  1.1879673e-02  1.2348947e-02
  1.1316717e-02  8.5339923e-03  5.2995273e-03  3.5478298e-03  2.9981951e-03
  2.4825097e-03  2.0186506e-03  2.1414697e-03  3.0418565e-03  4.4788999e-03
  5.7388913e-03  6.0972067e-03  6.0484744e-03  6.4513966e-03  6.6011173e-03
  5.9301246e-03  5.2148689e-03  4.9113021e-03  5.0474431e-03  5.0333477e-03
  3.6795015e-03  1.5401805e-03 -6.1002149e-04 -2.5417275e-03 -3.4183928e-03
 -3.7029652e-03 -4.3652772e-03 -5.0063601e-03 -4.9088096e-03 -3.4697894e-03
 -1.1956167e-03  3.2636012e-04  6.7520413e-04  5.4819080e-04  2.5525569e-04
  5.2028363e-05 -1.8896433e-05  2.7048560e-05  3.0199398e-04  8.4749463e-04
  1.2779544e-03  8.1705200e-04 -4.0560378e-04 -1.4667813e-03 -1.8760636e-03
 -2.0917920e-03 -2.7793726e-03 -3.3120756e-03 -2.9278040e-03 -2.1385475e-03
 -1.9922647e-03 -2.6263859e-03 -3.4485604e-03 -3.9896003e-03 -4.0329179e-03
 -3.7201547e-03 -4.1378599e-03 -6.0351526e-03 -8.3467125e-03 -9.9295230e-03
 -1.0886979e-02 -1.1176622e-02 -1.0762355e-02 -9.7129351e-03 -8.3192093e-03
 -7.5697465e-03 -7.7110443e-03 -7.5370864e-03 -6.6342931e-03 -6.4201117e-03
 -7.4263000e-03 -8.7967340e-03 -1.0116889e-02 -1.0733133e-02 -1.1155135e-02
 -1.2012033e-02 -1.2128062e-02 -1.1485174e-02 -1.1067469e-02 -1.1027073e-02
 -1.1171465e-02 -1.0961753e-02 -1.0181349e-02 -9.1465406e-03 -8.1040825e-03
 -7.2485604e-03 -6.3667383e-03 -5.3757628e-03 -4.8394499e-03 -5.0997851e-03
 -5.8079931e-03 -6.1259132e-03 -6.0929953e-03 -6.3430168e-03 -6.5486893e-03
 -6.0261281e-03 -4.9984529e-03 -3.6487323e-03 -1.7986248e-03 -6.0532015e-05
  1.1485174e-03  2.1722389e-03  3.0378169e-03  3.8969489e-03  4.6569832e-03
  5.0368715e-03  5.5118178e-03  6.5262570e-03  7.3506661e-03  7.3786850e-03
  7.5578857e-03  8.7056296e-03  1.0000000e-02  1.0835410e-02  1.1063171e-02
  1.0391921e-02  9.4464976e-03  8.7838419e-03  8.1234207e-03  7.4099699e-03
  6.4741728e-03  5.2003438e-03  3.8280189e-03  2.3883971e-03  8.0754620e-04
 -7.5110443e-04 -2.3288354e-03 -3.6937688e-03 -4.4720241e-03 -4.6475290e-03
 -4.4838848e-03 -4.0189085e-03 -3.4007735e-03 -3.1053717e-03 -3.2026644e-03
 -3.3601203e-03 -3.4308552e-03 -3.2725398e-03 -2.9393210e-03 -2.7825526e-03
 -2.9816072e-03 -3.4525140e-03 -3.7719811e-03 -3.7115599e-03 -3.6186506e-03
 -3.5800602e-03 -3.6918780e-03 -4.1865062e-03 -5.1034809e-03 -6.2534594e-03
 -7.4422862e-03 -8.4238075e-03 -9.2883541e-03 -1.0334336e-02 -1.1468844e-02
 -1.2379029e-02 -1.3043404e-02 -1.3356253e-02 -1.3218737e-02 -1.2954018e-02
 -1.2862054e-02 -1.2762355e-02 -1.2577568e-02 -1.2457241e-02 -1.2200258e-02
 -1.1467985e-02 -1.0231199e-02 -8.7718092e-03 -7.4603352e-03 -6.1224753e-03
 -4.6467555e-03 -3.3563386e-03 -2.5657929e-03 -2.1124194e-03 -1.8578427e-03
 -1.9889987e-03 -2.4739149e-03 -2.8401375e-03 -3.0609368e-03 -3.0507091e-03
 -3.0025784e-03 -3.2899871e-03 -3.3790288e-03 -2.9407821e-03 -2.2283627e-03
 -1.6227761e-03 -1.5698324e-03 -1.7584873e-03 -1.7503223e-03 -1.3663086e-03
 -6.9635582e-04 -3.9600344e-04 -5.1402664e-04 -5.6301676e-04 -6.5951869e-04
 -9.2986678e-04 -1.4148689e-03 -2.0539751e-03 -2.6855178e-03 -3.3073485e-03
 -3.8717662e-03 -4.0572411e-03 -3.9296089e-03 -3.7823807e-03 -3.3547916e-03
 -2.2997851e-03 -1.3280619e-03 -7.2886119e-04 -1.5919209e-05  8.1018479e-04
  1.5458530e-03  2.2516545e-03  2.9015900e-03  3.5479158e-03  4.0749463e-03
  4.2374731e-03  4.0591319e-03  4.1107864e-03  4.3986248e-03  4.5113881e-03
  4.4187366e-03  4.2282768e-03  4.0463257e-03  4.0024925e-03  4.2360980e-03
  4.6722819e-03  4.9186076e-03  5.1138805e-03  5.5944994e-03  6.3229050e-03
  6.9494628e-03  7.4296519e-03  8.2109153e-03  9.3682853e-03  1.0426300e-02
  1.1137086e-02  1.1565105e-02  1.1967340e-02  1.2346369e-02  1.2758058e-02
  1.3245380e-02  1.3714654e-02  1.4005157e-02  1.4022346e-02  1.3713795e-02
  1.2911044e-02  1.1510958e-02  9.8538891e-03  8.2692737e-03  6.7976794e-03
  5.2300817e-03  3.6194242e-03  2.2691018e-03  1.1633004e-03  2.1957026e-04
 -3.5158573e-04 -6.8207134e-04 -7.6490761e-04 -2.9020198e-04  8.9394070e-04
  2.3294370e-03  3.4805329e-03  4.5169746e-03  5.6721960e-03  6.7021917e-03
  7.4557800e-03  7.8423722e-03  7.9455092e-03  7.8432316e-03  7.2091964e-03
  5.9535883e-03  4.4554362e-03  2.7684572e-03  9.4740009e-04 -1.0535453e-03
 -3.1944134e-03 -5.1841856e-03 -6.9695746e-03 -8.8165019e-03 -1.0766652e-02
 -1.2593898e-02 -1.4047271e-02 -1.5083799e-02 -1.5688870e-02 -1.6068758e-02
 -1.6267297e-02 -1.5959605e-02 -1.5222174e-02 -1.4220885e-02 -1.2945423e-02
 -1.1676837e-02 -1.0486463e-02 -9.3571122e-03 -8.4020627e-03 -7.6799312e-03
 -7.1505801e-03 -6.8734852e-03 -6.8473571e-03 -7.0715084e-03 -7.5468844e-03
 -8.3272024e-03 -9.1903739e-03 -9.9613236e-03 -1.0883541e-02 -1.1594327e-02
 -1.1741298e-02 -1.1969059e-02 -1.2299957e-02 -1.2447787e-02 -1.2525999e-02
 -1.2547486e-02 -1.2366137e-02 -1.1938118e-02 -1.1350236e-02 -1.0822518e-02
 -1.0334336e-02 -9.7094972e-03 -8.8491620e-03 -7.9468844e-03 -7.0887838e-03
 -6.1009024e-03 -5.0600774e-03 -4.0805329e-03 -3.0759777e-03 -2.1027073e-03
 -1.1748174e-03 -3.3675118e-04  5.7790288e-04  1.7841856e-03  2.9797164e-03
  3.8948861e-03  4.6497636e-03  5.1790288e-03  5.4669532e-03  5.5825526e-03
  5.5744736e-03  5.4252686e-03  5.1675978e-03  4.7712076e-03  4.2502793e-03
  3.7677697e-03  3.4514826e-03  3.0945423e-03  2.5498066e-03  2.0026644e-03
  1.4758058e-03  1.0328320e-03  9.6373012e-04  1.0359261e-03  1.2719381e-03
  1.7594327e-03  2.2661796e-03  2.8469274e-03  3.5711216e-03  4.4323163e-03
  5.5469703e-03  6.6398797e-03  7.5902879e-03  8.4474431e-03  9.1138805e-03
  9.4404813e-03  9.4834551e-03  9.3081220e-03  8.9153416e-03  8.3363988e-03
  7.5211001e-03  6.3922647e-03  5.3085518e-03  4.3431027e-03  3.3179201e-03
  2.3094113e-03  1.3272884e-03  4.9001289e-04  7.5895144e-06 -1.8258702e-04
 -4.3119897e-05  3.6962613e-04  9.7842716e-04  1.7143103e-03  2.6011173e-03
  3.5787709e-03  4.5707778e-03  5.5439622e-03  6.4275892e-03  7.3802321e-03
  8.4724538e-03  9.2771809e-03  9.7533305e-03  1.0014611e-02  9.9845294e-03
  9.7077783e-03  9.2986678e-03  8.7159433e-03  8.0452944e-03  7.2605930e-03
  6.3160292e-03  5.2140954e-03  3.9868500e-03  2.7570262e-03  1.6495058e-03
  6.7393210e-04 -1.1095832e-04 -6.3509239e-04 -8.9961324e-04 -8.8397078e-04
 -5.1969918e-04 -1.4347228e-04  1.4780404e-04  4.6449506e-04  8.4256983e-04
  1.2651483e-03  1.7169746e-03  2.2558659e-03  2.7937258e-03  3.1177482e-03
  3.3737860e-03  3.5225612e-03  3.4405673e-03  3.1391491e-03  2.6292222e-03
  1.9845294e-03  1.3063171e-03  4.3532445e-04 -5.7589171e-04 -1.5675978e-03
 -2.4534594e-03 -3.2183928e-03 -3.8056725e-03 -4.1541899e-03 -4.2823378e-03
 -4.2308552e-03 -3.9860765e-03 -3.6979802e-03 -3.3913193e-03 -2.9418994e-03
 -2.3790288e-03 -1.7422432e-03 -9.7894284e-04 -2.3118178e-04  4.3866781e-04
  1.0544048e-03  1.5979373e-03  1.9782553e-03  2.1939837e-03  2.1866781e-03
  1.9575419e-03  1.6265578e-03  1.1324452e-03  5.3042544e-04  1.7198109e-05
 -6.2032660e-04 -1.3709497e-03 -2.1063171e-03 -2.8238075e-03 -3.5204985e-03
 -4.0850881e-03 -4.5719811e-03 -5.1102707e-03 -5.5562527e-03 -5.8284486e-03
 -6.0528578e-03 -6.1559089e-03 -6.0896433e-03 -5.8782982e-03 -5.5659648e-03
 -5.1651053e-03 -4.7500645e-03 -4.3658788e-03 -4.0583584e-03 -3.8651483e-03
 -3.8259562e-03 -3.9051998e-03 -4.1136227e-03 -4.4212291e-03 -4.7834981e-03
 -5.1383756e-03 -5.4657499e-03 -5.7255694e-03 -5.8896433e-03 -5.9314138e-03
 -5.8502793e-03 -5.5318436e-03 -4.9970778e-03 -4.3730984e-03 -3.7113881e-03
 -2.9608939e-03 -2.1203266e-03 -1.2195960e-03 -3.1761066e-04  5.5121616e-04
  1.3173184e-03  1.9567684e-03  2.4610228e-03  2.8341212e-03  3.0828535e-03
  3.2021487e-03  3.1760206e-03  3.1241942e-03  3.0138376e-03  2.8235496e-03
  2.6272454e-03  2.4710786e-03  2.3590030e-03  2.2803610e-03  2.2544908e-03
  2.3737860e-03  2.5745595e-03  2.8624839e-03  3.2807907e-03  3.8284486e-03
  4.4963472e-03  5.3165449e-03  6.2195101e-03  7.1941556e-03  8.1448217e-03
  8.9419854e-03  9.5702621e-03  1.0199398e-02  1.0770090e-02  1.0911904e-02
  1.0691878e-02  1.0307692e-02  9.6716803e-03  8.8053287e-03  7.7297808e-03
  6.4883541e-03  5.1784272e-03  3.8889557e-03  2.6040395e-03  1.4178771e-03
  4.3419854e-04 -2.7936399e-04 -7.2241513e-04 -8.8483025e-04 -7.7318436e-04
 -3.9083799e-04  2.2996132e-04  1.0708208e-03  2.0495058e-03  3.0956596e-03
  4.0819940e-03  4.9535883e-03  5.7464547e-03  6.3673399e-03  6.7121616e-03
  6.8044693e-03  6.6169317e-03  6.1633004e-03  5.4651483e-03  4.5682853e-03
  3.4642888e-03  2.2104856e-03  8.7718092e-04 -4.8036098e-04 -1.8233777e-03
 -3.0799312e-03 -4.2383326e-03 -5.2272454e-03 -5.9815213e-03 -6.4484744e-03
 -6.6150408e-03 -6.5414697e-03 -6.2385045e-03 -5.6621401e-03 -4.8766652e-03
 -3.9009024e-03 -2.7868500e-03 -1.5783412e-03 -3.5070047e-04  8.3376021e-04
  1.8719381e-03  2.6946283e-03  3.2272454e-03  3.4265578e-03  3.2614525e-03
  2.7873657e-03  2.0438333e-03  1.0250107e-03 -2.4028363e-04 -1.5604641e-03
 -2.9047701e-03 -4.2359261e-03 -5.4422003e-03 -6.4442630e-03 -7.2405673e-03
 -7.7693167e-03 -8.0050709e-03 -7.9196390e-03 -7.5285776e-03 -6.8509669e-03
 -5.9332187e-03 -4.8257843e-03 -3.5486034e-03 -2.1271165e-03 -7.3571981e-04
  5.9818651e-04  1.8508810e-03  2.9547056e-03  3.8470993e-03  4.4995273e-03
  4.8799312e-03  4.9806618e-03  4.7515256e-03  4.2547486e-03  3.4004297e-03
  2.1816072e-03  8.8173614e-04 -4.7002149e-04 -1.9286635e-03 -3.3696605e-03
 -4.7243661e-03 -5.8843146e-03 -6.8107434e-03 -7.4387624e-03 -7.7317576e-03
 -7.6668672e-03 -7.2313709e-03 -6.4230339e-03 -5.3425011e-03 -4.0238934e-03
 -2.5439622e-03 -9.7662226e-04  5.8793296e-04  2.0715084e-03  3.3668242e-03
  4.4238934e-03  5.1986248e-03  5.6674688e-03  5.8019768e-03  5.6129781e-03
  5.1098410e-03  4.3439622e-03  3.3549635e-03  2.2153846e-03  9.6983240e-04
 -3.0161581e-04 -1.5455952e-03 -2.7089815e-03 -3.7449076e-03 -4.5828964e-03
 -5.1964761e-03 -5.5437903e-03 -5.6093683e-03 -5.3649334e-03 -4.8298238e-03
 -4.0147830e-03 -2.9527288e-03 -1.6997851e-03 -3.3707778e-04  1.1469703e-03
  2.6776966e-03  4.1682853e-03  5.5512677e-03  6.7861624e-03  7.8039536e-03
  8.5718092e-03  9.0442630e-03  9.2213150e-03  9.0820799e-03  8.6437473e-03
  7.9175763e-03  6.9563386e-03  5.7985389e-03  4.5217877e-03  3.1782553e-03
  1.8485604e-03  5.8681564e-04 -5.3972497e-04 -1.4830254e-03 -2.2012033e-03
 -2.6746025e-03 -2.8664375e-03 -2.8408251e-03 -2.5933820e-03 -2.1368285e-03
 -1.5037387e-03 -7.4360980e-04  1.1639880e-04  1.0205415e-03  1.9414697e-03
  2.8295660e-03  3.6649764e-03  4.4091964e-03  5.0481306e-03  5.5400086e-03
  5.8867211e-03  6.0233777e-03  5.9449936e-03  5.7045122e-03  5.3014181e-03
  4.7119897e-03  3.9839278e-03  3.1058874e-03  2.1247959e-03  1.0801891e-03
  2.8333477e-05 -9.8521702e-04 -1.8878384e-03 -2.6522561e-03 -3.2307692e-03
 -3.5972497e-03 -3.7213580e-03 -3.6112591e-03 -3.2620541e-03 -2.7083799e-03
 -1.9708638e-03 -1.1039966e-03 -1.4548346e-04  8.3787709e-04  1.8085088e-03
  2.7028792e-03  3.5022776e-03  4.1718092e-03  4.6715084e-03  4.9721530e-03
  5.0952299e-03  5.0191663e-03  4.7619252e-03  4.3202407e-03  3.7234207e-03
  2.9820370e-03  2.1376880e-03  1.2097121e-03  2.4635153e-04 -7.2692737e-04
 -1.6550064e-03 -2.5266867e-03 -3.2959175e-03 -3.9099269e-03 -4.3274602e-03
 -4.5752471e-03 -4.6165019e-03 -4.4496777e-03 -4.0880963e-03 -3.5701762e-03
 -2.9149979e-03 -2.1799742e-03 -1.4080791e-03 -6.6479587e-04  9.3347658e-06
  5.5510099e-04  9.5015041e-04  1.1416416e-03  1.1306403e-03  9.2101418e-04
  5.2670391e-04 -4.1249678e-05 -7.3408681e-04 -1.5192952e-03 -2.3358831e-03
 -3.1508380e-03 -3.8886119e-03 -4.5124194e-03 -5.0040395e-03 -5.3480017e-03
 -5.5101848e-03 -5.5048560e-03 -5.3303825e-03 -5.0183068e-03 -4.5852170e-03
 -4.0753760e-03 -3.5120756e-03 -2.9406102e-03 -2.3803180e-03 -1.8676407e-03
 -1.4120327e-03 -1.0405673e-03 -7.5073485e-04 -5.5885690e-04 -4.5878814e-04
 -4.5210142e-04 -5.1360550e-04 -6.5089815e-04 -8.4285346e-04 -1.0869789e-03
 -1.3570262e-03 -1.6465836e-03 -1.9228191e-03 -2.1733563e-03 -2.3617533e-03
 -2.4746884e-03 -2.4791577e-03 -2.3699183e-03 -2.1266008e-03 -1.7614955e-03
 -1.2747744e-03 -7.0062742e-04 -6.0559519e-05  5.9227331e-04  1.2233777e-03
  1.7734422e-03  2.2091104e-03  2.4865492e-03  2.5811775e-03  2.4677267e-03
  2.1842716e-03  1.7361410e-03  1.1602063e-03  4.9457671e-04 -1.9778255e-04
 -8.7400086e-04 -1.4712505e-03 -1.9578857e-03 -2.2912763e-03 -2.4650623e-03
 -2.4657499e-03 -2.3163730e-03 -2.0300817e-03 -1.6509669e-03 -1.2065320e-03
 -7.5006446e-04 -3.0576708e-04  8.3077783e-05  4.0058444e-04  6.1820370e-04
  7.3690589e-04  7.4284486e-04  6.4997851e-04  4.5467125e-04  1.7867641e-04
 -1.7633863e-04 -5.8499355e-04 -1.0427159e-03 -1.5211861e-03 -2.0129781e-03
 -2.4865492e-03 -2.9313279e-03 -3.3131070e-03 -3.6204555e-03 -3.8206274e-03
 -3.9066609e-03 -3.8541470e-03 -3.6673829e-03 -3.3368285e-03 -2.8842286e-03
 -2.3184358e-03 -1.6791577e-03 -9.9183498e-04 -3.0867211e-04  3.3704340e-04
  8.9084658e-04  1.3247959e-03  1.5961324e-03  1.6946283e-03  1.6003438e-03
  1.3290933e-03  8.8852600e-04  3.2078212e-04 -3.4426300e-04 -1.0478728e-03
 -1.7499785e-03 -2.3902020e-03 -2.9350236e-03 -3.3370864e-03 -3.5825526e-03
 -3.6479587e-03 -3.5447357e-03 -3.2747744e-03 -2.8722819e-03 -2.3577997e-03
 -1.7794585e-03 -1.1658788e-03 -5.6676407e-04 -7.0074774e-06  4.7177482e-04
  8.5654491e-04  1.1201547e-03  1.2652342e-03  1.2802750e-03  1.1829824e-03
  9.7541899e-04  6.8654920e-04  3.2700473e-04 -6.7951010e-05 -4.8354963e-04
 -8.8302535e-04 -1.2522561e-03 -1.5566824e-03 -1.7863343e-03 -1.9126773e-03
 -1.9327890e-03 -1.8275032e-03 -1.6047271e-03 -1.2568113e-03 -8.0496777e-04
 -2.5528148e-04  3.5816932e-04  1.0175333e-03  1.6797593e-03  2.3211001e-03
  2.8969489e-03  3.3870219e-03  3.7547916e-03  3.9924366e-03  4.0788139e-03
  4.0245810e-03  3.8277611e-03  3.5169746e-03  3.1066609e-03  2.6384186e-03
  2.1357972e-03  1.6448646e-03  1.1889128e-03  8.0880103e-04  5.1893425e-04
  3.4768371e-04  2.9444779e-04  3.7112162e-04  5.5956167e-04  8.5484315e-04
  1.2235496e-03  1.6475290e-03  2.0838848e-03  2.5089815e-03  2.8788139e-03
  3.1738719e-03  3.3580576e-03  3.4237215e-03  3.3506661e-03  3.1481736e-03
  2.8136657e-03  2.3739579e-03  1.8415127e-03  1.2550064e-03  6.3556511e-04
  2.5914052e-05 -5.5325312e-04 -1.0633434e-03 -1.4913623e-03 -1.8091964e-03
 -2.0161581e-03 -2.0974645e-03 -2.0655780e-03 -1.9179201e-03 -1.6787280e-03
 -1.3548775e-03 -9.7808337e-04 -5.6099699e-04 -1.3857327e-04  2.7462828e-04
  6.4403954e-04  9.5762785e-04  1.1847873e-03  1.3198969e-03  1.3406962e-03
  1.2513107e-03  1.0409970e-03  7.2730554e-04  3.1340782e-04 -1.6984959e-04
 -7.0660077e-04 -1.2556081e-03 -1.7938977e-03 -2.2765793e-03 -2.6819940e-03
 -2.9714654e-03 -3.1341642e-03 -3.1467125e-03 -3.0155565e-03 -2.7364847e-03
 -2.3355393e-03 -1.8262140e-03 -1.2494199e-03 -6.2945423e-04 -1.3212720e-05
  5.7382896e-04  1.0886979e-03  1.5142243e-03  1.8191663e-03  2.0005157e-03
  2.0421143e-03  1.9564246e-03  1.7427589e-03  1.4263859e-03  1.0179630e-03
  5.5223034e-04  4.5898582e-05 -4.6249248e-04 -9.5522131e-04 -1.3950150e-03
 -1.7678556e-03 -2.0422862e-03 -2.2128921e-03 -2.2579287e-03 -2.1828105e-03
 -1.9792007e-03 -1.6659218e-03 -1.2471852e-03 -7.5446498e-04 -2.0311990e-04
  3.6697035e-04  9.3476579e-04  1.4581865e-03  1.9179201e-03  2.2776107e-03
  2.5266008e-03  2.6408251e-03  2.6243232e-03  2.4686721e-03  2.1941556e-03
  1.8079072e-03  1.3442200e-03  8.2099699e-04  2.8013752e-04 -2.5595187e-04
 -7.4571551e-04 -1.1707778e-03 -1.4972067e-03 -1.7170606e-03 -1.8096261e-03
 -1.7816932e-03 -1.6268156e-03 -1.3664804e-03 -1.0073055e-03 -5.8152127e-04
 -1.0443489e-04  3.8641169e-04  8.7365707e-04  1.3204985e-03  1.7131930e-03
  2.0207993e-03  2.2373872e-03  2.3416416e-03  2.3377740e-03  2.2153846e-03
  1.9894284e-03  1.6599055e-03  1.2519123e-03  7.7384615e-04  2.5879673e-04
 -2.7889987e-04 -8.0308552e-04 -1.2977224e-03 -1.7277181e-03 -2.0815642e-03
 -2.3311560e-03 -2.4739149e-03 -2.4935110e-03 -2.4000859e-03 -2.1912333e-03
 -1.8906747e-03 -1.5074345e-03 -1.0758058e-03 -6.1210142e-04 -1.5417275e-04
  2.8092823e-04  6.5868500e-04  9.6854319e-04  1.1851311e-03  1.3088956e-03
  1.3271165e-03  1.2521702e-03  1.0830254e-03  8.4309411e-04  5.3916631e-04
  2.0083369e-04 -1.6129781e-04 -5.1655350e-04 -8.5517834e-04 -1.1496347e-03
 -1.3945853e-03 -1.5679416e-03 -1.6707349e-03 -1.6878384e-03 -1.6275892e-03
 -1.4816502e-03 -1.2648904e-03 -9.7619252e-04 -6.3653631e-04 -2.4975505e-04
  1.5832402e-04  5.8053287e-04  9.8891276e-04  1.3758487e-03  1.7147400e-03
  2.0005157e-03  2.2112591e-03  2.3480877e-03  2.3958745e-03  2.3631285e-03
  2.2429738e-03  2.0514826e-03  1.7889987e-03  1.4779544e-03  1.1234207e-03
  7.5186936e-04  3.7068328e-04  7.3005587e-06 -3.3166309e-04 -6.2113451e-04
 -8.5795445e-04 -1.0220026e-03 -1.1168887e-03 -1.1298668e-03 -1.0725398e-03
 -9.4121186e-04 -7.5586592e-04 -5.2051569e-04 -2.6171036e-04  1.2017190e-05
  2.7195531e-04  5.0978943e-04  6.9960464e-04  8.3820370e-04  9.0709067e-04
