Scaled from
PEER NGA STRONG MOTION DATABASE RECORD
ACCELERATION TIME SERIES IN UNITS OF G
NPTS= 2999.000000, DT= 0.010000, Scalar= 1.000000
 -7.7142038e-05 -1.4959727e-04 -1.3321430e-04 -1.4928447e-04 -1.5349425e-04
 -1.6574564e-04 -1.7398274e-04 -1.8880171e-04 -1.9988009e-04 -2.1737090e-04
 -2.3189010e-04 -2.5230039e-04 -2.7058624e-04 -2.9438521e-04 -3.1686782e-04
 -3.4478534e-04 -3.7212940e-04 -4.0498658e-04 -4.3793499e-04 -4.7667023e-04
 -5.1629174e-04 -5.6206501e-04 -6.0941532e-04 -6.6339963e-04 -7.1959961e-04
 -7.8302010e-04 -8.4981623e-04 -9.2453666e-04 -1.0030889e-03 -1.0897740e-03
 -1.1803821e-03 -1.2786930e-03 -1.3807575e-03 -1.4898470e-03 -1.6023252e-03
 -1.7215807e-03 -1.8438339e-03 -1.9726038e-03 -2.1050231e-03 -2.2447410e-03
 -2.3858927e-03 -2.5300420e-03 -2.6724969e-03 -2.8135182e-03 -2.9468498e-03
 -3.0726221e-03 -3.1851002e-03 -3.2848057e-03 -3.3667857e-03 -3.4363840e-03
 -3.4992050e-03 -3.5629382e-03 -3.6247165e-03 -3.6876678e-03 -3.7491854e-03
 -3.8118760e-03 -3.8730026e-03 -3.9353022e-03 -3.9959075e-03 -4.0575555e-03
 -4.1177697e-03 -4.1788963e-03 -4.2385893e-03 -4.2994552e-03 -4.3586268e-03
 -4.4187107e-03 -4.4774913e-03 -4.5373146e-03 -4.5954435e-03 -4.6548758e-03
 -4.7126137e-03 -4.7712640e-03 -4.8284806e-03 -4.8863488e-03 -4.9426531e-03
 -4.9998697e-03 -5.0550009e-03 -5.1109142e-03 -5.1650027e-03 -5.2196126e-03
 -5.2722675e-03 -5.3254438e-03 -5.3766650e-03 -5.4282772e-03 -5.4779345e-03
 -5.5279827e-03 -5.5763366e-03 -5.6249511e-03 -5.6717410e-03 -5.7190522e-03
 -5.7646691e-03 -5.8108073e-03 -5.8552512e-03 -5.9002164e-03 -5.9436175e-03
 -5.9872794e-03 -6.0292469e-03 -6.0714751e-03 -6.1118786e-03 -6.1522821e-03
 -6.1909913e-03 -6.2294398e-03 -6.2659333e-03 -6.3021661e-03 -6.3361833e-03
 -6.3700701e-03 -6.4016109e-03 -6.4330214e-03 -6.4618252e-03 -6.4907593e-03
 -6.5174778e-03 -6.5440659e-03 -6.5684383e-03 -6.5929411e-03 -6.6154889e-03
 -6.6380366e-03 -6.6586294e-03 -6.6790918e-03 -6.6977296e-03 -6.7163673e-03
 -6.7329197e-03 -6.7494721e-03 -6.7636785e-03 -6.7777546e-03 -6.7894847e-03
 -6.8008237e-03 -6.8096864e-03 -6.8178975e-03 -6.8235018e-03 -6.8287152e-03
 -6.8310612e-03 -6.8327555e-03 -6.8318432e-03 -6.8302792e-03 -6.8262388e-03
 -6.8216771e-03 -6.8147694e-03 -6.8077314e-03 -6.7984777e-03 -6.7892240e-03
 -6.7780153e-03 -6.7668066e-03 -6.7536428e-03 -6.7404791e-03 -6.7256210e-03
 -6.7103720e-03 -6.6929072e-03 -6.6753121e-03 -6.6549801e-03 -6.6341266e-03
 -6.6105362e-03 -6.5859031e-03 -6.5584026e-03 -6.5297292e-03 -6.4979277e-03
 -6.4649532e-03 -6.4291114e-03 -6.3920966e-03 -6.3523447e-03 -6.3118109e-03
 -6.2690613e-03 -6.2259208e-03 -6.1809556e-03 -6.1361207e-03 -6.0901129e-03
 -6.0446263e-03 -5.9983578e-03 -5.9527409e-03 -5.9062117e-03 -5.8604645e-03
 -5.8134140e-03 -5.7664938e-03 -5.7177489e-03 -5.6684827e-03 -5.6166098e-03
 -5.5634335e-03 -5.5067383e-03 -5.4482183e-03 -5.3857884e-03 -5.3217944e-03
 -5.2544118e-03 -5.1841618e-03 -5.1100018e-03 -5.0346688e-03 -4.9567291e-03
 -4.8783985e-03 -4.7986341e-03 -4.7196517e-03 -4.6401481e-03 -4.5622084e-03
 -4.4845294e-03 -4.4089357e-03 -4.3334724e-03 -4.2599640e-03 -4.1860647e-03
 -4.1132080e-03 -4.0390480e-03 -3.9647577e-03 -3.8878607e-03 -3.8096603e-03
 -3.7275500e-03 -3.6425723e-03 -3.5536845e-03 -3.4627115e-03 -3.3654824e-03
 -3.2643432e-03 -3.1587728e-03 -3.0500743e-03 -2.9375961e-03 -2.8232933e-03
 -2.7059928e-03 -2.5880406e-03 -2.4681334e-03 -2.3484868e-03 -2.2274066e-03
 -2.1071084e-03 -1.9857675e-03 -1.8650783e-03 -1.7429555e-03 -1.6210932e-03
 -1.4976670e-03 -1.3737195e-03 -1.2477387e-03 -1.1209629e-03 -9.9103303e-04
 -8.6072518e-04 -7.2837109e-04 -5.9325392e-04 -4.5409639e-04 -3.1337487e-04
 -1.6882152e-04 -2.2109845e-05  1.2821338e-04  2.8047859e-04  4.3634492e-04
  5.9372312e-04  7.5387743e-04  9.1457915e-04  1.0768840e-03  1.2390063e-03
  1.4006986e-03  1.5595756e-03  1.7185830e-03  1.8752444e-03  2.0299507e-03
  2.1808774e-03  2.3305007e-03  2.4755624e-03  2.6173657e-03  2.7579960e-03
  2.8994083e-03  3.0386049e-03  3.1784532e-03  3.3177802e-03  3.4586711e-03
  3.5998227e-03  3.7431901e-03  3.8873394e-03  4.0339650e-03  4.1817637e-03
  4.3313870e-03  4.4814014e-03  4.6358470e-03  4.7912051e-03  4.9479968e-03
  5.1077861e-03  5.2713552e-03  5.4353153e-03  5.6012304e-03  5.7666241e-03
  5.9324088e-03  6.0962386e-03  6.2587650e-03  6.4181633e-03  6.5757370e-03
  6.7299221e-03  6.8830644e-03  7.0342518e-03  7.1862211e-03  7.3393634e-03
  7.4955035e-03  7.6538592e-03  7.8199046e-03  7.9923364e-03  8.1705028e-03
  8.3547950e-03  8.5449522e-03  8.7353700e-03  8.9325652e-03  9.1315851e-03
  9.3315173e-03  9.5285822e-03  9.7219978e-03  9.9145010e-03  1.0105179e-02
  1.0291557e-02  1.0475197e-02  1.0655971e-02  1.0834919e-02  1.1010088e-02
  1.1184214e-02  1.1354169e-02  1.1520997e-02  1.1681699e-02  1.1839403e-02
  1.1991372e-02  1.2140083e-02  1.2281235e-02  1.2417694e-02  1.2550765e-02
  1.2685139e-02  1.2821990e-02  1.2963533e-02  1.3111592e-02  1.3262779e-02
  1.3420483e-02  1.3580794e-02  1.3741105e-02  1.3904022e-02  1.4064333e-02
  1.4218127e-02  1.4357584e-02  1.4486615e-02  1.4601309e-02  1.4696452e-02
  1.4774653e-02  1.4839820e-02  1.4894560e-02  1.4942783e-02  1.4972760e-02
  1.5036624e-02  1.5151318e-02  1.5221698e-02  1.5267315e-02  1.5331178e-02
  1.5396345e-02  1.5470636e-02  1.5552746e-02  1.5638767e-02  1.5724787e-02
  1.5813414e-02  1.5899434e-02  1.5985455e-02  1.6066262e-02  1.6141855e-02
  1.6213539e-02  1.6281313e-02  1.6341266e-02  1.6394703e-02  1.6441623e-02
  1.6480724e-02  1.6512004e-02  1.6526340e-02  1.6515914e-02  1.6510700e-02
  1.6508094e-02  1.6497667e-02  1.6485937e-02  1.6478117e-02  1.6479420e-02
  1.6492454e-02  1.6517217e-02  1.6557621e-02  1.6617574e-02  1.6682741e-02
  1.6802648e-02  1.6995543e-02  1.7136303e-02  1.7236660e-02  1.7348747e-02
  1.7450408e-02  1.7544248e-02  1.7626359e-02  1.7694132e-02  1.7739749e-02
  1.7798399e-02  1.7887027e-02  1.7926127e-02  1.7932643e-02  1.7949587e-02
  1.7940463e-02  1.7987384e-02  1.8126841e-02  1.8178975e-02  1.8164638e-02
  1.8177671e-02  1.8182885e-02  1.8186795e-02  1.8194615e-02  1.8194615e-02
  1.8227198e-02  1.8306702e-02  1.8347105e-02  1.8360139e-02  1.8387509e-02
  1.8414879e-02  1.8442249e-02  1.8468316e-02  1.8486563e-02  1.8498293e-02
  1.8496989e-02  1.8480046e-02  1.8434429e-02  1.8351015e-02  1.8262388e-02
  1.8162031e-02  1.8031697e-02  1.7893543e-02  1.7726716e-02  1.7505148e-02
  1.7344837e-02  1.7253604e-02  1.7108933e-02  1.6939499e-02  1.6764852e-02
  1.6669708e-02  1.6700988e-02  1.6654068e-02  1.6553711e-02  1.6492454e-02
  1.6332143e-02  1.6115789e-02  1.5948961e-02  1.5743034e-02  1.5598363e-02
  1.5621823e-02  1.5559263e-02  1.5252978e-02  1.4847640e-02  1.4521805e-02
  1.4676902e-02  1.5144801e-02  1.4882830e-02  1.3887079e-02  1.3183276e-02
  1.2978782e-02  1.3031697e-02  1.3281026e-02  1.3600344e-02  1.4008289e-02
  1.4622162e-02  1.5250371e-02  1.5410682e-02  1.5039231e-02  1.4373224e-02
  1.3428303e-02  1.2218414e-02  1.0938665e-02  9.8245705e-03  8.9652790e-03
  8.3444986e-03  8.0077158e-03  8.4916456e-03  1.0327138e-02  1.2404661e-02
  1.2854964e-02  1.1789485e-02  1.0755806e-02  1.0411073e-02  1.0557959e-02
  1.1040716e-02  1.1406564e-02  1.1084769e-02  1.0333785e-02  9.4151917e-03
  8.5655449e-03  8.5806637e-03  9.1055183e-03  9.0039882e-03  8.1152412e-03
  6.8586920e-03  5.7469437e-03  5.3168417e-03  5.4114642e-03  5.6339442e-03
  6.3389203e-03  7.6486458e-03  8.5226651e-03  7.7750697e-03  5.9060814e-03
  4.7223888e-03  4.6806819e-03  4.9856633e-03  5.3632406e-03  5.5352814e-03
  5.0268488e-03  4.2827725e-03  3.7295050e-03  3.4031489e-03  3.9136668e-03
  4.9627245e-03  5.4897949e-03  5.0709017e-03  3.3816438e-03  1.3793238e-03
  8.1303600e-04  1.3731981e-03  2.0995490e-03  2.8586138e-03  3.1677658e-03
  2.7998332e-03  2.3406668e-03  2.0866460e-03  1.7385241e-03  1.0935537e-03
  2.6698903e-04 -4.5839741e-04 -7.9386388e-04 -1.4056513e-03 -3.6576910e-03
 -6.6780492e-03 -7.5521987e-03 -5.9030837e-03 -3.6645987e-03 -1.6948622e-03
 -4.2310299e-04 -5.6203894e-06  8.5435185e-04  2.4118291e-03  3.3630060e-03
  3.6157235e-03  3.3317259e-03  1.7917003e-03 -1.1546673e-03 -5.1895055e-03
 -9.8192269e-03 -1.3640748e-02 -1.5555353e-02 -1.5793864e-02 -1.4676902e-02
 -1.1960743e-02 -8.0505956e-03 -4.7352918e-03 -2.7811954e-03 -9.5163308e-04
  7.7622970e-04  1.9444517e-03  3.6526080e-03  3.7998853e-03 -1.0577249e-03
 -7.3189010e-03 -1.0711102e-02 -1.2121836e-02 -1.1939890e-02 -1.0761280e-02
 -1.0108177e-02 -9.0887053e-03 -6.4212913e-03 -3.8134400e-03 -3.4937309e-03
 -4.6986680e-03 -5.6731747e-03 -6.4968850e-03 -7.8846806e-03 -9.3298230e-03
 -1.1295258e-02 -1.5113521e-02 -1.9958032e-02 -2.2395277e-02 -1.9067852e-02
 -1.1613534e-02 -5.4175899e-03 -3.6395746e-03 -4.9788859e-03 -6.1921643e-03
 -5.8123713e-03 -3.9595444e-03 -6.0292469e-04  2.2345750e-03  7.7642520e-04
 -4.9414801e-03 -1.2679274e-02 -1.9040482e-02 -2.0273441e-02 -1.8085134e-02
 -1.5838177e-02 -1.5672653e-02 -1.8558246e-02 -2.2122879e-02 -2.4187368e-02
 -2.4063551e-02 -2.0364674e-02 -1.3387900e-02 -7.5497224e-03 -5.8912233e-03
 -7.9465892e-03 -1.1487501e-02 -1.2809087e-02 -1.1132732e-02 -7.5047572e-03
 -4.5708104e-03 -7.2493027e-03 -1.6403827e-02 -2.7933165e-02 -3.4877356e-02
 -3.3532310e-02 -2.8755572e-02 -2.4801241e-02 -2.1176655e-02 -2.0031019e-02
 -2.2671585e-02 -2.4408936e-02 -2.3381904e-02 -2.0889920e-02 -1.6265673e-02
 -1.3960066e-02 -1.8470923e-02 -2.5726612e-02 -3.1935719e-02 -3.6243255e-02
 -3.6832365e-02 -3.5622866e-02 -3.5079373e-02 -3.3815134e-02 -3.3437166e-02
 -3.2814170e-02 -2.6393921e-02 -1.6903006e-02 -1.1441754e-02 -1.1790397e-02
 -1.7112843e-02 -2.4609650e-02 -3.0395172e-02 -3.4709225e-02 -3.8088783e-02
 -4.0485624e-02 -4.2908532e-02 -4.6453614e-02 -5.2057973e-02 -5.6082684e-02
 -5.5128640e-02 -5.1347653e-02 -4.6630868e-02 -4.2087428e-02 -3.8486302e-02
 -3.5620259e-02 -3.4754842e-02 -3.3546647e-02 -2.8597868e-02 -2.5478977e-02
 -2.8801189e-02 -3.4896906e-02 -4.0661575e-02 -4.3345150e-02 -4.2530563e-02
 -4.4331778e-02 -5.0530459e-02 -5.6404609e-02 -6.0145192e-02 -6.3593827e-02
 -6.7962620e-02 -7.0140500e-02 -6.9196882e-02 -6.9374137e-02 -6.9720825e-02
 -6.6196596e-02 -5.9442692e-02 -5.0839350e-02 -4.3703569e-02 -4.2671324e-02
 -4.1740740e-02 -3.5539452e-02 -3.1977426e-02 -3.7026562e-02 -4.7223888e-02
 -5.7903449e-02 -6.7210594e-02 -7.3014363e-02 -7.5108829e-02 -7.3795063e-02
 -6.8391419e-02 -6.5083544e-02 -6.8173761e-02 -7.0659229e-02 -6.8997472e-02
 -6.7456925e-02 -6.5057477e-02 -6.2433856e-02 -6.2939551e-02 -6.2916091e-02
 -6.4270260e-02 -7.0703542e-02 -7.5151839e-02 -7.3003936e-02 -6.6612361e-02
 -5.8575972e-02 -5.4221516e-02 -5.3800537e-02 -5.1956312e-02 -5.2570185e-02
 -5.7227016e-02 -5.8405234e-02 -5.7051065e-02 -6.0454083e-02 -7.0487188e-02
 -8.4107082e-02 -9.3960326e-02 -9.5781091e-02 -9.1971431e-02 -8.3142611e-02
 -7.1683654e-02 -6.3653781e-02 -6.2173188e-02 -6.5659620e-02 -6.9166906e-02
 -6.6399917e-02 -5.8187577e-02 -5.4317963e-02 -5.8749316e-02 -6.6857389e-02
 -7.2091599e-02 -7.2490420e-02 -6.9521414e-02 -6.1492845e-02 -5.0278915e-02
 -4.2123921e-02 -4.1835884e-02 -4.8449026e-02 -5.4665954e-02 -5.8461278e-02
 -6.2243568e-02 -6.2085864e-02 -5.8573365e-02 -5.7891719e-02 -5.8506895e-02
 -6.3060762e-02 -7.2710685e-02 -7.5740948e-02 -7.2320986e-02 -7.1683654e-02
 -7.4956338e-02 -8.0434273e-02 -8.3328989e-02 -7.9296458e-02 -6.8164638e-02
 -4.6685609e-02 -1.8970101e-02 -3.8344238e-03 -6.8155514e-03 -1.7089383e-02
 -2.7762427e-02 -3.0151448e-02 -1.7088080e-02  1.9103042e-03  9.7008837e-03
  6.4678206e-04 -1.8336679e-02 -3.4198316e-02 -3.5542059e-02 -2.9200010e-02
 -3.1201939e-02 -4.0300550e-02 -5.0115997e-02 -6.0280739e-02 -5.9818054e-02
 -4.5241509e-02 -2.9443735e-02 -1.4872403e-02 -5.4319266e-03 -5.0808070e-03
 -1.7559888e-03  3.5594192e-03  4.3822172e-03  7.4483226e-03  7.3570889e-03
 -6.3776295e-04 -7.4326825e-03 -1.4086490e-02 -1.8534786e-02 -1.1887626e-02
 -1.3725465e-03  2.9228684e-03 -5.0813284e-03 -2.0771316e-02 -2.4558820e-02
 -1.8238928e-02 -1.9185152e-02 -2.7937075e-02 -4.1038240e-02 -5.2937726e-02
 -5.1631781e-02 -4.1786357e-02 -3.8131794e-02 -3.5673696e-02 -2.5073639e-02
 -1.2724891e-02 -2.2614238e-03  7.9117900e-03  1.2879598e-02  3.8402888e-03
 -1.8684670e-02 -4.1925814e-02 -6.0636551e-02 -7.2155462e-02 -7.5430754e-02
 -6.2035034e-02 -1.8039517e-02  3.1461304e-02  6.5166958e-02  9.1872377e-02
  1.1086203e-01  1.2667414e-01  1.4545265e-01  1.6250033e-01  1.7095900e-01
  1.6449443e-01  1.6199202e-01  1.6905612e-01  1.5894221e-01  1.3497380e-01
  1.1798347e-01  1.1454917e-01  1.1304773e-01  1.0846779e-01  1.0633683e-01
  9.7783020e-02  7.3228110e-02  3.2165107e-02 -2.9332951e-03 -5.6743477e-03
  1.0961473e-02  1.6850872e-02  7.1810077e-03 -7.4115684e-03 -1.0848213e-02
  1.1866512e-02  3.7439721e-02  6.5451086e-02  1.4047389e-01  2.4055731e-01
  3.3133488e-01  4.0872716e-01  4.4898731e-01  4.6620442e-01  4.8168808e-01
  4.8150562e-01  4.6166880e-01  4.1910174e-01  3.5058520e-01  2.8090869e-01
  2.3241144e-01  1.9357193e-01  1.5821234e-01  1.3417877e-01  1.2025389e-01
  1.1398613e-01  9.7187394e-02  4.6504444e-02 -1.1563095e-02 -3.8151344e-02
 -3.4608868e-02 -1.7223627e-02 -1.3501290e-03 -4.1868467e-03  3.9418189e-03
  7.1639340e-02  1.8348409e-01  2.9583192e-01  3.8183927e-01  4.4651096e-01
  5.1273362e-01  5.7431640e-01  6.0259886e-01  6.0390220e-01  6.1732659e-01
  6.2342622e-01  5.7451190e-01  5.1017908e-01  4.6426244e-01  4.2367646e-01
  3.8924224e-01  3.3085264e-01  2.2247999e-01  8.1753252e-02 -4.2774288e-02
 -1.0730261e-01 -1.2685400e-01 -1.3818002e-01 -1.4304147e-01 -1.1595287e-01
 -6.0997576e-02 -1.0629773e-02  4.0112869e-02  1.0088757e-01  1.6974689e-01
  2.5074942e-01  3.1370070e-01  3.2795923e-01  3.0324792e-01  2.8075229e-01
  2.9325131e-01  3.4010635e-01  3.9078018e-01  4.0275787e-01  3.8697443e-01
  3.5754503e-01  3.0384746e-01  2.2967443e-01  1.6264369e-01  1.2793447e-01
  9.2122618e-02  6.6680135e-02  1.1549931e-01  1.8162031e-01  1.8708130e-01
  1.4727732e-01  8.1562964e-02  1.4309361e-02 -1.3833642e-02 -2.2942679e-02
 -5.6726533e-02 -1.0106874e-01 -1.3175456e-01 -1.2554284e-01 -8.5041577e-02
 -4.2844668e-02  6.7735839e-03  5.0281521e-02  7.3191617e-02  1.1702943e-01
  1.6450747e-01  1.7318771e-01  1.6414253e-01  1.3786722e-01  7.7351876e-02
 -6.2574616e-03 -9.4943044e-02 -1.4856763e-01 -1.5023590e-01 -1.4000469e-01
 -1.7252300e-01 -2.7226755e-01 -3.8578839e-01 -4.3677502e-01 -4.2030081e-01
 -3.8272554e-01 -3.8311654e-01 -4.3889946e-01 -4.6431457e-01 -4.2116101e-01
 -3.7572661e-01 -3.1312723e-01 -1.8941428e-01 -3.6354039e-02  9.4200141e-02
  1.6358210e-01  1.9409327e-01  2.3405365e-01  2.6043323e-01  2.2358783e-01
  1.1828324e-01 -4.3342544e-02 -2.2642911e-01 -3.6425723e-01 -4.6418424e-01
 -5.5953653e-01 -6.1417251e-01 -6.1365117e-01 -5.9136407e-01 -5.9728123e-01
 -6.1345567e-01 -5.7492897e-01 -5.0643850e-01 -4.3865183e-01 -3.6483070e-01
 -3.1431327e-01 -3.0723614e-01 -3.0793994e-01 -3.0581550e-01 -3.1259286e-01
 -2.9157000e-01 -2.3397545e-01 -1.8529573e-01 -1.9719521e-01 -2.8479264e-01
 -3.9493783e-01 -4.6174700e-01 -4.6705159e-01 -4.4278341e-01 -4.0153273e-01
 -3.2369731e-01 -2.3991867e-01 -1.7638089e-01 -1.2762297e-01 -1.1087767e-01
 -1.2599119e-01 -1.5194328e-01 -1.9196882e-01 -2.6715846e-01 -3.8552772e-01
 -5.0501786e-01 -5.6568829e-01 -5.8645049e-01 -5.9961421e-01 -6.2046764e-01
 -6.9040482e-01 -7.6844877e-01 -8.0021114e-01 -8.1188906e-01 -8.2107760e-01
 -8.3193442e-01 -7.9372051e-01 -6.9234679e-01 -5.9270651e-01 -4.9047259e-01
 -3.7524438e-01 -2.6139770e-01 -1.2505670e-01  5.5350207e-02  2.4977192e-01
  3.9531580e-01  5.1202982e-01  6.4710789e-01  7.7321899e-01  8.7611761e-01
  9.4020280e-01  9.5882752e-01  9.6772932e-01  9.6686912e-01  1.0000000e+00
  9.7656596e-01  7.1060657e-01  4.1293694e-01  2.3693402e-01  7.8351537e-02
 -9.4621119e-02 -2.3742929e-01 -3.0590673e-01 -3.7627401e-01 -4.8937779e-01
 -5.3108464e-01 -4.3045382e-01 -2.6187994e-01 -1.2342100e-01 -3.6064698e-02
  3.9055861e-02  1.2631572e-01  1.8379689e-01  2.0006256e-01  2.5828272e-01
  3.8333811e-01  5.3306571e-01  6.5290775e-01  7.0204364e-01  6.9140839e-01
  6.7078956e-01  6.9452337e-01  7.2258426e-01  6.9561817e-01  6.2118447e-01
  4.7577093e-01  2.7368819e-01  1.0554180e-01  9.2801658e-03 -6.9553997e-02
 -1.6650158e-01 -2.3780726e-01 -2.8377603e-01 -3.4129239e-01 -3.9141882e-01
 -3.6236739e-01 -2.4264265e-01 -1.5057477e-01 -1.4610432e-01 -1.5133071e-01
 -1.9314183e-01 -3.0941272e-01 -3.6268019e-01 -3.2492245e-01 -2.6211454e-01
 -1.9368923e-01 -1.2532909e-01 -3.8097907e-02  2.4669604e-02  7.4833824e-02
  2.0668352e-01  3.8904674e-01  5.5892396e-01  6.5569690e-01  6.1047103e-01
  5.3240101e-01  5.6345958e-01  6.0985846e-01  5.9605610e-01  5.6931158e-01
  4.9756276e-01  3.6769804e-01  2.3084743e-01  1.0295206e-01 -3.7777285e-02
 -2.0690509e-01 -3.6380106e-01 -4.5787608e-01 -4.7277325e-01 -4.2226885e-01
 -3.3929828e-01 -2.3758569e-01 -1.8073404e-01 -1.9438000e-01 -1.7834893e-01
 -1.1461565e-01 -5.6027944e-02  1.3058155e-02  9.7814300e-02  1.9698668e-01
  3.1452180e-01  4.3051899e-01  5.1588770e-01  5.4733728e-01  5.4767615e-01
  5.3908714e-01  5.1384146e-01  4.8867398e-01  4.7305998e-01  4.3561505e-01
  3.9888695e-01  4.0550791e-01  4.4626333e-01  4.9251883e-01  5.3087610e-01
  5.4813231e-01  5.4123765e-01  5.4783255e-01  5.2430728e-01  4.4686286e-01
  3.4945129e-01  2.1280922e-01  7.0050570e-02 -1.4877616e-02 -4.6795089e-02
 -8.8887730e-02 -1.4442301e-01 -1.7914397e-01 -2.2439590e-01 -2.7927951e-01
 -2.7901885e-01 -2.5922112e-01 -2.9184370e-01 -3.6587337e-01 -4.6780752e-01
 -5.7916482e-01 -6.8714647e-01 -7.9340771e-01 -8.4569768e-01 -8.6961395e-01
 -9.3553685e-01 -9.8138832e-01 -9.8746188e-01 -9.9255793e-01 -7.8419310e-01
 -4.1990981e-01 -2.5516774e-01 -2.5360373e-01 -2.5124469e-01 -1.6432500e-01
 -5.7147512e-02 -1.8547820e-02 -7.5408597e-02 -2.6117613e-01 -4.4128457e-01
 -5.1689128e-01 -5.6130907e-01 -6.0587024e-01 -6.2579830e-01 -6.4549175e-01
 -6.9391080e-01 -7.1176655e-01 -6.6544587e-01 -5.5956260e-01 -3.8866877e-01
 -2.1469906e-01 -1.3097255e-01 -1.4753799e-01 -2.3391028e-01 -2.9489352e-01
 -2.5232646e-01 -1.7429555e-01 -1.1126346e-01 -6.8985741e-02 -1.7390454e-02
  6.8087741e-02  1.4375831e-01  1.8229805e-01  1.7253604e-01  1.7591169e-01
  1.7446498e-01  8.2473998e-02 -2.4652660e-02 -1.3696791e-01 -2.7023434e-01
 -3.6355342e-01 -4.2207335e-01 -4.3597998e-01 -4.0987410e-01 -3.5568126e-01
 -2.4295545e-01 -9.5128118e-02  4.5452650e-02  1.5624430e-01  2.3447071e-01
  3.1690692e-01  4.1915387e-01  5.2935120e-01  6.3135052e-01  6.9297240e-01
  7.2021218e-01  7.1436019e-01  6.4742069e-01  5.4646404e-01  4.4679770e-01
  3.7671715e-01  3.6999192e-01  4.1914084e-01  4.8647134e-01  5.4238459e-01
  5.5969293e-01  5.0349295e-01  3.8683106e-01  2.4000991e-01  6.8285848e-02
 -6.1876026e-02 -1.0524594e-01 -1.0919115e-01 -1.2668326e-01 -1.4159477e-01
 -7.9248234e-02  3.7951933e-02  1.1813596e-01  1.7063316e-01  1.8305398e-01
  1.2832417e-01  1.2054584e-01  2.0233037e-01  2.6808383e-01  2.6992154e-01
  2.2864479e-01  1.6758335e-01  9.2211245e-02  4.7759560e-02  5.5371061e-02
  6.3511717e-02  8.9889998e-02  1.5031410e-01  2.1673227e-01  2.9463285e-01
  3.4073196e-01  3.2051716e-01  2.7530433e-01  2.5125772e-01  2.6028986e-01
  2.9630112e-01  3.6150718e-01  4.3124886e-01  4.9947866e-01  5.6684827e-01
  5.9789380e-01  6.1647942e-01  6.0699111e-01  5.4456117e-01  4.4237938e-01
  3.0068034e-01  1.7854443e-01  4.0986106e-02 -1.1588640e-01 -2.1209238e-01
 -2.5064515e-01 -3.2533952e-01 -4.9336600e-01 -6.1346871e-01 -5.6620963e-01
 -4.7965488e-01 -4.4725386e-01 -4.0121993e-01 -3.4124026e-01 -3.2099940e-01
 -3.2546985e-01 -3.3799494e-01 -3.4078409e-01 -3.2606939e-01 -3.1475641e-01
 -3.2769856e-01 -3.9603264e-01 -4.6634778e-01 -4.9779736e-01 -5.1994109e-01
 -5.2812606e-01 -5.4904465e-01 -5.4006465e-01 -4.6776842e-01 -3.9974715e-01
 -3.2494852e-01 -2.4551000e-01 -1.9615254e-01 -1.6440320e-01 -1.3374866e-01
 -8.0990798e-02 -3.2376248e-02 -3.5536845e-02 -7.3543518e-02 -1.0390220e-01
 -1.0013164e-01 -2.2155462e-02  1.1698772e-01  2.1189688e-01  2.5605401e-01
  2.8003545e-01  2.6486458e-01  2.7254125e-01  3.1479551e-01  3.0877408e-01
  2.6019863e-01  2.1871334e-01  1.7269244e-01  7.5691421e-02 -4.6448401e-02
 -1.1797435e-01 -1.3324036e-01 -9.7089644e-02 -1.7648515e-02  6.3655084e-02
  1.4815056e-01  2.7748091e-01  4.0870109e-01  4.4553346e-01  4.1958397e-01
  4.2634830e-01  4.8911712e-01  5.8682845e-01  6.5975028e-01  6.5776920e-01
  5.9185934e-01  5.0811980e-01  4.4572896e-01  3.9131455e-01  3.1886192e-01
  2.2357480e-01  1.0751375e-01  3.9630634e-03 -6.2244871e-02 -1.1909522e-01
 -1.8163334e-01 -2.4892475e-01 -3.1823632e-01 -3.7898496e-01 -4.4050257e-01
 -5.0942314e-01 -5.5283737e-01 -5.7195735e-01 -5.4744155e-01 -4.8127102e-01
 -4.5563434e-01 -4.6096499e-01 -4.4155827e-01 -4.0327920e-01 -3.6673357e-01
 -3.3368089e-01 -3.3313349e-01 -3.7398014e-01 -4.0855772e-01 -4.1924511e-01
 -4.0310977e-01 -3.3686104e-01 -2.8217293e-01 -2.8584834e-01 -1.6568047e-01
  6.5432839e-02  1.5917681e-01  1.6577171e-01  1.9067852e-01  2.8408884e-01
  4.5202409e-01  5.8389594e-01  6.0846388e-01  5.6879024e-01  4.8335636e-01
  3.7360217e-01  3.2060840e-01  3.3362876e-01  3.5572036e-01  3.4543701e-01
  3.2487032e-01  2.5043662e-01  1.6128822e-01  1.9376743e-01  2.8279853e-01
  3.5250111e-01  3.7976696e-01  3.4900816e-01  2.5944269e-01  1.2289576e-01
  4.7803874e-02  5.6024034e-02  1.0901650e-01  1.6565441e-01  1.4087793e-01
  7.5220916e-02  9.0595105e-03 -8.3755181e-02 -9.9859239e-02 -2.5619738e-03
  1.0810416e-01  2.1580690e-01  3.0010687e-01  3.2429685e-01  3.1413080e-01
  2.9272997e-01  2.7646430e-01  2.6323541e-01  2.2429164e-01  1.3898809e-01
  2.8339807e-02 -7.4750411e-02 -1.6763548e-01 -2.2807132e-01 -2.4528843e-01
 -2.5915596e-01 -2.6478638e-01 -2.5537627e-01 -2.4004901e-01 -1.9904596e-01
 -1.7471261e-01 -2.2539947e-01 -3.0206188e-01 -3.3305529e-01 -3.3365482e-01
 -3.1390924e-01 -2.6167140e-01 -1.9775565e-01 -1.2017960e-01 -3.9085838e-02
  1.1584339e-02  5.4926622e-02  1.0709017e-01  1.4588275e-01  1.7380028e-01
  1.7385241e-01  1.3357923e-01  1.0260146e-01  1.1014910e-01  1.4414931e-01
  2.1631520e-01  2.8543127e-01  2.6986941e-01  1.8958371e-01  8.8036650e-02
 -2.3314131e-02 -1.2375205e-01 -1.7012486e-01 -1.4349764e-01 -7.7943591e-02
  1.0465683e-02  5.9483096e-02  2.8910669e-03 -1.0568256e-01 -2.0274744e-01
 -2.9026666e-01 -3.6193728e-01 -3.9647577e-01 -3.9008941e-01 -3.1271016e-01
 -1.7660246e-01 -6.2018090e-02  2.9094440e-02  1.1085812e-01  1.3791935e-01
  1.1063785e-01  6.4300237e-02  2.6109793e-02  9.9350937e-03 -1.5295988e-03
 -1.6339963e-02 -5.0383182e-02 -1.1860908e-01 -1.5538409e-01 -1.3235409e-01
 -9.4279644e-02 -7.0879493e-02 -1.0657404e-01 -2.1020254e-01 -3.1433934e-01
 -3.7095639e-01 -3.6561270e-01 -3.1439147e-01 -2.6150197e-01 -2.2886636e-01
 -2.2031645e-01 -2.1541590e-01 -2.0990277e-01 -2.3353231e-01 -2.5322576e-01
 -1.9482314e-01 -6.8614290e-02  4.8808748e-02  1.2284363e-01  1.4430571e-01
  1.2249303e-01  1.1144853e-01  1.2355004e-01  1.3333160e-01  1.3020358e-01
  1.1517217e-01  1.2104241e-01  1.6251336e-01  2.0644892e-01  2.3427521e-01
  2.5914292e-01  2.9909027e-01  3.4344290e-01  3.6488283e-01  3.4538488e-01
  2.7291922e-01  1.9037875e-01  1.3399630e-01  8.1315330e-02  3.0847431e-02
 -2.7280192e-02 -9.4219691e-02 -1.1991242e-01 -1.0680995e-01 -1.0126163e-01
 -1.0837135e-01 -1.1192425e-01 -1.0291818e-01 -8.2363215e-02 -7.1975601e-02
 -7.6465605e-02 -7.0565389e-02 -6.4043479e-02 -7.6867033e-02 -1.0939447e-01
 -1.5186508e-01 -1.6843052e-01 -1.5092667e-01 -1.1777103e-01 -7.2465657e-02
 -2.2911399e-02  1.3372260e-02  3.3385032e-02  4.8580664e-02  4.5625994e-02
  1.8169851e-02 -1.2324505e-02 -3.3528400e-02 -4.1817637e-02 -2.6207544e-02
  1.3789328e-02  4.2241222e-02  4.4338295e-02  3.3404583e-02  7.4077888e-03
 -5.9295415e-03  9.3247400e-03  2.4686547e-02  4.6520084e-02  9.6371504e-02
  1.5959388e-01  2.0664442e-01  2.3547429e-01  2.6468212e-01  2.7690744e-01
  2.4711310e-01  1.9138232e-01  1.2735709e-01  6.1788703e-02  2.3202044e-02
  1.5709147e-02  4.6686912e-03 -5.6356385e-03 -7.0484581e-03 -7.8032219e-03
  3.7834632e-03  2.0642286e-02  2.5267836e-02  1.0270313e-02 -1.6448140e-02
 -2.3986654e-02  6.0227302e-03  5.6825587e-02  8.9475536e-02  7.5721398e-02
  2.5211793e-02 -3.0160571e-02 -7.2336626e-02 -9.5137242e-02 -9.2881162e-02
 -7.3471835e-02 -4.7127441e-02 -1.3621198e-02  1.5365065e-02  2.9735683e-02
  2.4833824e-02 -8.7008315e-03 -6.2891328e-02 -1.1344655e-01 -1.3046425e-01
 -1.1230873e-01 -9.0634205e-02 -8.0753591e-02 -8.4687068e-02 -1.0186769e-01
 -1.2223236e-01 -1.4018716e-01 -1.4893257e-01 -1.4424054e-01 -1.3304486e-01
 -1.1755989e-01 -9.7055757e-02 -7.6870943e-02 -7.0200454e-02 -8.5996924e-02
 -1.0975810e-01 -1.2233402e-01 -1.2115450e-01 -1.1768240e-01 -1.2295832e-01
 -1.2902797e-01 -1.2182832e-01 -9.7360738e-02 -6.1023643e-02 -2.2167192e-02
  1.4275474e-02  3.6312332e-02  4.2539687e-02  4.3893856e-02  3.4396424e-02
  1.8817611e-02  1.1463780e-02  2.3132967e-03 -1.1189167e-02 -1.7085473e-02
 -2.2917916e-02 -2.5372103e-02 -7.9229987e-03  1.9633501e-02  4.2461486e-02
  5.5141673e-02  4.7700910e-02  1.8903631e-02 -1.3750228e-02 -3.8569716e-02
 -4.8273076e-02 -3.0942575e-02  6.8669030e-03  4.7789537e-02  7.9720043e-02
  1.0145322e-01  1.2211636e-01  1.3490864e-01  1.2243698e-01  9.3277377e-02
  6.6061048e-02  4.5783698e-02  3.0663660e-02  1.8305398e-02  1.0797904e-02
  5.3508589e-03  4.5175038e-03  1.5645283e-02  3.0028934e-02  3.6477856e-02
  3.5938274e-02  3.5359591e-02  3.3454109e-02  2.3037823e-02  1.0246331e-02
 -3.7666502e-03 -2.6151500e-02 -4.5487840e-02 -5.4284076e-02 -5.6267758e-02
 -5.1560097e-02 -4.2355916e-02 -3.1698512e-02 -2.3667336e-02 -1.7636785e-02
 -1.1088679e-02 -7.4594010e-03 -8.0778354e-03 -8.2158590e-03 -2.4908115e-04
  1.8271512e-02  4.1994891e-02  6.3049032e-02  7.4294242e-02  7.2305346e-02
  5.9845424e-02  4.2174752e-02  2.0557568e-02 -1.5925501e-03 -1.5668743e-02
 -1.9613951e-02 -1.8373172e-02 -1.3540390e-02 -7.8431040e-03 -8.2937987e-03
 -1.1824023e-02 -9.5232385e-03 -2.4768657e-03  5.6575346e-03  1.5843391e-02
  2.1597633e-02  1.6539374e-02  5.3916534e-03 -2.6543805e-03 -2.7821078e-03
 -1.5952871e-03 -1.8957068e-03  1.0029195e-03  6.1956833e-03  1.1389360e-02
  1.6962959e-02  2.1528556e-02  2.2825379e-02  2.3629539e-02  2.6804473e-02
  2.9709616e-02  3.2304564e-02  3.6984855e-02  4.0137633e-02  3.7816386e-02
  3.2696869e-02  2.7715507e-02  2.2779762e-02  1.9185152e-02  1.6303469e-02
  1.2599771e-02  1.0174517e-02  8.5480802e-03  5.7483773e-03  2.9614472e-03
  3.5914814e-04 -2.9125720e-03 -7.0036233e-03 -1.1601413e-02 -1.2437766e-02
 -7.1395616e-03 -1.0654146e-04  6.5022287e-03  1.1898053e-02  1.4472278e-02
  1.6084509e-02  1.7999114e-02  1.9524021e-02  1.9152569e-02  1.5621823e-02
  1.1222923e-02  7.2000365e-03  2.1581993e-03 -3.0992102e-03 -8.2756823e-03
 -1.3858405e-02 -1.8493079e-02 -2.2008185e-02 -2.5524594e-02 -2.9721346e-02
 -3.3253395e-02 -3.3039648e-02 -2.8707348e-02 -2.2417433e-02 -1.5391132e-02
 -8.0234862e-03 -6.9671298e-04  5.7766598e-03  1.0276829e-02  1.2444804e-02
  1.3150692e-02  1.3460887e-02  1.3648568e-02  1.3898809e-02  1.3597737e-02
  1.1635951e-02  8.4152699e-03  5.4466543e-03  3.9833955e-03  3.6470036e-03
  3.0637594e-03  1.8414879e-03 -9.3355577e-05 -2.2335323e-03 -3.7443631e-03
 -4.9998697e-03 -5.9480489e-03 -7.3935824e-03 -1.0478195e-02 -1.3553424e-02
 -1.6036285e-02 -1.9607434e-02 -2.3985350e-02 -2.7480906e-02 -2.8862446e-02
 -2.7714204e-02 -2.4549696e-02 -2.0153533e-02 -1.5361155e-02 -1.0596017e-02
 -5.7840888e-03 -1.3833642e-03  2.0309934e-03  4.6461434e-03  6.0976722e-03
  6.0679561e-03  5.3701483e-03  4.0192373e-03  1.1059093e-03 -3.3525793e-03
 -8.2855877e-03 -1.2329849e-02 -1.4653442e-02 -1.5808201e-02 -1.6482027e-02
 -1.7161067e-02 -1.7838803e-02 -1.6947319e-02 -1.3451763e-02 -7.6194510e-03
 -1.2349790e-04  6.7496025e-03  1.1882413e-02  1.6132732e-02  1.8787634e-02
  2.0643589e-02  2.3284154e-02  2.4044001e-02  2.1271798e-02  1.8180278e-02
  1.6111879e-02  1.4386258e-02  1.3316216e-02  1.2418606e-02  1.1914605e-02
  1.2497980e-02  1.3917055e-02  1.5393739e-02  1.6216146e-02  1.6313896e-02
  1.5366369e-02  1.3821912e-02  1.2393061e-02  1.1303469e-02  1.1380888e-02
  1.3018924e-02  1.5756067e-02  1.8581706e-02  2.0066210e-02  2.0661836e-02
  2.1180565e-02  2.0536715e-02  1.8738107e-02  1.6556317e-02  1.3398327e-02
  8.8464145e-03  3.7807262e-03 -7.1193598e-04 -4.3263040e-03 -7.3162943e-03
 -9.7041420e-03 -1.0942836e-02 -1.0361155e-02 -8.1462607e-03 -5.8022052e-03
 -4.6230743e-03 -4.1692516e-03 -3.9528973e-03 -3.9359539e-03 -2.7680317e-03
  3.1573391e-04  3.9287855e-03  6.3807575e-03  6.6171832e-03  5.1149545e-03
  3.7713422e-03  3.0121471e-03  2.0750463e-03  9.1179001e-04 -5.5646065e-04
 -1.7776243e-03 -2.4659177e-03 -3.6937935e-03 -5.4813231e-03 -6.6663191e-03
 -7.1548106e-03 -7.1555926e-03 -6.5143498e-03 -6.3393113e-03 -7.4801241e-03
 -9.1792873e-03 -1.0588067e-02 -1.1580429e-02 -1.2472434e-02 -1.3168939e-02
 -1.3695488e-02 -1.4222037e-02 -1.3754138e-02 -1.1757292e-02 -8.7142559e-03
 -4.5687251e-03  4.3328207e-06  3.5624169e-03  5.7315643e-03  7.3114720e-03
  8.2180747e-03  7.5021505e-03  5.3962151e-03  2.1894794e-03 -1.7206684e-03
 -4.8514193e-03 -6.8723770e-03 -8.3387639e-03 -9.1515262e-03 -1.0007168e-02
 -1.1311290e-02 -1.1927378e-02 -1.1657717e-02 -1.0578292e-02 -8.6142898e-03
 -7.0789563e-03 -5.9653833e-03 -4.2079608e-03 -1.8816307e-03  8.3856841e-04
  3.6948362e-03  6.3627714e-03  8.5577249e-03  1.0103615e-02  1.0908036e-02
  1.0821104e-02  1.0274092e-02  9.7650080e-03  8.8019706e-03  7.1230091e-03
  5.3602429e-03  3.5916117e-03  2.4291635e-03  2.5175299e-03  3.3593567e-03
  4.7216068e-03  5.4927925e-03  4.9225817e-03  3.9820921e-03  2.7110758e-03
  1.1919297e-03  2.9630112e-04 -1.9131715e-04 -5.3332638e-04 -2.9213044e-05
  1.2637307e-03  2.6406955e-03  3.9179678e-03  4.8110158e-03  5.3586789e-03
  5.9458332e-03  5.9308448e-03  5.3667596e-03  5.5493575e-03  6.1731356e-03
  6.2465136e-03  5.6856867e-03  4.9821443e-03  4.7631833e-03  5.1201679e-03
  5.3478612e-03  4.7811694e-03  3.7782499e-03  3.0028934e-03  2.1445142e-03
  1.0380836e-03  1.5335088e-04 -3.4264786e-04 -1.8220681e-04  2.3058676e-04
  1.6699685e-04 -7.0044053e-05 -3.1338790e-05  4.0503871e-04  1.3258869e-03
  2.2431770e-03  2.6693689e-03  2.8257696e-03  2.7125094e-03  2.1939108e-03
  1.4463155e-03  4.0264057e-04 -8.4640148e-04 -1.9421057e-03 -3.0049788e-03
 -4.3568021e-03 -5.8132836e-03 -6.7976957e-03 -7.4579673e-03 -7.8605688e-03
 -7.4710007e-03 -6.8769387e-03 -6.7492115e-03 -6.7690222e-03 -6.7056800e-03
 -6.3245836e-03 -5.4131585e-03 -4.0600318e-03 -2.2899669e-03 -4.4641973e-04
  1.0047311e-03  2.2052499e-03  3.0631077e-03  3.4668822e-03  3.8804317e-03
  4.6074342e-03  5.3721033e-03  5.7517660e-03  5.6766937e-03  5.2710945e-03
  4.9155436e-03  4.8260042e-03  4.5893178e-03  4.0675912e-03  3.7773375e-03
  3.8310351e-03  3.9131455e-03  3.7816386e-03  3.1676355e-03  2.2784975e-03
  1.6807862e-03  1.5202148e-03  1.5921591e-03  1.8223288e-03  2.1929985e-03
  2.5198759e-03  2.6779710e-03  2.6118917e-03  2.1514219e-03  1.4748586e-03
  9.7634439e-04  6.8437036e-04  6.8361442e-04  8.3064411e-04  7.5484190e-04
  5.1703464e-04  1.4972760e-04 -3.6623830e-04 -1.0030368e-03 -1.5376795e-03
 -2.1194901e-03 -3.2613456e-03 -4.7161327e-03 -6.3498684e-03 -8.1166749e-03
 -9.5671611e-03 -1.0503871e-02 -1.1164664e-02 -1.1810729e-02 -1.2269113e-02
 -1.2418606e-02 -1.2460574e-02 -1.2545291e-02 -1.2622449e-02 -1.2737273e-02
 -1.2487032e-02 -1.1541068e-02 -1.0468681e-02 -9.3328207e-03 -8.0807028e-03
 -6.7039856e-03 -5.0591716e-03 -3.3719991e-03 -1.6880849e-03 -1.4611735e-04
  8.7206423e-04  1.4199880e-03  1.6674921e-03  1.5988061e-03  1.3911842e-03
  1.1682220e-03  9.3699659e-04  7.5976853e-04  6.1554102e-04  5.9406199e-04
  7.6612882e-04  1.1238954e-03  1.8494383e-03  2.9876443e-03  4.2345489e-03
  5.3882647e-03  6.5400255e-03  7.6919167e-03  8.6230222e-03  9.1783750e-03
  9.2297266e-03  8.6578213e-03  7.6913954e-03  6.5890311e-03  5.2803483e-03
  3.7409744e-03  2.1280922e-03  5.7466830e-04 -6.4972760e-04 -1.4047389e-03
 -1.9861585e-03 -2.4098741e-03 -2.5673175e-03 -2.5985976e-03 -2.5490707e-03
 -2.4007507e-03 -2.2211506e-03 -1.9915022e-03 -1.5247765e-03 -8.9736204e-04
 -1.4433178e-04  7.8003545e-04  1.7037249e-03  2.6077210e-03  3.5018116e-03
  4.2303782e-03  4.7532779e-03  5.0295858e-03  4.9058989e-03  4.3342544e-03
  3.3537523e-03  1.9172119e-03  8.2845450e-05 -1.7088080e-03 -3.3798191e-03
 -5.1945885e-03 -7.0509345e-03 -8.7052629e-03 -1.0047311e-02 -1.1081902e-02
 -1.1663582e-02 -1.1719886e-02 -1.1299038e-02 -1.0390611e-02 -9.1945364e-03
 -7.8457107e-03 -6.4556995e-03 -5.0142064e-03 -3.3570107e-03 -1.5223001e-03
  4.0810156e-04  2.2671585e-03  3.9087141e-03  5.1461043e-03  5.6795610e-03
  5.4947475e-03  4.7683966e-03  3.6936632e-03  2.5214399e-03  1.4498345e-03
  4.8065845e-04 -3.5482105e-04 -1.0270313e-03 -1.4928447e-03 -1.6382973e-03
 -1.5620520e-03 -1.2877512e-03 -6.8124234e-04  3.3261215e-04  1.8254568e-03
  3.7141256e-03  5.8247530e-03  7.9512812e-03  9.9358757e-03  1.1805125e-02
  1.3591221e-02  1.5290775e-02  1.6828715e-02  1.7954800e-02  1.8486563e-02
  1.8459192e-02  1.7903970e-02  1.6871725e-02  1.5354639e-02  1.3387900e-02
  1.1265151e-02  9.1443578e-03  7.1115398e-03  5.2858223e-03  3.6221098e-03
  2.0712666e-03  6.2779240e-04 -7.8695618e-04 -2.1424289e-03 -3.2026953e-03
 -3.9203138e-03 -4.2786018e-03 -4.2576180e-03 -3.8528009e-03 -3.0951698e-03
 -2.3153820e-03 -1.4456638e-03 -4.4872664e-04  3.2785496e-04  6.6669708e-04
  4.4605479e-04 -2.9794333e-04 -1.4560905e-03 -2.8677371e-03 -4.2826421e-03
 -5.7760081e-03 -7.2189349e-03 -8.2932774e-03 -9.1373198e-03 -9.6943670e-03
 -1.0040925e-02 -1.0385397e-02 -1.0520814e-02 -1.0478847e-02 -1.0347992e-02
 -1.0130073e-02 -9.6421031e-03 -8.7447541e-03 -7.6066783e-03 -6.2759690e-03
 -4.8485520e-03 -3.5539452e-03 -2.4206918e-03 -1.5431536e-03 -1.0667440e-03
 -9.8619764e-04 -1.2762297e-03 -1.9378047e-03 -2.6679353e-03 -3.3502333e-03
 -4.3024529e-03 -5.3664990e-03 -6.3215859e-03 -7.2098115e-03 -7.9201314e-03
 -8.3325079e-03 -8.4561948e-03 -8.3089174e-03 -7.9518025e-03 -7.4552303e-03
 -6.7761906e-03 -5.9640800e-03 -5.0216354e-03 -3.8943774e-03 -2.6702813e-03
 -1.2866173e-03  1.9194276e-04  1.5835571e-03  2.9077497e-03  3.9455986e-03
  4.3561505e-03  4.2606157e-03  3.9364752e-03  3.3395459e-03  2.4982405e-03
  1.5582723e-03  5.1822068e-04 -7.0290384e-04 -2.0835180e-03 -3.3357662e-03
 -4.2535777e-03 -4.8826995e-03 -5.1729531e-03 -5.1305946e-03 -4.8533743e-03
 -4.4171467e-03 -3.8478482e-03 -3.1328363e-03 -2.2839715e-03 -1.2612674e-03
  4.3037562e-05  1.4408414e-03  2.6933504e-03  4.0614655e-03  5.3650653e-03
  6.1477205e-03  6.3024268e-03  5.8611162e-03  5.2447671e-03  4.4933921e-03
  3.3863358e-03  2.0279957e-03  5.4229336e-04 -9.4503819e-04 -2.3547429e-03
 -3.6539113e-03 -4.7332065e-03 -5.5374971e-03 -6.0209056e-03 -6.1568438e-03
 -6.0007038e-03 -5.5089539e-03 -4.6424941e-03 -3.5848343e-03 -2.4577066e-03
 -1.2797748e-03 -1.4975367e-04  8.6681177e-04  1.8223288e-03  2.6774496e-03
  3.3421526e-03  3.7255950e-03  3.8288194e-03  3.6274535e-03  3.1055965e-03
  2.4131324e-03  1.6299559e-03  8.1062482e-04  4.6577431e-05 -5.4360973e-04
 -7.4693064e-04 -6.9011808e-04 -6.0760368e-04 -4.1159451e-04 -9.7624013e-05
  2.0682689e-04  5.5438834e-04  1.0463598e-03  1.8111201e-03  2.9034486e-03
  4.1396658e-03  5.4291896e-03  6.7730626e-03  8.0250502e-03  9.2093945e-03
  1.0277611e-02  1.0923937e-02  1.1197378e-02  1.1307380e-02  1.1196726e-02
  1.0755285e-02  1.0008081e-02  9.0381357e-03  7.8806402e-03  6.6880849e-03
  5.5708625e-03  4.5081198e-03  3.5270964e-03  2.6659802e-03  1.8938821e-03
  1.3911842e-03  1.1902875e-03  9.8820478e-04  7.9359018e-04  6.8450069e-04
  6.3303183e-04  6.6315200e-04  7.0382921e-04  6.8306702e-04  6.0076115e-04
  5.0685556e-04  3.5564216e-04  9.2988035e-05 -3.1813205e-04 -9.3367307e-04
 -1.7241874e-03 -2.6341788e-03 -3.6262805e-03 -4.6818549e-03 -5.7569794e-03
 -6.6497667e-03 -7.3521362e-03 -8.0111044e-03 -8.5824883e-03 -9.0330527e-03
 -9.3152256e-03 -9.4007247e-03 -9.3010192e-03 -8.9296979e-03 -8.3538826e-03
 -7.6728879e-03 -6.9551391e-03 -6.1684436e-03 -5.2339494e-03 -4.2628314e-03
 -3.2715116e-03 -2.2483904e-03 -1.3210646e-03 -5.8715429e-04 -3.3087871e-05
  3.3454109e-04  4.5637724e-04  4.4061987e-04  3.6743737e-04  2.7260642e-04
  1.4855460e-04 -7.2347053e-05 -2.9279514e-04 -4.5585590e-04 -6.5113521e-04
 -7.9426791e-04 -8.2785496e-04 -8.2354091e-04 -7.8812919e-04 -6.8871048e-04
 -4.7287751e-04 -1.2708730e-04  2.7500456e-04  8.2390585e-04  1.5466726e-03
  2.2603811e-03  2.9743503e-03  3.6781534e-03  4.1712066e-03  4.4734510e-03
  4.6557881e-03  4.7243438e-03  4.7399838e-03  4.6374110e-03  4.4417798e-03
  4.2465396e-03  3.8323385e-03  3.2274587e-03  2.6906134e-03  2.1784011e-03
  1.6028465e-03  9.7648776e-04  3.1602064e-04 -3.1362250e-04 -8.9265699e-04
 -1.3890989e-03 -1.7462138e-03 -2.0193937e-03 -2.1228788e-03 -1.9594401e-03
 -1.6935589e-03 -1.3198916e-03 -7.9439825e-04 -1.9418450e-04  3.8670073e-04
  9.0124599e-04  1.3000156e-03  1.5182598e-03  1.6367333e-03  1.6646248e-03
  1.5561870e-03  1.3818002e-03  1.0173474e-03  4.1545239e-04 -2.6708026e-04
 -9.4777520e-04 -1.6622788e-03 -2.4060944e-03 -3.1192816e-03 -3.7293747e-03
 -4.2383286e-03 -4.6444491e-03 -4.8846545e-03 -5.0175951e-03 -5.0871934e-03
 -5.0620389e-03 -4.8621067e-03 -4.4657613e-03 -4.0352684e-03 -3.5771446e-03
 -2.8975836e-03 -2.0214790e-03 -1.2520528e-03 -4.5752418e-04  4.9839689e-04
  1.2841410e-03  1.7919610e-03  2.1363032e-03  2.3345411e-03  2.3994474e-03
  2.3235930e-03  2.1433412e-03  1.8957068e-03  1.5484972e-03  1.2186873e-03
  9.9953080e-04  7.6980424e-04  5.8706306e-04  5.6051404e-04  6.4401898e-04
  8.3212992e-04  1.1761593e-03  1.6394703e-03  2.1804864e-03  2.7410526e-03
  3.2778980e-03  3.7895889e-03  4.2153898e-03  4.5013424e-03  4.7347705e-03
  4.9530798e-03  5.0543492e-03  4.9958293e-03  4.8615854e-03  4.6989287e-03
  4.5107265e-03  4.3027136e-03  4.0758022e-03  3.8298621e-03  3.6046451e-03
  3.4135756e-03  3.2279801e-03  3.0344342e-03  2.8450590e-03  2.6895707e-03
  2.5151839e-03  2.2984386e-03  2.1658890e-03  2.0577119e-03  1.9119985e-03
  1.8324949e-03  1.8082527e-03  1.7939160e-03  1.7987384e-03  1.8078617e-03
  1.8091651e-03  1.7940463e-03  1.7555978e-03  1.6916039e-03  1.5935928e-03
  1.4439694e-03  1.2605636e-03  9.8739671e-04  6.2698433e-04  2.7976175e-04
 -5.4384433e-05 -3.3566197e-04 -5.3410839e-04 -7.1240518e-04 -8.5592889e-04
 -9.1272841e-04 -9.0047702e-04 -8.3111331e-04 -7.0528895e-04 -5.7731408e-04
 -4.5049918e-04 -3.5788390e-04 -3.4137059e-04 -3.4273910e-04 -3.7162109e-04
 -4.7325548e-04 -5.9767224e-04 -7.4149571e-04 -9.1152934e-04 -1.0791648e-03
 -1.2319162e-03 -1.3627714e-03 -1.4603915e-03 -1.5246461e-03 -1.5539713e-03
 -1.5706540e-03 -1.5739124e-03 -1.5557959e-03 -1.5534499e-03 -1.5827751e-03
 -1.6343873e-03 -1.7181920e-03 -1.8319735e-03 -1.9719521e-03 -2.1306989e-03
 -2.3003936e-03 -2.4732164e-03 -2.6397831e-03 -2.7961838e-03 -2.9463285e-03
 -3.0670177e-03 -3.2265464e-03 -3.4490264e-03 -3.5952611e-03 -3.6850611e-03
 -3.8007976e-03 -3.9093658e-03 -4.0047702e-03 -4.0920939e-03 -4.1616923e-03
 -4.2033991e-03 -4.2133045e-03 -4.1845007e-03 -4.1171181e-03 -4.0097229e-03
 -3.8670073e-03 -3.6982249e-03 -3.5028543e-03 -3.2859787e-03 -3.0848734e-03
 -2.9042306e-03 -2.7394886e-03 -2.6052446e-03 -2.5099705e-03 -2.4485833e-03
 -2.4204311e-03 -2.4191278e-03 -2.4385476e-03 -2.4689154e-03 -2.5022808e-03
 -2.5273050e-03 -2.5372103e-03 -2.5223523e-03 -2.4777781e-03 -2.3971014e-03
 -2.2778458e-03 -2.1161015e-03 -1.9118682e-03 -1.6638428e-03 -1.3759351e-03
 -1.0493575e-03 -6.9061335e-04 -3.1130256e-04  9.2122618e-05  5.1514480e-04
  9.1202461e-04  1.2790840e-03  1.6200506e-03  1.9212522e-03  2.1772281e-03
  2.3864140e-03  2.5464640e-03  2.6615489e-03  2.7332325e-03  2.7685530e-03
  2.7718114e-03  2.7499153e-03  2.7070354e-03  2.6494278e-03  2.5807419e-03
  2.5059302e-03  2.4308579e-03  2.3617809e-03  2.2986993e-03  2.2503454e-03
  2.2218023e-03  2.2195866e-03  2.2465657e-03  2.3065193e-03  2.3982744e-03
  2.5210489e-03  2.6675442e-03  2.8312436e-03  2.9993744e-03  3.1607278e-03
  3.3009671e-03  3.4084926e-03  3.4700102e-03  3.4787425e-03  3.4276516e-03
  3.3173892e-03  3.1489977e-03  2.9316008e-03  2.6732789e-03  2.3882387e-03
  2.0883403e-03  1.7879207e-03  1.4974064e-03  1.2272632e-03  9.8261346e-04
  7.6818810e-04  5.8312697e-04  4.2744311e-04  2.9679639e-04  1.8919271e-04
  9.9900946e-05  2.7795011e-05 -3.0413419e-05 -7.4290332e-05 -1.0617783e-04
 -1.2547637e-04 -1.3550817e-04 -1.3808878e-04 -1.3924876e-04 -1.4377134e-04
 -1.6051925e-04 -1.9589187e-04 -2.5872586e-04 -3.5340041e-04 -4.8501160e-04
 -6.5251675e-04 -8.5469072e-04 -1.0836483e-03 -1.3314913e-03 -1.5851211e-03
 -1.8331465e-03 -2.0607095e-03 -2.2571227e-03 -2.4106561e-03 -2.5154446e-03
 -2.5657535e-03 -2.5623648e-03 -2.5060605e-03 -2.4038787e-03 -2.2623361e-03
 -2.0917290e-03 -1.9010505e-03 -1.7017699e-03 -1.5024894e-03 -1.3132445e-03
 -1.1408128e-03 -9.9246670e-04 -8.7185569e-04 -7.8330683e-04 -7.2739358e-04
 -7.0581029e-04 -7.1597633e-04 -7.5716185e-04 -8.2447932e-04 -9.1468342e-04
 -1.0208013e-03 -1.1377499e-03 -1.2574355e-03 -1.3741105e-03 -1.4792899e-03
 -1.5677867e-03 -1.6324323e-03 -1.6707505e-03 -1.6783098e-03 -1.6562834e-03
 -1.6044105e-03 -1.5277742e-03 -1.4301541e-03 -1.3201522e-03 -1.2042202e-03
 -1.0921982e-03 -9.9087663e-04 -9.0932669e-04 -8.5218831e-04 -8.2545682e-04
 -8.3008367e-04 -8.6785444e-04 -9.3522404e-04 -1.0306024e-03 -1.1470167e-03
 -1.2795271e-03 -1.4192060e-03 -1.5603576e-03 -1.6935589e-03 -1.8128144e-03
 -1.9099132e-03 -1.9810755e-03 -2.0199150e-03 -2.0252587e-03 -1.9941089e-03
 -1.9285509e-03 -1.8289758e-03 -1.7000756e-03 -1.5454996e-03 -1.3720251e-03
 -1.1847483e-03 -9.9165863e-04 -7.9785210e-04 -6.1107056e-04 -4.3553685e-04
 -2.7781977e-04 -1.4072153e-04 -2.9057946e-05  5.6502359e-05  1.1308031e-04
  1.4224644e-04  1.4387561e-04  1.2236009e-04  8.0427756e-05  2.5316060e-05
 -3.7628705e-05 -9.9238850e-05 -1.5315538e-04 -1.9035268e-04 -2.0574512e-04
 -1.9276386e-04 -1.4981884e-04 -7.4769961e-05  2.8910669e-05  1.5862941e-04
  3.0659750e-04  4.6641295e-04  6.2762297e-04  7.8261606e-04  9.2069181e-04
  1.0352293e-03  1.1182911e-03  1.1663973e-03  1.1748951e-03  1.1447488e-03
  1.0756719e-03  9.7240831e-04  8.3872481e-04  6.8224591e-04  5.0909731e-04
  3.2879337e-04  1.4792899e-04 -2.3722076e-05 -1.8023877e-04 -3.1324453e-04
 -4.1872377e-04 -4.9087663e-04 -5.2825639e-04 -5.2793056e-04 -4.9174986e-04
 -4.1979251e-04 -3.1678961e-04 -1.8588223e-04 -3.4577588e-05  1.3168939e-04
  3.0366499e-04  4.7471522e-04  6.3506504e-04  7.7864088e-04  8.9736204e-04
  9.8751401e-04  1.0443787e-03  1.0685556e-03  1.0597451e-03  1.0231082e-03
  9.6258113e-04  8.8694836e-04  8.0276569e-04  7.2009488e-04  6.4553085e-04
  5.8779293e-04  5.5099966e-04  5.4062508e-04  5.5663009e-04  6.0034408e-04
  6.6775278e-04  7.5624951e-04  8.5906994e-04  9.7182181e-04  1.0864635e-03
  1.1986550e-03  1.3016709e-03  1.3930089e-03  1.4682116e-03  1.5276438e-03
  1.5697417e-03  1.5973725e-03  1.6109272e-03  1.6147069e-03  1.6097542e-03
  1.6005005e-03  1.5869458e-03  1.5722180e-03  1.5556656e-03  1.5388525e-03
  1.5196935e-03  1.4993614e-03  1.4756406e-03  1.4504861e-03  1.4225947e-03
  1.3941819e-03  1.3647264e-03  1.3372260e-03  1.3112895e-03  1.2893152e-03
  1.2698955e-03  1.2545161e-03  1.2404400e-03  1.2278758e-03  1.2137607e-03
  1.1979121e-03  1.1778537e-03  1.1548367e-03  1.1278185e-03  1.1000182e-03
  1.0720747e-03  1.0486537e-03  1.0311107e-03  1.0238511e-03  1.0273962e-03
  1.0441702e-03  1.0721529e-03  1.1110184e-03  1.1561531e-03  1.2045460e-03
  1.2497589e-03  1.2882726e-03  1.3135052e-03  1.3231499e-03  1.3129839e-03
  1.2832286e-03  1.2327894e-03  1.1656414e-03  1.0833225e-03  9.9201053e-04
  8.9513333e-04  7.9949430e-04  7.0810416e-04  6.2633266e-04  5.5541798e-04
  4.9846206e-04  4.5378359e-04  4.2195605e-04  3.9923885e-04  3.8412012e-04
  3.7160806e-04  3.5987801e-04  3.4382087e-04  3.2195084e-04  2.9037093e-04
  2.4871621e-04  1.9453640e-04  1.2942940e-04  5.2392931e-05 -3.3555770e-05
 -1.2776112e-04 -2.2586868e-04 -3.2626489e-04 -4.2398926e-04 -5.1729531e-04
 -6.0167349e-04 -6.7635482e-04 -7.3828950e-04 -7.8878086e-04 -8.2720329e-04
 -8.5710190e-04 -8.8011886e-04 -9.0183249e-04 -9.2530563e-04 -9.5684644e-04
 -9.9934833e-04 -1.0583244e-03 -1.1352214e-03 -1.2332065e-03 -1.3510414e-03
 -1.4893257e-03 -1.6440320e-03 -1.8126841e-03 -1.9892866e-03 -2.1692777e-03
 -2.3447071e-03 -2.5107525e-03 -2.6588119e-03 -2.7835414e-03 -2.8773819e-03
 -2.9366838e-03 -2.9548002e-03 -2.9306884e-03 -2.8614811e-03 -2.7488726e-03
 -2.5932539e-03 -2.4010114e-03 -2.1760551e-03 -1.9278993e-03 -1.6644944e-03
 -1.3971796e-03 -1.1351563e-03 -8.8995908e-04 -6.6965566e-04 -4.8360399e-04
 -3.3624847e-04 -2.3251571e-04 -1.7162370e-04 -1.5324662e-04 -1.7133697e-04
 -2.2035555e-04 -2.9007116e-04 -3.7205120e-04 -4.5378359e-04 -5.2613195e-04
 -5.7730105e-04 -5.9999218e-04 -5.8545995e-04 -5.3041994e-04 -4.3087089e-04
 -2.8898939e-04 -1.0638897e-04  1.0946746e-04  3.5187551e-04  6.0894612e-04
  8.7070876e-04  1.1233220e-03  1.3563851e-03  1.5570993e-03  1.7181920e-03
  1.8310612e-03  1.8931001e-03  1.9017022e-03  1.8609076e-03  1.7743659e-03
  1.6513307e-03  1.4991007e-03  1.3301879e-03  1.1537419e-03  9.8164898e-04
  8.2191174e-04  6.8394025e-04  5.7236139e-04  4.9304017e-04  4.4651096e-04
  4.3478091e-04  4.5457863e-04  5.0435315e-04  5.7807002e-04  6.7144123e-04
  7.7625577e-04  8.8658343e-04  9.9313140e-04  1.0897479e-03  1.1674791e-03
  1.2218283e-03  1.2457576e-03  1.2377551e-03  1.1951099e-03  1.1200897e-03
  1.0148059e-03  8.8600996e-04  7.3939734e-04  5.8473008e-04  4.2922868e-04
  2.8308526e-04  1.5224305e-04  4.4360451e-05 -3.8190444e-05 -9.2113495e-05
 -1.1942106e-04 -1.2103329e-04 -1.0285040e-04 -6.8309308e-05 -2.4763444e-05
