Scaled from
PEER NGA STRONG MOTION DATABASE RECORD
ACCELERATION TIME SERIES IN UNITS OF G
NPTS= 2999.000000, DT= 0.010000, Scalar= 1.000000
 -2.4142063e-04 -4.5494989e-04 -3.9567699e-04 -4.2774757e-04 -4.2824188e-04
 -4.4329603e-04 -4.5127998e-04 -4.6889558e-04 -4.7993529e-04 -4.9955811e-04
 -5.1455235e-04 -5.3579293e-04 -5.5447206e-04 -5.7752513e-04 -5.9940982e-04
 -6.2439521e-04 -6.4921584e-04 -6.7614853e-04 -7.0377028e-04 -7.3265028e-04
 -7.6305816e-04 -7.9431987e-04 -8.2790335e-04 -8.6246049e-04 -9.0052278e-04
 -9.4039755e-04 -9.8579967e-04 -1.0344673e-03 -1.0903099e-03 -1.1501970e-03
 -1.2189218e-03 -1.2923501e-03 -1.3752453e-03 -1.4631735e-03 -1.5615872e-03
 -1.6656930e-03 -1.7807337e-03 -1.9017661e-03 -2.0353810e-03 -2.1760362e-03
 -2.3271769e-03 -2.4808640e-03 -2.6414416e-03 -2.7985740e-03 -2.9549574e-03
 -3.0998068e-03 -3.2368669e-03 -3.3553528e-03 -3.4602076e-03 -3.5463383e-03
 -3.6305217e-03 -3.7102114e-03 -3.7933462e-03 -3.8725865e-03 -3.9557213e-03
 -4.0348118e-03 -4.1177969e-03 -4.1967375e-03 -4.2795728e-03 -4.3580641e-03
 -4.4407496e-03 -4.5189413e-03 -4.6011774e-03 -4.6790695e-03 -4.7613056e-03
 -4.8385985e-03 -4.9203853e-03 -4.9976782e-03 -5.0788658e-03 -5.1557093e-03
 -5.2367471e-03 -5.3128417e-03 -5.3932803e-03 -5.4687757e-03 -5.5483156e-03
 -5.6230621e-03 -5.7015533e-03 -5.7749517e-03 -5.8523944e-03 -5.9245944e-03
 -6.0006890e-03 -6.0713911e-03 -6.1458380e-03 -6.2147426e-03 -6.2875418e-03
 -6.3546488e-03 -6.4260999e-03 -6.4915592e-03 -6.5612127e-03 -6.6253239e-03
 -6.6934795e-03 -6.7562426e-03 -6.8230501e-03 -6.8846148e-03 -6.9502239e-03
 -7.0102907e-03 -7.0744020e-03 -7.1328210e-03 -7.1954343e-03 -7.2519061e-03
 -7.3124223e-03 -7.3666472e-03 -7.4247667e-03 -7.4762953e-03 -7.5312692e-03
 -7.5798020e-03 -7.6319298e-03 -7.6774667e-03 -7.7262991e-03 -7.7686904e-03
 -7.8148265e-03 -7.8542219e-03 -7.8975119e-03 -7.9345107e-03 -7.9755539e-03
 -8.0101559e-03 -8.0489522e-03 -8.0813074e-03 -8.1178568e-03 -8.1478153e-03
 -8.1819680e-03 -8.2095298e-03 -8.2406866e-03 -8.2649530e-03 -8.2928145e-03
 -8.3137854e-03 -8.3379020e-03 -8.3546788e-03 -8.3746012e-03 -8.3873335e-03
 -8.4032116e-03 -8.4114501e-03 -8.4231340e-03 -8.4274779e-03 -8.4354169e-03
 -8.4360161e-03 -8.4403601e-03 -8.4379634e-03 -8.4393116e-03 -8.4340688e-03
 -8.4328705e-03 -8.4247817e-03 -8.4210369e-03 -8.4102518e-03 -8.4036609e-03
 -8.3900298e-03 -8.3799937e-03 -8.3626178e-03 -8.3485373e-03 -8.3268174e-03
 -8.3082431e-03 -8.2815800e-03 -8.2577630e-03 -8.2260070e-03 -8.1969472e-03
 -8.1596489e-03 -8.1253464e-03 -8.0829551e-03 -8.0438593e-03 -7.9969742e-03
 -7.9536841e-03 -7.9032041e-03 -7.8567684e-03 -7.8035920e-03 -7.7549095e-03
 -7.7000854e-03 -7.6502045e-03 -7.5940323e-03 -7.5429530e-03 -7.4854327e-03
 -7.4327057e-03 -7.3729385e-03 -7.3175152e-03 -7.2543028e-03 -7.1946854e-03
 -7.1262302e-03 -7.0601717e-03 -6.9852754e-03 -6.9120268e-03 -6.8296409e-03
 -6.7493521e-03 -6.6588775e-03 -6.5704999e-03 -6.4734343e-03 -6.3795144e-03
 -6.2776554e-03 -6.1802903e-03 -6.0763343e-03 -5.9779206e-03 -5.8738148e-03
 -5.7761500e-03 -5.6736919e-03 -5.5775251e-03 -5.4761156e-03 -5.3806977e-03
 -5.2791384e-03 -5.1826720e-03 -5.0785662e-03 -4.9780554e-03 -4.8684073e-03
 -4.7608562e-03 -4.6423703e-03 -4.5259815e-03 -4.3992570e-03 -4.2719334e-03
 -4.1323267e-03 -3.9937686e-03 -3.8439761e-03 -3.6961309e-03 -3.5385491e-03
 -3.3838134e-03 -3.2209889e-03 -3.0625084e-03 -2.8968379e-03 -2.7358109e-03
 -2.5683428e-03 -2.4064171e-03 -2.2377507e-03 -2.0738777e-03 -1.9026648e-03
 -1.7362453e-03 -1.5614374e-03 -1.3906290e-03 -1.2111625e-03 -1.0344822e-03
 -8.4933867e-04 -6.6790994e-04 -4.7574110e-04 -2.8508516e-04 -8.4851481e-05
  1.1317725e-04  3.2105035e-04  5.2656571e-04  7.4181758e-04  9.5437319e-04
  1.1759313e-03  1.3941042e-03  1.6201561e-03  1.8413997e-03  2.0701329e-03
  2.2915262e-03  2.5175632e-03  2.7376084e-03  2.9628964e-03  3.1796462e-03
  3.4001408e-03  3.6129960e-03  3.8285475e-03  4.0342126e-03  4.2461691e-03
  4.4522836e-03  4.6634911e-03  4.8688566e-03  5.0808131e-03  5.2873770e-03
  5.5015803e-03  5.7109903e-03  5.9286388e-03  6.1419434e-03  6.3639359e-03
  6.5812849e-03  6.8062733e-03  7.0294642e-03  7.2613430e-03  7.4879791e-03
  7.7256999e-03  7.9607244e-03  8.2036879e-03  8.4417082e-03  8.6863194e-03
  8.9241900e-03  9.1668539e-03  9.4008299e-03  9.6378016e-03  9.8651867e-03
  1.0095418e-02  1.0317111e-02  1.0543447e-02  1.0763043e-02  1.0990878e-02
  1.1215117e-02  1.1449093e-02  1.1683968e-02  1.1933073e-02  1.2181279e-02
  1.2443865e-02  1.2706152e-02  1.2976677e-02  1.3245854e-02  1.3523420e-02
  1.3793496e-02  1.4066867e-02  1.4327656e-02  1.4593688e-02  1.4848934e-02
  1.5105079e-02  1.5349241e-02  1.5597897e-02  1.5834569e-02  1.6074237e-02
  1.6303420e-02  1.6535598e-02  1.6757291e-02  1.6978984e-02  1.7190192e-02
  1.7401399e-02  1.7600623e-02  1.7801345e-02  1.7987088e-02  1.8175826e-02
  1.8357075e-02  1.8547312e-02  1.8733055e-02  1.8929283e-02  1.9119519e-02
  1.9321739e-02  1.9517968e-02  1.9720188e-02  1.9913420e-02  2.0109648e-02
  2.0289399e-02  2.0460163e-02  2.0611453e-02  2.0752258e-02  2.0864603e-02
  2.0964964e-02  2.1042856e-02  2.1113258e-02  2.1170179e-02  2.1213619e-02
  2.1285520e-02  2.1418835e-02  2.1492233e-02  2.1544661e-02  2.1604578e-02
  2.1671984e-02  2.1739391e-02  2.1818781e-02  2.1892179e-02  2.1971569e-02
  2.2044968e-02  2.2121362e-02  2.2188769e-02  2.2256175e-02  2.2308603e-02
  2.2361030e-02  2.2402972e-02  2.2440420e-02  2.2459893e-02  2.2479366e-02
  2.2482362e-02  2.2479366e-02  2.2453901e-02  2.2420947e-02  2.2371515e-02
  2.2322084e-02  2.2257673e-02  2.2197756e-02  2.2131847e-02  2.2080918e-02
  2.2034482e-02  2.2007520e-02  2.1992540e-02  2.2007520e-02  2.2010515e-02
  2.2098893e-02  2.2280142e-02  2.2383499e-02  2.2419449e-02  2.2477868e-02
  2.2515316e-02  2.2546773e-02  2.2558756e-02  2.2560254e-02  2.2521308e-02
  2.2516814e-02  2.2558756e-02  2.2528798e-02  2.2438922e-02  2.2371515e-02
  2.2271154e-02  2.2235204e-02  2.2274150e-02  2.2235204e-02  2.2136341e-02
  2.2067437e-02  2.1986549e-02  2.1910154e-02  2.1830764e-02  2.1746881e-02
  2.1695951e-02  2.1704939e-02  2.1655507e-02  2.1576117e-02  2.1504217e-02
  2.1436810e-02  2.1360416e-02  2.1288515e-02  2.1200138e-02  2.1111760e-02
  2.0999416e-02  2.0881080e-02  2.0728291e-02  2.0541051e-02  2.0338831e-02
  2.0138109e-02  1.9902934e-02  1.9654279e-02  1.9395138e-02  1.9124013e-02
  1.8867868e-02  1.8659656e-02  1.8402013e-02  1.8120403e-02  1.7840291e-02
  1.7606615e-02  1.7431358e-02  1.7248611e-02  1.7050885e-02  1.6884615e-02
  1.6608997e-02  1.6283947e-02  1.6015818e-02  1.5710241e-02  1.5458590e-02
  1.5404665e-02  1.5253374e-02  1.4841594e-02  1.4321814e-02  1.3913929e-02
  1.4012043e-02  1.4469360e-02  1.4124238e-02  1.2963945e-02  1.2118815e-02
  1.1823874e-02  1.1794814e-02  1.2018305e-02  1.2251232e-02  1.2501086e-02
  1.3068201e-02  1.3737324e-02  1.3789152e-02  1.3453317e-02  1.3055169e-02
  1.2094549e-02  1.0647254e-02  9.2243742e-03  7.9819949e-03  7.0001049e-03
  6.2581824e-03  5.8618314e-03  6.3145044e-03  8.1242978e-03  1.0212855e-02
  1.0671969e-02  9.5047859e-03  8.3325095e-03  7.9075480e-03  8.0580895e-03
  8.5690319e-03  8.9513024e-03  8.5585464e-03  7.7017331e-03  6.7086086e-03
  5.7331596e-03  5.5785737e-03  6.1101874e-03  6.0215102e-03  5.0243413e-03
  3.6490960e-03  2.3565362e-03  1.6304918e-03  1.5540976e-03  1.7483785e-03
  2.5093246e-03  3.9492802e-03  4.9386600e-03  4.0926317e-03  1.9834030e-03
  6.5511766e-04  6.2652227e-04  9.7890921e-04  1.4323462e-03  1.6613490e-03
  1.1478452e-03  3.6679699e-04 -1.7244117e-04 -4.4040504e-04  1.7879237e-04
  1.3196573e-03  1.9573391e-03  1.4721760e-03 -7.1124493e-04 -3.2281790e-03
 -3.8781288e-03 -3.2370167e-03 -2.4028221e-03 -1.5263860e-03 -1.1159694e-03
 -1.2763672e-03 -1.5136536e-03 -1.7229138e-03 -2.0864603e-03 -2.7116943e-03
 -3.4533172e-03 -4.2004823e-03 -4.6239458e-03 -5.2698513e-03 -7.6870534e-03
 -1.0992226e-02 -1.1862071e-02 -1.0060366e-02 -7.7547597e-03 -5.6488264e-03
 -4.0631226e-03 -3.2422595e-03 -2.0954478e-03 -3.7834599e-04  7.8942165e-04
  1.2512320e-03  1.0742372e-03 -5.2012463e-04 -3.6953819e-03 -8.1376294e-03
 -1.3254093e-02 -1.7428362e-02 -1.9474528e-02 -1.9742656e-02 -1.8319627e-02
 -1.5108075e-02 -1.0873740e-02 -7.3124223e-03 -5.0604413e-03 -2.9786246e-03
 -8.8557348e-04  4.2325379e-04  1.4234485e-03  7.4366003e-04 -3.6431043e-03
 -9.0001348e-03 -1.2377357e-02 -1.4088288e-02 -1.4136371e-02 -1.3309067e-02
 -1.2964394e-02 -1.2428736e-02 -1.0754056e-02 -8.9969892e-03 -8.5545020e-03
 -9.2654174e-03 -9.8875058e-03 -1.0069054e-02 -1.0401893e-02 -1.0611453e-02
 -1.1110861e-02 -1.4155844e-02 -1.9886457e-02 -2.3815516e-02 -2.1901167e-02
 -1.6017316e-02 -1.0579847e-02 -7.9361584e-03 -7.8025435e-03 -8.1133630e-03
 -6.9765874e-03 -4.6080678e-03 -1.6791743e-03  4.6506089e-04 -1.2554862e-03
 -7.4082895e-03 -1.5479561e-02 -2.2154316e-02 -2.4799652e-02 -2.4187001e-02
 -2.2958702e-02 -2.2540781e-02 -2.1718420e-02 -2.1009901e-02 -2.3186387e-02
 -2.5965038e-02 -2.4601926e-02 -1.9708204e-02 -1.4428317e-02 -1.0510343e-02
 -1.0897407e-02 -1.5010710e-02 -1.7332494e-02 -1.6707860e-02 -1.4024626e-02
 -1.0464057e-02 -1.0480684e-02 -1.6670411e-02 -2.6639105e-02 -3.3737773e-02
 -3.3068201e-02 -2.8868018e-02 -2.6766428e-02 -2.5271499e-02 -2.4094130e-02
 -2.6528258e-02 -2.9994458e-02 -3.2173939e-02 -3.3767732e-02 -3.1814437e-02
 -2.8143022e-02 -2.8030678e-02 -2.8797615e-02 -2.9297922e-02 -3.2909420e-02
 -3.6474483e-02 -3.8703396e-02 -4.1338247e-02 -3.9879267e-02 -3.6037089e-02
 -3.4877694e-02 -3.2425591e-02 -2.6857802e-02 -2.3445528e-02 -2.2731018e-02
 -2.3310715e-02 -2.7600773e-02 -3.4489732e-02 -4.1923935e-02 -4.9557363e-02
 -5.5180575e-02 -5.8064081e-02 -6.1062928e-02 -6.4860169e-02 -6.5438368e-02
 -6.1756467e-02 -5.6360940e-02 -5.1273986e-02 -4.7716413e-02 -4.3713956e-02
 -3.8204587e-02 -3.6191375e-02 -3.6624275e-02 -3.5473869e-02 -3.8871163e-02
 -4.8502824e-02 -5.7258197e-02 -6.3604907e-02 -6.8086700e-02 -6.9710451e-02
 -7.1779086e-02 -7.5305202e-02 -7.5628754e-02 -7.1061580e-02 -6.4938061e-02
 -6.2214832e-02 -6.2557857e-02 -6.3308318e-02 -6.6112434e-02 -7.0684103e-02
 -7.2489103e-02 -7.0925269e-02 -6.8965982e-02 -6.9332974e-02 -7.3214098e-02
 -7.3641007e-02 -6.6503393e-02 -5.9171048e-02 -5.6927156e-02 -5.9602451e-02
 -6.5159754e-02 -7.0607708e-02 -7.2182028e-02 -7.0348567e-02 -6.8205036e-02
 -6.5471322e-02 -6.5549214e-02 -7.3112240e-02 -8.1659402e-02 -8.5297862e-02
 -8.8322174e-02 -8.9003730e-02 -8.5877560e-02 -8.4438053e-02 -8.2201651e-02
 -8.1280427e-02 -8.6993514e-02 -8.9775161e-02 -8.4136970e-02 -7.3423808e-02
 -5.8904417e-02 -5.1873156e-02 -5.6296529e-02 -6.0138708e-02 -6.4374841e-02
 -7.0333588e-02 -6.9346455e-02 -6.5820339e-02 -6.7151994e-02 -7.2938480e-02
 -8.3453916e-02 -9.3215896e-02 -9.6653635e-02 -9.4775236e-02 -8.8259261e-02
 -8.1854132e-02 -7.8278584e-02 -7.7200078e-02 -8.1361315e-02 -8.6457257e-02
 -8.4529427e-02 -7.4437904e-02 -5.9864588e-02 -5.0758699e-02 -5.3102952e-02
 -5.8814542e-02 -6.2999745e-02 -6.4398808e-02 -5.9204002e-02 -5.1933073e-02
 -4.7598077e-02 -4.7634027e-02 -5.4251861e-02 -6.4756812e-02 -7.4066418e-02
 -7.6564958e-02 -6.9469285e-02 -6.3477584e-02 -6.5066882e-02 -6.8619961e-02
 -7.3828248e-02 -7.8766908e-02 -8.0507497e-02 -8.1737294e-02 -8.0831049e-02
 -7.8432870e-02 -7.9412514e-02 -8.2994053e-02 -8.5083659e-02 -7.8636588e-02
 -5.7593733e-02 -3.1486391e-02 -1.5822586e-02 -1.1007355e-02 -6.5291571e-03
  2.6394943e-03  8.8051049e-03  1.0316512e-02  1.2741054e-02  5.9115625e-03
 -1.3432047e-02 -3.2575383e-02 -4.6026753e-02 -4.9154421e-02 -4.2370317e-02
 -3.6646744e-02 -3.5601192e-02 -3.9614134e-02 -4.9506434e-02 -5.8303749e-02
 -6.2250783e-02 -6.1704040e-02 -5.2762923e-02 -4.1194446e-02 -3.1261703e-02
 -1.4733145e-02  6.8867119e-03  2.8379694e-02  4.3982085e-02  4.3615093e-02
  3.7314819e-02  3.6179392e-02  2.9196063e-02  1.8270196e-02  1.3336329e-02
  7.9370572e-03  1.1338696e-03 -1.0941296e-02 -3.2146976e-02 -4.2445213e-02
 -3.5643134e-02 -2.9217034e-02 -3.1453437e-02 -4.1185458e-02 -4.9681691e-02
 -4.5623811e-02 -3.4579607e-02 -3.2725176e-02 -3.7660840e-02 -3.5022993e-02
 -2.3688192e-02 -1.4126485e-02 -1.6785752e-02 -3.0201171e-02 -4.6829641e-02
 -6.1606675e-02 -6.5453347e-02 -6.0300484e-02 -5.7499363e-02 -5.8958343e-02
 -4.5108525e-02  1.7428362e-03  5.5102683e-02  9.9090759e-02  1.4440150e-01
  1.7940652e-01  2.0449677e-01  2.2891296e-01  2.4663341e-01  2.5226561e-01
  2.3927860e-01  2.2575233e-01  2.2205246e-01  2.0093171e-01  1.7155739e-01
  1.5813598e-01  1.4986743e-01  1.3667371e-01  1.2467233e-01  1.0909390e-01
  8.5278389e-02  5.7171318e-02  2.7063018e-02  1.6056262e-02  3.3668869e-02
  6.3417667e-02  9.5600593e-02  1.1812490e-01  1.1856978e-01  1.0578049e-01
  1.0058120e-01  1.0827604e-01  1.2996001e-01  1.7503258e-01  2.3130964e-01
  2.8116059e-01  3.1935769e-01  3.3608952e-01  3.3634416e-01  3.3658383e-01
  3.3951977e-01  3.2952860e-01  2.9781752e-01  2.5061789e-01  1.9944876e-01
  1.6552075e-01  1.5587411e-01  1.5928938e-01  1.6336374e-01  1.6438233e-01
  1.6520619e-01  1.4789017e-01  8.7749966e-02  1.5813598e-02 -1.7269582e-02
 -2.5777798e-02 -3.5270151e-02 -4.1275334e-02 -4.2036280e-02  4.1552450e-04
  1.2077173e-01  2.7477943e-01  4.0234276e-01  4.7502209e-01  4.9791039e-01
  5.1482197e-01  5.4454081e-01  5.6518222e-01  5.8197397e-01  5.9845115e-01
  5.8170434e-01  5.1895625e-01  4.4883836e-01  4.0384068e-01  3.8613520e-01
  3.8585060e-01  3.5971180e-01  2.6080379e-01  1.0244611e-01 -4.1434114e-02
 -1.0923321e-01 -9.7841490e-02 -4.8117857e-02 -4.5906919e-03  3.0031906e-02
  8.4965323e-02  1.6502644e-01  2.2943723e-01  2.7814976e-01  3.4440300e-01
  4.0590782e-01  4.2976977e-01  4.1154002e-01  3.9200707e-01  4.4298147e-01
  5.4516994e-01  6.2797525e-01  6.7166974e-01  6.5943169e-01  5.9837625e-01
  5.1943558e-01  4.3907189e-01  3.5466379e-01  2.7140910e-01  2.0253449e-01
  1.0083884e-01 -2.6817358e-02 -1.0097815e-01 -1.3690589e-01 -1.5054150e-01
 -1.3563564e-01 -1.4527779e-01 -1.6544586e-01 -1.4393265e-01 -1.0704474e-01
 -7.4523285e-02 -3.5370512e-02  2.6498300e-02  1.2148624e-01  2.1222607e-01
  2.6294582e-01  2.5675939e-01  1.9240851e-01  1.2531494e-01  9.1445348e-02
  4.5968334e-02 -2.7840441e-02 -8.8759568e-02 -1.6116179e-01 -2.8758669e-01
 -4.2584520e-01 -5.3842928e-01 -6.0661484e-01 -6.0661484e-01 -5.4389670e-01
 -4.6333828e-01 -4.0638715e-01 -3.9455354e-01 -4.0118935e-01 -3.3005288e-01
 -2.0939499e-01 -1.7221648e-01 -1.5867523e-01 -7.3392352e-02 -6.7261343e-03
  7.1705688e-03  2.8270346e-02  7.0591231e-02  1.1166584e-01  1.2431283e-01
  1.0799593e-01  7.0883327e-02  6.3976393e-03 -9.2853398e-02 -2.0672868e-01
 -3.0231130e-01 -3.6248296e-01 -3.7714765e-01 -3.5509819e-01 -3.7214458e-01
 -4.6196019e-01 -5.2981620e-01 -5.3968753e-01 -5.3771027e-01 -5.6928654e-01
 -6.2866430e-01 -6.5249629e-01 -6.3877530e-01 -6.0579098e-01 -5.4135023e-01
 -4.5375155e-01 -3.8125197e-01 -3.3748259e-01 -3.2320736e-01 -3.4106263e-01
 -3.4536167e-01 -3.4889678e-01 -3.9537740e-01 -4.3642056e-01 -4.6913525e-01
 -5.1016342e-01 -5.0038197e-01 -4.4053985e-01 -4.0246259e-01 -4.1248371e-01
 -4.3856259e-01 -4.5133989e-01 -4.6372774e-01 -4.7929118e-01 -4.7662487e-01
 -4.7938106e-01 -5.0062164e-01 -4.7400351e-01 -3.7532018e-01 -2.7257748e-01
 -1.9616831e-01 -1.6131158e-01 -2.0211507e-01 -2.5633997e-01 -2.9206549e-01
 -3.4086790e-01 -3.6736620e-01 -4.0252251e-01 -4.6479126e-01 -4.8281131e-01
 -4.7517189e-01 -4.6655882e-01 -4.6293384e-01 -4.4671130e-01 -3.7578454e-01
 -2.8069624e-01 -1.6968499e-01 -5.5845654e-02  2.4386225e-02  1.1994937e-01
  2.5478213e-01  3.9365479e-01  5.1593044e-01  6.1456882e-01  6.9409368e-01
  7.4401953e-01  7.8274090e-01  8.3744514e-01  8.8307195e-01  8.9740709e-01
  7.6678800e-01  4.0346620e-01  7.5637742e-02 -6.5898231e-02 -1.7602121e-01
 -3.3857607e-01 -5.0890517e-01 -6.0631525e-01 -5.8615318e-01 -4.6786201e-01
 -3.3267425e-01 -2.2498839e-01 -1.3881874e-01 -9.5050855e-02 -8.2248086e-02
 -9.2075975e-03  1.1479501e-01  2.0316362e-01  2.4917989e-01  2.9892599e-01
  3.5697060e-01  4.1043155e-01  4.4825417e-01  4.4927276e-01  4.2121661e-01
  4.1943408e-01  5.0093620e-01  6.0544646e-01  6.8221513e-01  7.7063767e-01
  7.9887356e-01  7.4016986e-01  7.1597837e-01  7.7489177e-01  8.3696580e-01
  8.4583352e-01  8.5835618e-01  8.4559385e-01  7.2480115e-01  5.6163214e-01
  4.6482122e-01  4.3805330e-01  4.2129151e-01  3.4738387e-01  1.8858880e-01
  6.0511691e-02  5.2292575e-02  8.9480070e-02  1.1924385e-01  1.0881229e-01
  5.2885753e-02  2.5283482e-02  3.3209006e-02  9.8690813e-03 -6.0817268e-02
 -1.2231609e-01 -1.4824518e-01 -1.4783175e-01 -9.9298971e-02 -2.4625893e-02
  1.9309756e-02  1.1387378e-01  3.1016043e-01  4.5849998e-01  4.8628649e-01
  4.4975209e-01  3.9473329e-01  3.8766309e-01  4.6825147e-01  5.4738687e-01
  4.9046570e-01  2.9504636e-01  1.1209425e-01  3.2167947e-02  9.7338187e-03
  2.1035366e-02  4.2018305e-02  2.4690304e-02  2.3247802e-02  7.4431912e-02
  1.2953310e-01  1.8676134e-01  1.8162345e-01  8.0604862e-02 -7.5943319e-03
 -3.2876466e-02 -6.0733384e-02 -1.2784493e-01 -2.0514088e-01 -2.9596010e-01
 -3.9972139e-01 -4.8209230e-01 -5.2388442e-01 -5.3419015e-01 -5.4927426e-01
 -5.7527824e-01 -5.8281280e-01 -5.8730658e-01 -6.0198625e-01 -5.9674351e-01
 -5.9097650e-01 -6.0955077e-01 -6.2201351e-01 -5.9940982e-01 -5.2169745e-01
 -3.9068890e-01 -2.3433545e-01 -9.0396800e-02 -9.7284261e-03  3.9739960e-03
 -1.0722300e-02 -3.9883761e-02 -1.2684732e-01 -2.4473105e-01 -3.7266885e-01
 -5.7252206e-01 -7.8119804e-01 -9.0488174e-01 -9.5247083e-01 -9.7819021e-01
 -1.0000000e+00 -9.9484714e-01 -9.5518207e-01 -9.2859390e-01 -9.4432211e-01
 -9.2278195e-01 -8.5953954e-01 -8.5242439e-01 -8.9271858e-01 -7.2240447e-01
 -3.6850462e-01 -1.4549948e-01 -2.5377852e-02  4.2663910e-02  4.1459578e-02
  1.9612337e-02  4.9458500e-02  6.6816459e-02 -2.0897557e-02 -4.7271529e-02
  2.4085142e-02  9.0052278e-02  1.6372324e-01  1.7389416e-01  1.4610465e-01
  1.4962177e-01  1.3414671e-01  1.2494196e-01  1.3472940e-01  1.8515856e-01
  2.7319163e-01  3.4224599e-01  3.7725251e-01  3.3322848e-01  2.4688806e-01
  1.9125511e-01  1.8328615e-01  2.2951213e-01  2.9092707e-01  3.6150931e-01
  4.2244491e-01  4.1705238e-01  3.7284860e-01  3.6646744e-01  4.0715110e-01
  4.4822421e-01  4.7082790e-01  5.1984002e-01  5.9239953e-01  5.7607214e-01
  4.7313471e-01  4.1133031e-01  4.1804101e-01  4.6222981e-01  4.7150197e-01
  3.8676433e-01  3.2470528e-01  3.0780868e-01  2.7771536e-01  2.8002217e-01
  2.8978864e-01  2.7410536e-01  2.7507902e-01  3.2750640e-01  4.3053371e-01
  5.4413637e-01  6.3011729e-01  6.7616351e-01  6.8014800e-01  6.4512650e-01
  5.7837895e-01  4.8228703e-01  3.4856723e-01  1.9799578e-01  6.8667895e-02
 -3.9656076e-02 -1.0734882e-01 -1.3267425e-01 -1.6480175e-01 -2.1098279e-01
 -2.9569047e-01 -4.0475442e-01 -4.6013272e-01 -4.8167288e-01 -4.6571998e-01
 -3.5749487e-01 -2.6727482e-01 -2.5818242e-01 -2.6902740e-01 -3.1919292e-01
 -3.8652466e-01 -3.7762699e-01 -2.8289819e-01 -1.6246499e-01 -6.4367351e-02
 -2.2793930e-02 -5.1477703e-02 -8.2179182e-02 -6.2316691e-02 -2.7984242e-02
  1.2932788e-02  8.0464057e-02  1.8313636e-01  3.0018424e-01  3.8346890e-01
  3.8459234e-01  2.6490810e-01  7.0658638e-02 -9.9099747e-02 -2.3048578e-01
 -3.3345317e-01 -3.9671056e-01 -4.5806558e-01 -5.1267994e-01 -5.3230276e-01
 -5.5095193e-01 -5.7768990e-01 -5.5916056e-01 -4.5608832e-01 -3.1114906e-01
 -2.1315478e-01 -2.3036594e-01 -1.9968843e-01 -5.0238919e-02  6.5926692e-02
  1.3857008e-01  2.0094669e-01  2.1099777e-01  1.1586453e-01 -4.8818886e-02
 -1.7594631e-01 -2.7990234e-01 -3.7413682e-01 -3.7436151e-01 -2.9291931e-01
 -1.8993694e-01 -9.7711170e-02 -9.3759643e-02 -1.5863030e-01 -2.2085412e-01
 -2.7684657e-01 -2.9019308e-01 -2.4470109e-01 -1.5476565e-01 -9.0826705e-02
 -1.0114292e-01 -8.5360775e-02 -7.7839692e-02 -1.3040789e-01 -1.1905361e-01
 -4.3098309e-02  5.3372579e-02  1.5579922e-01  2.4285864e-01  3.6763582e-01
  5.2598152e-01  6.6936293e-01  8.0128522e-01  9.0185593e-01  9.2618224e-01
  9.3910933e-01  9.7820519e-01  9.3191929e-01  7.9018559e-01  5.8218368e-01
  3.4489732e-01  1.6902590e-01 -2.1499723e-03 -1.6282449e-01 -2.4649860e-01
 -3.1778487e-01 -3.5262661e-01 -3.5646130e-01 -4.2848155e-01 -5.3414521e-01
 -6.1879297e-01 -6.6870385e-01 -6.7939903e-01 -7.0318609e-01 -7.5453497e-01
 -7.8678530e-01 -7.5212331e-01 -6.6440480e-01 -6.0373882e-01 -5.4403152e-01
 -3.8598541e-01 -1.6319897e-01  3.3164068e-02  1.5990353e-01  2.0427208e-01
  1.9840022e-01  1.8358573e-01  1.4808640e-01  5.4845040e-02 -8.8155904e-02
 -2.4429665e-01 -3.5774952e-01 -3.7340284e-01 -2.9748798e-01 -1.9715694e-01
 -1.3624380e-01 -1.0971405e-01 -1.0535808e-01 -1.1512455e-01 -9.6598211e-02
 -3.9465840e-02  1.7286059e-02  9.6936743e-02  2.3746611e-01  4.0066508e-01
  5.2072380e-01  5.9582978e-01  6.7772136e-01  7.5141928e-01  8.1340344e-01
  8.7901257e-01  8.9298821e-01  8.5798170e-01  8.3191779e-01  8.2663012e-01
  8.6169655e-01  9.2730568e-01  9.7428062e-01  9.7916386e-01  8.8013601e-01
  7.5224314e-01  7.0862356e-01  6.8137629e-01  6.4180111e-01  5.5406762e-01
  4.4462919e-01  3.5536782e-01  2.4350275e-01  4.5652272e-02 -1.5827079e-01
 -2.6149283e-01 -2.7740080e-01 -2.1980557e-01 -1.1032520e-01  4.6712803e-03
  4.9783550e-03 -4.3660031e-02 -9.4517593e-02 -2.6514777e-01 -3.8270495e-01
 -3.9524259e-01 -4.6943483e-01 -5.7745023e-01 -6.4418281e-01 -6.3832592e-01
 -6.1823874e-01 -6.1826870e-01 -5.9037733e-01 -5.6512231e-01 -5.5869621e-01
 -5.2529247e-01 -4.5396126e-01 -3.6085022e-01 -2.8294312e-01 -2.4299345e-01
 -2.1417337e-01 -1.8325619e-01 -1.3132911e-01 -6.9037883e-02 -6.5012957e-02
 -1.2133046e-01 -2.0575503e-01 -2.9844665e-01 -3.7280367e-01 -4.2854147e-01
 -5.0872542e-01 -6.2053057e-01 -6.7423119e-01 -6.3693285e-01 -5.4922932e-01
 -4.0757051e-01 -2.2904777e-01 -5.4717716e-02  1.0578798e-01  2.5290972e-01
  3.8498180e-01  4.7022873e-01  5.0583442e-01  4.9702662e-01  4.1723213e-01
  3.2975329e-01  2.5737354e-01  2.1288515e-01  2.9714346e-01  4.3096811e-01
  4.9338666e-01  5.2941176e-01  5.3823455e-01  4.9903384e-01  4.6844620e-01
  4.6110637e-01  4.9145434e-01  5.6990069e-01  6.3733729e-01  6.3870040e-01
  5.4199434e-01  4.0105454e-01  3.1231744e-01  2.5687922e-01  2.0337333e-01
  1.5777648e-01  1.1526236e-01  9.9396336e-02  1.1317725e-01  1.3009632e-01
  1.0650849e-01  5.7860363e-02  6.7123534e-02  8.5335311e-02  2.8180470e-02
 -6.5288575e-02 -1.3988825e-01 -1.7594631e-01 -1.6274959e-01 -1.5602391e-01
 -2.2133345e-01 -2.7990234e-01 -2.6260130e-01 -2.3602810e-01 -2.3385611e-01
 -2.8418640e-01 -4.2210039e-01 -5.8011654e-01 -6.9475277e-01 -7.6105094e-01
 -7.5589808e-01 -6.7698737e-01 -5.7520334e-01 -4.7198131e-01 -4.0157881e-01
 -4.0345122e-01 -4.3249599e-01 -4.1774143e-01 -3.2985815e-01 -2.0523076e-01
 -7.4715020e-02  5.1985500e-02  1.2857592e-01  1.3970251e-01  1.1406402e-01
  6.6013571e-02 -5.9951467e-03 -8.9791639e-02 -1.5334262e-01 -1.9425096e-01
 -2.0988930e-01 -1.8011055e-01 -1.3420513e-01 -7.5102982e-02  4.5220869e-02
  1.9231864e-01  3.0129271e-01  3.9398433e-01  4.8702048e-01  5.5131143e-01
  5.9334322e-01  6.3837086e-01  6.8480654e-01  7.1409098e-01  7.0675115e-01
  6.5808355e-01  5.3844425e-01  3.5011010e-01  1.8769005e-01  1.0507198e-01
  1.0248506e-01  1.5428631e-01  1.8677631e-01  1.5651822e-01  6.6707111e-02
 -5.1205081e-02 -1.1598736e-01 -9.1860274e-02 -4.7004898e-02 -1.3299330e-02
  1.0830150e-02 -2.6379964e-04 -2.0650399e-02 -3.4443296e-02 -7.4102368e-02
 -1.3200617e-01 -1.7874743e-01 -2.0957474e-01 -2.3190881e-01 -2.6757441e-01
 -3.2830030e-01 -3.7795653e-01 -4.0217798e-01 -4.1468566e-01 -3.9109334e-01
 -3.2525952e-01 -2.5506673e-01 -1.9968843e-01 -1.6505640e-01 -1.4462919e-01
 -1.1157147e-01 -9.5142228e-02 -1.2574335e-01 -1.6195569e-01 -1.7822316e-01
 -1.6255486e-01 -1.0041792e-01 -2.0082685e-02  4.0039545e-02  5.6994563e-02
  1.5645831e-02 -6.6018065e-02 -1.3830645e-01 -1.8885843e-01 -2.3460507e-01
 -2.6122321e-01 -2.5954553e-01 -2.3044084e-01 -1.6595515e-01 -8.2691472e-02
  3.3048728e-03  8.2227115e-02  1.4202579e-01  1.9276802e-01  2.2701059e-01
  2.2903279e-01  2.0768735e-01  1.6150631e-01  1.0610554e-01  6.2447011e-02
  2.4419179e-02 -9.8063182e-03 -4.9960305e-02 -1.0447430e-01 -1.5121557e-01
 -1.6312407e-01 -1.3617789e-01 -1.0164922e-01 -8.3498854e-02 -7.3371381e-02
 -7.3452269e-02 -5.9070687e-02  7.8825327e-03  9.3807577e-02  1.5904972e-01
  1.9971839e-01  2.1654009e-01  2.1424827e-01  1.8866370e-01  1.5924445e-01
  1.5416648e-01  1.5886997e-01  1.6391797e-01  1.7100316e-01  1.6209050e-01
  1.4822121e-01  1.5322279e-01  1.5671295e-01  1.2499438e-01  6.9385401e-02
  3.0024416e-02  1.8427478e-02  3.8513159e-02  8.0020671e-02  1.0487425e-01
  1.0771881e-01  1.0308872e-01  9.4983448e-02  8.3012028e-02  6.2595306e-02
  4.0533861e-02  1.5728216e-02 -1.7145254e-02 -4.3854761e-02 -6.0445783e-02
 -7.9921808e-02 -9.6055962e-02 -8.5867074e-02 -5.5613475e-02 -2.9211043e-02
 -1.8613221e-02 -3.4274030e-02 -7.1380638e-02 -1.0266930e-01 -1.1006456e-01
 -1.0075945e-01 -9.1470813e-02 -8.9354244e-02 -9.7682709e-02 -1.0301383e-01
 -8.7463863e-02 -6.6205306e-02 -4.9185878e-02 -3.5694064e-02 -3.4413338e-02
 -4.4495873e-02 -5.5276442e-02 -5.8622807e-02 -5.6061355e-02 -5.3090969e-02
 -4.6404230e-02 -3.4912147e-02 -3.2922902e-02 -5.0670322e-02 -8.4041103e-02
 -1.2315942e-01 -1.5130544e-01 -1.5858536e-01 -1.5433125e-01 -1.4371845e-01
 -1.2350994e-01 -9.7381626e-02 -7.0129870e-02 -4.4855375e-02 -2.2226217e-02
 -3.9140790e-03  2.8003715e-03  3.3796192e-05 -8.5052203e-04  7.8645576e-03
  2.9288935e-02  5.6425351e-02  8.5961443e-02  1.1810393e-01  1.4003655e-01
  1.5033179e-01  1.6300424e-01  1.7470304e-01  1.7362453e-01  1.5836067e-01
  1.3230426e-01  1.0611453e-01  8.8566336e-02  7.6208451e-02  6.3004239e-02
  5.2559206e-02  4.6287392e-02  3.4663491e-02  1.6787250e-02  1.0434698e-04
 -1.1306491e-02 -1.6908582e-02 -1.7372938e-02 -8.3262182e-03  1.3614943e-02
  3.8582064e-02  5.2753936e-02  5.0853069e-02  3.5373508e-02  1.1505415e-02
 -1.2350994e-02 -2.5352387e-02 -2.7889873e-02 -2.7212810e-02 -2.0696835e-02
 -9.3612846e-03 -1.0460612e-03  7.3083779e-03  1.4882937e-02  1.4117647e-02
  9.1891730e-03  6.0481733e-03  7.5285729e-03  1.2202699e-02  1.3733130e-02
  1.2261718e-02  7.0345571e-03 -1.8797466e-03 -6.8417741e-03 -6.8077712e-03
 -5.4608367e-03  7.9864887e-04  1.2698213e-02  2.2925748e-02  2.9613985e-02
  3.3489118e-02  3.5595201e-02  3.8656960e-02  4.0715110e-02  4.0063512e-02
  3.8423284e-02  3.5792927e-02  3.0912686e-02  2.3870939e-02  1.6402283e-02
  1.1255411e-02  8.3410476e-03  5.4421127e-03  3.7031711e-03  4.6841624e-03
  6.6516874e-03  7.8073368e-03  8.7098369e-03  9.8374751e-03  1.0170614e-02
  9.8879552e-03  9.2535838e-03  6.9677497e-03  3.2584371e-03  3.6034093e-04
 -9.7860963e-05  1.8313636e-04 -7.4884285e-04 -2.6631615e-03 -5.5092197e-03
 -7.9172846e-03 -8.7150796e-03 -1.0340478e-02 -1.4689106e-02 -2.1439806e-02
 -3.0078341e-02 -3.9208197e-02 -4.6524064e-02 -5.1858176e-02 -5.5483156e-02
 -5.6510733e-02 -5.6383409e-02 -5.6092811e-02 -5.4705733e-02 -5.3116434e-02
 -5.2560703e-02 -5.1898620e-02 -4.8862326e-02 -4.2362827e-02 -3.2602346e-02
 -2.1866715e-02 -1.3026558e-02 -6.4806243e-03 -2.0061715e-03  7.9852904e-04
  3.9420902e-03  7.8251622e-03  1.0811576e-02  1.1834359e-02  1.0603215e-02
  6.9312003e-03  1.4564029e-03 -4.9344658e-03 -1.1946854e-02 -1.8572777e-02
 -2.4461121e-02 -2.8890487e-02 -2.9669408e-02 -2.8122051e-02 -2.7756557e-02
 -2.7840441e-02 -2.6594167e-02 -2.4891026e-02 -2.2784943e-02 -2.0013781e-02
 -1.6083225e-02 -1.0606660e-02 -5.0718255e-03  9.1777888e-04  8.0011684e-03
  1.3935200e-02  1.7720457e-02  2.0449677e-02  2.2470379e-02  2.3325694e-02
  2.3351159e-02  2.1637532e-02  1.6992465e-02  1.1392921e-02  6.3832592e-03
  2.0894561e-03 -7.8190207e-04 -2.4973412e-03 -2.8160997e-03 -9.9045822e-04
  1.2121362e-03  2.1418835e-03  2.4864063e-03  3.2816549e-03  5.2051409e-03
  7.5347144e-03  1.0276068e-02  1.4308483e-02  1.7864258e-02  1.9362183e-02
  1.9949370e-02  2.0708818e-02  2.1384383e-02  2.1342441e-02  2.0603964e-02
  1.9119519e-02  1.6881619e-02  1.4840246e-02  1.2893542e-02  9.7020626e-03
  5.7927770e-03  2.5541126e-03  2.7413532e-04 -1.4555341e-03 -3.0972603e-03
 -4.0274720e-03 -3.6287242e-03 -2.4718765e-03 -8.4799053e-04  1.1285819e-03
  3.1501371e-03  6.3179496e-03  1.1576866e-02  1.6288441e-02  1.8303150e-02
  1.8590752e-02  1.7975104e-02  1.7311524e-02  1.7206669e-02  1.6421756e-02
  1.4090385e-02  1.1196693e-02  8.9098099e-03  7.1665244e-03  5.3977741e-03
  4.0956276e-03  3.5289624e-03  3.0704474e-03  2.9582528e-03  3.1693105e-03
  3.1735047e-03  3.7070657e-03  4.5456043e-03  4.6432691e-03  5.0628380e-03
  5.7372040e-03  5.6563160e-03  4.9819500e-03  3.6119475e-03  1.4910349e-03
 -1.4746027e-03 -3.6943333e-03 -2.4234935e-03  1.1282973e-03  4.3582139e-03
  7.1374646e-03  9.3197921e-03  9.4340838e-03  7.5368115e-03  5.0065160e-03
  1.7431358e-03 -2.2121362e-03 -6.0910139e-03 -9.8822631e-03 -1.3055019e-02
 -1.4892074e-02 -1.5949909e-02 -1.6451714e-02 -1.5511017e-02 -1.2605042e-02
 -9.1755419e-03 -7.2835123e-03 -6.2147426e-03 -5.0471098e-03 -4.3973097e-03
 -3.7241421e-03 -2.9282943e-03 -2.8322773e-03 -3.5782441e-03 -5.3177849e-03
 -7.6439132e-03 -9.9634506e-03 -1.2593658e-02 -1.5723723e-02 -1.9264818e-02
 -2.2573735e-02 -2.5226561e-02 -2.7786516e-02 -2.9249989e-02 -2.8394673e-02
 -2.6388951e-02 -2.4798155e-02 -2.3707665e-02 -2.2696565e-02 -2.1499723e-02
 -1.8915802e-02 -1.5082611e-02 -1.1627646e-02 -8.7631630e-03 -6.4864662e-03
 -4.2493147e-03 -1.6328884e-03  5.0598421e-04  2.1186656e-03  3.5752483e-03
  5.1537620e-03  6.5562696e-03  6.4436256e-03  5.1497176e-03  4.0354110e-03
  3.2744649e-03  2.8832068e-03  2.9602001e-03  3.5566740e-03  4.2413757e-03
  4.0470948e-03  3.0343474e-03  1.6171602e-03 -1.9383154e-04 -2.0448179e-03
 -3.4095777e-03 -3.8610524e-03 -3.5195255e-03 -3.0664030e-03 -2.6063901e-03
 -1.6689885e-03  8.2631555e-06  1.9724681e-03  3.4405848e-03  4.2298417e-03
  4.5351189e-03  4.8195749e-03  5.4921434e-03  6.2250783e-03  6.2733115e-03
  5.5803712e-03  5.0180500e-03  4.8772450e-03  4.9125961e-03  5.0793151e-03
  5.1645471e-03  5.3490915e-03  5.5764766e-03  5.3916326e-03  4.9930346e-03
  4.6652886e-03  4.6640902e-03  4.8053446e-03  4.8454890e-03  4.9936338e-03
  5.5280936e-03  6.7586393e-03  8.6638506e-03  1.0585539e-02  1.1702242e-02
  1.2141584e-02  1.2495244e-02  1.2719484e-02  1.2406267e-02  1.1330008e-02
  9.8031726e-03  8.1220510e-03  6.3973397e-03  4.5226861e-03  2.1424827e-03
 -2.4625893e-04 -1.6748304e-03 -2.1285520e-03 -2.3995267e-03 -2.9309906e-03
 -3.3206010e-03 -3.2527449e-03 -3.2365674e-03 -3.7539508e-03 -4.8453392e-03
 -6.3386210e-03 -7.7444240e-03 -8.5974925e-03 -8.8452493e-03 -8.8609775e-03
 -8.3146842e-03 -7.1536422e-03 -6.5065384e-03 -6.6089965e-03 -7.1214368e-03
 -7.6334277e-03 -7.6804626e-03 -7.4333049e-03 -6.7710721e-03 -6.0086281e-03
 -5.8859480e-03 -6.1322069e-03 -6.4222052e-03 -6.9487260e-03 -7.5402567e-03
 -7.8862775e-03 -8.0985335e-03 -8.1792717e-03 -7.8711485e-03 -7.4635630e-03
 -7.1157447e-03 -6.6337123e-03 -6.0039845e-03 -5.4937911e-03 -5.0874039e-03
 -4.4346081e-03 -3.8008358e-03 -3.2764122e-03 -2.4100121e-03 -1.2482212e-03
 -4.7654998e-04 -6.6823949e-05  5.3553828e-04  1.3145493e-03  2.0708818e-03
  2.5121706e-03  2.2901781e-03  1.3855510e-03  3.0839288e-04 -3.4061325e-04
 -5.3126919e-04 -3.8131188e-04  2.0145598e-04  8.5285879e-04  1.4836052e-03
  2.3279258e-03  3.0184694e-03  3.4465765e-03  3.7890022e-03  3.9020956e-03
  3.8976018e-03  4.0163873e-03  4.0926317e-03  4.0455968e-03  4.1260354e-03
  4.0379574e-03  3.5635645e-03  3.0560673e-03  2.5875163e-03  2.1968574e-03
  2.0434698e-03  1.8644677e-03  1.2496293e-03  4.9376114e-04 -1.6555071e-04
 -8.1004808e-04 -1.3816115e-03 -1.9168951e-03 -2.4124088e-03 -2.9681391e-03
 -3.7675819e-03 -4.8607678e-03 -6.0024866e-03 -6.7872497e-03 -7.1301248e-03
 -7.1269791e-03 -6.8657409e-03 -6.4647463e-03 -6.0562621e-03 -5.8010156e-03
 -5.4663791e-03 -4.9584326e-03 -4.5402118e-03 -4.1249869e-03 -3.7079645e-03
 -3.3348313e-03 -2.6725985e-03 -1.8282179e-03 -1.2784493e-03 -1.0960470e-03
 -1.1060082e-03 -1.2442517e-03 -1.4585599e-03 -1.5397175e-03 -1.4380982e-03
 -1.5382196e-03 -1.7964619e-03 -1.7011938e-03 -1.2582723e-03 -5.8541919e-04
  6.2174388e-04  2.3830495e-03  4.1127039e-03  5.6055363e-03  6.9959107e-03
  8.3711559e-03  9.9168651e-03  1.1487290e-02  1.2923052e-02  1.4131428e-02
  1.4838449e-02  1.5223416e-02  1.5534984e-02  1.5780644e-02  1.6165611e-02
  1.6426250e-02  1.6168606e-02  1.5422640e-02  1.4227145e-02  1.2833026e-02
  1.1504666e-02  1.0274720e-02  9.2363576e-03  8.3838883e-03  7.6320796e-03
  7.0383020e-03  6.5537231e-03  5.8825027e-03  4.9852454e-03  4.1964379e-03
  3.6753097e-03  3.2743151e-03  2.8599889e-03  2.5358379e-03  2.4446142e-03
  2.5243038e-03  2.6153777e-03  2.6645097e-03  2.6794889e-03  2.5012358e-03
  2.0139607e-03  1.1986848e-03  2.6850312e-04 -4.1646819e-04 -1.0977396e-03
 -2.0118636e-03 -2.9943528e-03 -3.9537740e-03 -4.6792193e-03 -4.9737114e-03
 -4.7696940e-03 -4.1781632e-03 -3.5473869e-03 -3.0783864e-03 -2.7329648e-03
 -2.3942839e-03 -1.9612337e-03 -1.5605387e-03 -1.0825956e-03 -4.0036549e-04
  9.0251502e-05  4.4582753e-04  1.0160877e-03  1.7043395e-03  2.4897018e-03
  3.3853113e-03  4.1651313e-03  4.6509085e-03  4.9301218e-03  5.1278479e-03
  5.2837820e-03  5.3035546e-03  5.1320421e-03  4.9063048e-03  4.6151081e-03
  4.2154616e-03  3.8143172e-03  3.6774068e-03  3.8328914e-03  3.6565856e-03
  3.0521727e-03  2.6492308e-03  2.4886532e-03  2.2919756e-03  2.1974565e-03
  2.1589598e-03  2.0804686e-03  1.9706706e-03  1.8676134e-03  1.8968229e-03
  1.9865486e-03  1.8929283e-03  1.5160503e-03  9.6333079e-04  1.9011669e-04
 -8.1421232e-04 -1.8138378e-03 -2.7960275e-03 -3.7199479e-03 -4.4355068e-03
 -4.8171782e-03 -4.9170898e-03 -4.8525292e-03 -4.7617550e-03 -4.6864093e-03
 -4.2353840e-03 -3.5536782e-03 -2.9937537e-03 -2.6303570e-03 -2.5355383e-03
 -2.6848814e-03 -3.1050495e-03 -3.6893902e-03 -4.3099807e-03 -4.7605566e-03
 -4.8583712e-03 -4.9310205e-03 -5.1170629e-03 -5.1667940e-03 -5.2006471e-03
 -5.2779401e-03 -5.2330023e-03 -5.1524139e-03 -5.0042691e-03 -4.7186147e-03
 -4.3823305e-03 -4.0053027e-03 -3.6405578e-03 -3.2410611e-03 -2.6850312e-03
 -2.0656391e-03 -1.4593538e-03 -9.0519630e-04 -4.8702048e-04 -1.6968499e-04
 -1.9499993e-05 -2.0440690e-06  1.5211432e-05 -8.8016597e-05 -3.7707275e-04
 -5.6783355e-04 -3.4847736e-04 -2.6988121e-04 -9.1587651e-04 -1.8198295e-03
 -2.7013586e-03 -3.4534669e-03 -3.9939184e-03 -4.5282284e-03 -5.0698782e-03
 -5.5203044e-03 -5.7577256e-03 -5.7318114e-03 -5.3952276e-03 -4.6579487e-03
 -3.6456508e-03 -2.4206474e-03 -9.7245315e-04  3.9549724e-04  1.5659312e-03
  2.4934466e-03  3.0900703e-03  3.6775566e-03  4.3577645e-03  4.9211342e-03
  5.0689795e-03  4.7944097e-03  4.3134259e-03  3.4503213e-03  2.1985051e-03
  8.8675684e-04 -3.9383454e-04 -1.6423254e-03 -2.7383574e-03 -3.7271379e-03
 -4.8029479e-03 -5.8622807e-03 -6.6913824e-03 -7.1681721e-03 -7.2495094e-03
 -6.9526206e-03 -6.3706766e-03 -5.6807322e-03 -5.0066658e-03 -4.3297533e-03
 -3.5571234e-03 -2.6122321e-03 -1.6493656e-03 -7.6738717e-04  6.6518372e-05
  8.2501236e-04  1.4930421e-03  2.0422715e-03  2.3805030e-03  2.4669333e-03
  2.2985665e-03  1.8689615e-03  1.2674546e-03  5.8910409e-04 -7.5224314e-05
 -7.2553513e-04 -1.3646400e-03 -1.7223146e-03 -1.7901706e-03 -1.7459818e-03
 -1.3668719e-03 -5.5177579e-04  4.3415869e-04  1.6414266e-03  3.0547192e-03
  4.4124388e-03  5.6477778e-03  6.6877874e-03  7.5398074e-03  8.1021286e-03
  8.3368535e-03  8.6373373e-03  8.8548361e-03  8.6395842e-03  8.1761261e-03
  7.6355248e-03  6.9620576e-03  6.0842733e-03  5.0337782e-03  3.8700400e-03
  2.6347009e-03  1.3663626e-03  1.5422640e-04 -9.0645456e-04 -1.7118291e-03
 -2.2551266e-03 -2.6341018e-03 -2.8420138e-03 -2.8459084e-03 -2.5103731e-03
 -1.8816939e-03 -1.1719169e-03 -3.8003865e-04  4.9164907e-04  1.3414371e-03
  2.0773229e-03  2.6743960e-03  3.1377043e-03  3.4326458e-03  3.5530790e-03
  3.4530176e-03  3.0945640e-03  2.5075271e-03  1.7428362e-03  8.8644228e-04
  1.4372894e-04 -4.9612786e-04 -1.1894726e-03 -1.8192304e-03 -2.2203748e-03
 -2.3578843e-03 -2.3324196e-03 -2.2122860e-03 -1.9302266e-03 -1.5602391e-03
 -1.0805884e-03 -3.6648242e-04  3.7177010e-04  1.0382121e-03  1.8072470e-03
  2.5768810e-03  3.2227864e-03  3.7903504e-03  4.2997948e-03  4.7421321e-03
  5.0580446e-03  5.2271604e-03  5.3132911e-03  5.2974131e-03  5.0149044e-03
  4.4816429e-03  3.8677931e-03  3.1336599e-03  2.2786441e-03  1.3375425e-03
  3.4199134e-04 -6.1067422e-04 -1.5124552e-03 -2.3334681e-03 -2.9590018e-03
 -3.4441798e-03 -3.8349885e-03 -4.0228284e-03 -4.0250753e-03 -3.8905616e-03
 -3.6720143e-03 -3.4223101e-03 -3.1062478e-03 -2.6024955e-03 -1.9715694e-03
 -1.3566111e-03 -8.2065340e-04 -3.4423823e-04  7.4887281e-05  2.6119325e-04
  2.2835872e-04  8.6431792e-05 -2.2539283e-04 -6.9493252e-04 -1.3554128e-03
 -2.1743885e-03 -2.9630462e-03 -3.7194985e-03 -4.4741533e-03 -5.1521143e-03
 -5.6480774e-03 -5.8829521e-03 -5.9284890e-03 -5.7706077e-03 -5.3419015e-03
 -4.7082790e-03 -3.9103342e-03 -2.9533097e-03 -1.8872362e-03 -7.3762339e-04
  4.7338936e-04  1.6090714e-03  2.5662457e-03  3.4588595e-03  4.2193562e-03
  4.6324840e-03  4.6891056e-03  4.4793960e-03  3.9823844e-03  3.1860873e-03
  2.2103387e-03  1.1489837e-03  4.7662487e-05 -1.0116389e-03 -2.0686349e-03
 -3.1324615e-03 -3.9585674e-03 -4.5908417e-03 -5.2135293e-03 -5.6786351e-03
 -5.9551521e-03 -6.0096766e-03 -5.7713567e-03 -5.3833940e-03 -4.8347039e-03
 -4.1676778e-03 -3.4910649e-03 -2.6567204e-03 -1.8858880e-03 -1.5042167e-03
 -1.1613266e-03 -6.3556974e-04 -2.2476370e-04 -3.1032520e-05 -8.7898261e-06
 -1.7720457e-04 -4.9070537e-04 -9.0167618e-04 -1.4544406e-03 -1.9224374e-03
 -2.1733399e-03 -2.4928474e-03 -2.7738582e-03 -2.7879387e-03 -2.6219686e-03
 -2.2822391e-03 -1.7056876e-03 -8.4491979e-04  2.4043200e-04  1.3291841e-03
  2.3966806e-03  3.4763852e-03  4.5297263e-03  5.5457691e-03  6.4130679e-03
  7.0365044e-03  7.4497821e-03  7.7836696e-03  7.9858895e-03  7.9941281e-03
  7.8594646e-03  7.6200962e-03  7.3187136e-03  6.9815306e-03  6.6227775e-03
  6.2530895e-03  5.8435567e-03  5.4531973e-03  5.1049297e-03  4.7499214e-03
  4.4501865e-03  4.2533591e-03  4.0890367e-03  3.9527255e-03  3.8841205e-03
  3.8688417e-03  3.8996989e-03  3.9811861e-03  4.0986234e-03  4.2331371e-03
  4.3651043e-03  4.4719064e-03  4.5120508e-03  4.4844890e-03  4.3769379e-03
  4.1188454e-03  3.7307329e-03  3.2403122e-03  2.6158271e-03  2.0051229e-03
  1.4630087e-03  8.1966476e-04  1.2613880e-04 -4.7190641e-04 -9.7176411e-04
 -1.4015638e-03 -1.7404395e-03 -1.9705208e-03 -2.1171677e-03 -2.1755868e-03
 -2.1579113e-03 -2.1284022e-03 -2.0707320e-03 -1.9461046e-03 -1.9004179e-03
 -1.9534445e-03 -1.9902934e-03 -2.0532063e-03 -2.1754370e-03 -2.2984167e-03
 -2.4233437e-03 -2.5587561e-03 -2.6959661e-03 -2.8325769e-03 -2.9678395e-03
 -3.1167333e-03 -3.2501985e-03 -3.3577495e-03 -3.5187765e-03 -3.7211462e-03
 -3.9262122e-03 -4.1366707e-03 -4.3418865e-03 -4.5274794e-03 -4.6876077e-03
 -4.8122351e-03 -4.8962687e-03 -4.9409068e-03 -4.9480969e-03 -4.9131952e-03
 -4.8793421e-03 -4.7608562e-03 -4.5369164e-03 -4.4226247e-03 -4.3997064e-03
 -4.3556674e-03 -4.3212151e-03 -4.2945520e-03 -4.2810707e-03 -4.2719334e-03
 -4.2499139e-03 -4.2076724e-03 -4.1387678e-03 -4.0357105e-03 -3.8977516e-03
 -3.7236927e-03 -3.5163798e-03 -3.2855495e-03 -3.0422864e-03 -2.7819470e-03
 -2.5145673e-03 -2.2530296e-03 -2.0097665e-03 -1.7835797e-03 -1.5780644e-03
 -1.3973547e-03 -1.2442068e-03 -1.1167633e-03 -1.0170464e-03 -9.4249464e-04
 -8.9231414e-04 -8.6220584e-04 -8.4960829e-04 -8.4695696e-04 -8.4881439e-04
 -8.4436555e-04 -8.2591111e-04 -7.8176725e-04 -7.0483381e-04 -5.8553903e-04
 -4.2060247e-04 -2.0761246e-04  5.2482811e-05  3.4578109e-04  6.5832322e-04
  9.9817253e-04  1.3440135e-03  1.6776764e-03  1.9887955e-03  2.2627661e-03
  2.4895520e-03  2.6652586e-03  2.7850926e-03  2.8505520e-03  2.8622358e-03
  2.8255366e-03  2.7428512e-03  2.6210698e-03  2.4634881e-03  2.2780449e-03
  2.0695337e-03  1.8461930e-03  1.6165611e-03  1.3918723e-03  1.1809943e-03
  9.9895145e-04  8.5600443e-04  7.6470588e-04  7.3263530e-04  7.6756692e-04
  8.6929103e-04  1.0364146e-03  1.2597702e-03  1.5284831e-03  1.8246229e-03
  2.1310984e-03  2.4263395e-03  2.6925209e-03  2.9107686e-03  3.0690993e-03
  3.1568777e-03  3.1721566e-03  3.1153852e-03  2.9946524e-03  2.8195449e-03
  2.6051918e-03  2.3652242e-03  2.1167183e-03  1.8715080e-03  1.6436735e-03
  1.4401504e-03  1.2691622e-03  1.1324016e-03  1.0332539e-03  9.6951722e-04
  9.4144610e-04  9.4522087e-04  9.8013751e-04  1.0411780e-03  1.1260205e-03
  1.2278494e-03  1.3418565e-03  1.4576611e-03  1.5674291e-03  1.6577540e-03
  1.7185698e-03  1.7360955e-03  1.7023922e-03  1.6077233e-03  1.4498120e-03
  1.2268308e-03  9.4541560e-04  6.1280127e-04  2.4384727e-04 -1.4732396e-04
 -5.4138019e-04 -9.2236253e-04 -1.2718135e-03 -1.5776150e-03 -1.8270196e-03
 -2.0153088e-03 -2.1376893e-03 -2.1977561e-03 -2.1985051e-03 -2.1501221e-03
 -2.0606959e-03 -1.9438578e-03 -1.8096436e-03 -1.6718345e-03 -1.5391183e-03
 -1.4241226e-03 -1.3325844e-03 -1.2733414e-03 -1.2486257e-03 -1.2637098e-03
 -1.3173654e-03 -1.4103417e-03 -1.5379200e-03 -1.6980482e-03 -1.8824428e-03
 -2.0861607e-03 -2.2982669e-03 -2.5121706e-03 -2.7163379e-03 -2.9034288e-03
 -3.0623586e-03 -3.1877350e-03 -3.2713192e-03 -3.3111640e-03 -3.3033748e-03
 -3.2510972e-03 -3.1558292e-03 -3.0259590e-03 -2.8677781e-03 -2.6938690e-03
 -2.5130694e-03 -2.3391603e-03 -2.1808296e-03 -2.0496113e-03 -1.9511976e-03
 -1.8924789e-03 -1.8736051e-03 -1.8957744e-03 -1.9538939e-03 -2.0440690e-03
 -2.1561138e-03 -2.2831379e-03 -2.4133076e-03 -2.5382345e-03 -2.6456358e-03
 -2.7292200e-03 -2.7795503e-03 -2.7931814e-03 -2.7641217e-03 -2.6940188e-03
 -2.5812250e-03 -2.4315823e-03 -2.2470379e-03 -2.0364295e-03 -1.8039515e-03
 -1.5590407e-03 -1.3061759e-03 -1.0539703e-03 -8.0565916e-04 -5.6814811e-04
 -3.4314474e-04 -1.3617640e-04  5.2494795e-05  2.1845744e-04  3.6198865e-04
  4.7954583e-04  5.7273177e-04  6.3971899e-04  6.8420737e-04  7.0687098e-04
  7.1442053e-04  7.1055588e-04  7.0442937e-04  7.0129870e-04  7.1091538e-04
  7.3784808e-04  7.8949655e-04  8.6668464e-04  9.7200377e-04  1.1009751e-03
  1.2508875e-03  1.4118546e-03  1.5768660e-03  1.7336988e-03  1.8734553e-03
  1.9840022e-03  2.0590482e-03  2.0896059e-03  2.0735781e-03  2.0078192e-03
  1.8957744e-03  1.7395407e-03  1.5478063e-03  1.3263230e-03  1.0864303e-03
  8.3521323e-04  5.8395123e-04  3.3860603e-04  1.0823709e-04 -1.0402343e-04
 -2.9202055e-04 -4.5574379e-04 -5.9168052e-04 -7.0198775e-04 -7.8476310e-04
 -8.4322713e-04 -8.7637622e-04 -8.8813493e-04 -8.7821867e-04 -8.5154062e-04
 -8.0901451e-04 -7.5670696e-04 -6.9696970e-04 -6.3706766e-04 -5.7965218e-04
 -5.3182342e-04 -4.9500442e-04 -4.7413832e-04 -4.6769724e-04 -4.7701434e-04
 -4.9683189e-04 -5.2514268e-04 -5.5381297e-04 -5.7911293e-04 -5.9259426e-04
 -5.9123114e-04 -5.6856753e-04 -5.2472326e-04 -4.5670247e-04 -3.6832487e-04
 -2.6026453e-04 -1.3931455e-04 -8.0811576e-06  1.2559954e-04  2.5900628e-04
  3.8544616e-04  5.0420168e-04  6.1104870e-04  7.0791953e-04  7.9357090e-04
  8.7248161e-04  9.4489133e-04  1.0162375e-03  1.0871643e-03  1.1618508e-03
  1.2390389e-03  1.3206309e-03  1.4025525e-03  1.4847287e-03  1.5608382e-03
  1.6294432e-03  1.6842673e-03  1.7241121e-03  1.7446337e-03  1.7473299e-03
  1.7301038e-03  1.6965503e-03  1.6469689e-03  1.5870519e-03  1.5173984e-03
  1.4435357e-03  1.3663177e-03  1.2899235e-03  1.2139037e-03  1.1426474e-03
  1.0746416e-03  1.0142303e-03  9.6081427e-04  9.1899220e-04  8.8909361e-04
  8.7603170e-04  8.7986639e-04  9.0497161e-04  9.4972962e-04  1.0164023e-03
  1.1003011e-03  1.2003176e-03  1.3088123e-03  1.4221603e-03  1.5301308e-03
  1.6279453e-03  1.7058374e-03  1.7600623e-03  1.7831304e-03  1.7748918e-03
  1.7323507e-03  1.6601507e-03  1.5599395e-03  1.4406297e-03  1.3074642e-03
  1.1716023e-03  1.0394254e-03  9.2162854e-04  8.2230111e-04  7.4891775e-04
  7.0153837e-04  6.8275439e-04  6.8781737e-04  7.1500472e-04  7.5553858e-04
  8.0523974e-04  8.5401219e-04  8.9691278e-04  9.2492398e-04  9.3513983e-04
  9.2066987e-04  8.8194850e-04  8.1581510e-04  7.2592459e-04  6.1221708e-04
  4.8167288e-04  3.3668869e-04  1.8595246e-04  3.3279408e-05 -1.1231744e-04
 -2.4763702e-04 -3.6501445e-04 -4.6357794e-04 -5.3856409e-04 -5.9233961e-04
 -6.2381102e-04 -6.3916476e-04 -6.4049791e-04 -6.3681301e-04 -6.3221438e-04
 -6.3676808e-04 -6.5466828e-04 -6.9500741e-04 -7.6039186e-04 -8.5729265e-04
 -9.8479606e-04 -1.1458081e-03 -1.3352057e-03 -1.5518507e-03 -1.7867254e-03
 -2.0344822e-03 -2.2831379e-03 -2.5250528e-03 -2.7461466e-03 -2.9383304e-03
 -3.0885723e-03 -3.1901317e-03 -3.2335715e-03 -3.2161956e-03 -3.1332105e-03
 -2.9883611e-03 -2.7828458e-03 -2.5265507e-03 -2.2268159e-03 -1.8992196e-03
 -1.5548465e-03 -1.2120164e-03 -8.8323672e-04 -5.8615318e-04 -3.3113138e-04
 -1.3133959e-04  8.6322443e-06  8.2258572e-05  9.2606240e-05  4.1168981e-05
 -6.1094384e-05 -2.0565017e-04 -3.7593433e-04 -5.5889094e-04 -7.3522671e-04
 -8.9149029e-04 -1.0098264e-03 -1.0800192e-03 -1.0892464e-03 -1.0338681e-03
 -9.0897108e-04 -7.1907908e-04 -4.6759238e-04 -1.6746806e-04  1.7082341e-04
  5.2834824e-04  8.9048668e-04  1.2365224e-03  1.5518507e-03  1.8184814e-03
  2.0268428e-03  2.1651013e-03  2.2313096e-03  2.2227715e-03  2.1460777e-03
  2.0063212e-03  1.8171333e-03  1.5889992e-03  1.3395647e-03  1.0808430e-03
  8.3074941e-04  5.9969442e-04  4.0237271e-04  2.4537516e-04  1.3819260e-04
  8.2056352e-05  8.0849024e-05  1.2960350e-04  2.2645636e-04  3.6122470e-04
  5.2720981e-04  7.0977696e-04  8.9903983e-04  1.0788358e-03  1.2388442e-03
  1.3644902e-03  1.4484040e-03  1.4804745e-03  1.4595935e-03  1.3820608e-03
  1.2550068e-03  1.0822361e-03  8.7670576e-04  6.4785272e-04  4.1263350e-04
  1.8208781e-04 -2.7719109e-05 -2.0824159e-04 -3.4772840e-04 -4.4359562e-04
 -4.9049566e-04 -4.9233811e-04 -4.5005168e-04 -3.7266885e-04 -2.6510283e-04
