Scaled from
PEER NGA STRONG MOTION DATABASE RECORD
ACCELERATION TIME SERIES IN UNITS OF G
NPTS= 2999.000000, DT= 0.010000, Scalar= 1.000000
  2.6306055e-04  4.9655761e-04  4.1601587e-04  4.4593900e-04  4.2971351e-04
  4.3849932e-04  4.2824407e-04  4.3744091e-04  4.2801800e-04  4.3671133e-04
  4.2876814e-04  4.3607423e-04  4.2880924e-04  4.3441983e-04  4.2676436e-04
  4.3015537e-04  4.2091742e-04  4.2146204e-04  4.0993259e-04  4.0728143e-04
  3.9332689e-04  3.8793210e-04  3.7256977e-04  3.6628098e-04  3.5201817e-04
  3.4839081e-04  3.3966665e-04  3.4402359e-04  3.4678778e-04  3.6566443e-04
  3.8644211e-04  4.2594229e-04  4.7002548e-04  5.3429035e-04  6.0396029e-04
  6.9279461e-04  7.8518435e-04  8.9286448e-04  9.9921904e-04  1.1146163e-03
  1.2214846e-03  1.3290723e-03  1.4201159e-03  1.5038637e-03  1.5639771e-03
  1.6105265e-03  1.6278926e-03  1.6278926e-03  1.6032307e-03  1.5748695e-03
  1.5369518e-03  1.5027334e-03  1.4600888e-03  1.4211435e-03  1.3745941e-03
  1.3331826e-03  1.2850919e-03  1.2422418e-03  1.1935345e-03  1.1501706e-03
  1.1011550e-03  1.0578939e-03  1.0088475e-03  9.6533972e-04  9.1622138e-04
  8.7255950e-04  8.2308151e-04  7.7898804e-04  7.2895516e-04  6.8399852e-04
  6.3302026e-04  5.8691274e-04  5.3463973e-04  4.8703194e-04  4.3320728e-04
  3.8388343e-04  3.2838382e-04  2.7733363e-04  2.1996383e-04  1.6715648e-04
  1.0819392e-04  5.3787661e-05 -6.6477249e-06 -6.2407004e-05 -1.2404949e-04
 -1.8099799e-04 -2.4364955e-04 -3.0144067e-04 -3.6489375e-04 -4.2352748e-04
 -4.8771014e-04 -5.4711455e-04 -6.1204735e-04 -6.7226355e-04 -7.3803897e-04
 -7.9923137e-04 -8.6600353e-04 -9.2825435e-04 -9.9610547e-04 -1.0595380e-03
 -1.1283859e-03 -1.1931234e-03 -1.2632044e-03 -1.3287640e-03 -1.3998726e-03
 -1.4665625e-03 -1.5384932e-03 -1.6059024e-03 -1.6787579e-03 -1.7469892e-03
 -1.8203584e-03 -1.8890008e-03 -1.9629866e-03 -2.0321427e-03 -2.1066423e-03
 -2.1765177e-03 -2.2513256e-03 -2.3216121e-03 -2.3971392e-03 -2.4679395e-03
 -2.5438777e-03 -2.6152945e-03 -2.6918492e-03 -2.7636771e-03 -2.8408484e-03
 -2.9131900e-03 -2.9906696e-03 -3.0634223e-03 -3.1412101e-03 -3.2142710e-03
 -3.2925726e-03 -3.3658391e-03 -3.4441407e-03 -3.5177155e-03 -3.5960171e-03
 -3.6695918e-03 -3.7482017e-03 -3.8218792e-03 -3.9002836e-03 -3.9738584e-03
 -4.0523655e-03 -4.1259402e-03 -4.2041391e-03 -4.2775083e-03 -4.3555017e-03
 -4.4285626e-03 -4.5061449e-03 -4.5785893e-03 -4.6555551e-03 -4.7273830e-03
 -4.8037322e-03 -4.8748407e-03 -4.9503679e-03 -5.0206544e-03 -5.0951539e-03
 -5.1645156e-03 -5.2381931e-03 -5.3064244e-03 -5.3789716e-03 -5.4460726e-03
 -5.5172839e-03 -5.5831518e-03 -5.6530273e-03 -5.7173538e-03 -5.7857906e-03
 -5.8486785e-03 -5.9153685e-03 -5.9766123e-03 -6.0417609e-03 -6.1012578e-03
 -6.1647622e-03 -6.2226150e-03 -6.2845781e-03 -6.3408895e-03 -6.4011057e-03
 -6.4557729e-03 -6.5142423e-03 -6.5667516e-03 -6.6231658e-03 -6.6738255e-03
 -6.7277734e-03 -6.7756587e-03 -6.8267294e-03 -6.8715319e-03 -6.9194172e-03
 -6.9611369e-03 -7.0061449e-03 -7.0448847e-03 -7.0872210e-03 -7.1235974e-03
 -7.1639813e-03 -7.1987135e-03 -7.2376588e-03 -7.2714662e-03 -7.3101032e-03
 -7.3432940e-03 -7.3814172e-03 -7.4133750e-03 -7.4510872e-03 -7.4846891e-03
 -7.5224012e-03 -7.5539480e-03 -7.5887829e-03 -7.6172469e-03 -7.6499240e-03
 -7.6769493e-03 -7.7072629e-03 -7.7311028e-03 -7.7584364e-03 -7.7800156e-03
 -7.8050886e-03 -7.8237905e-03 -7.8459863e-03 -7.8619138e-03 -7.8820543e-03
 -7.8953101e-03 -7.9128817e-03 -7.9241851e-03 -7.9398043e-03 -7.9499774e-03
 -7.9636442e-03 -7.9723786e-03 -7.9854289e-03 -7.9935468e-03 -8.0050557e-03
 -8.0092688e-03 -8.0169756e-03 -8.0181060e-03 -8.0210859e-03 -8.0176949e-03
 -8.0147149e-03 -8.0039254e-03 -7.9937523e-03 -7.9757697e-03 -7.9593284e-03
 -7.9336389e-03 -7.9093880e-03 -7.8774302e-03 -7.8470139e-03 -7.8078630e-03
 -7.7709729e-03 -7.7253483e-03 -7.6809569e-03 -7.6284475e-03 -7.5771713e-03
 -7.5169551e-03 -7.4578692e-03 -7.3885075e-03 -7.3189404e-03 -7.2388919e-03
 -7.1588434e-03 -7.0694439e-03 -6.9800444e-03 -6.8812939e-03 -6.7832628e-03
 -6.6769082e-03 -6.5719923e-03 -6.4595750e-03 -6.3495211e-03 -6.2331991e-03
 -6.1207818e-03 -6.0028156e-03 -5.8886514e-03 -5.7684245e-03 -5.6518969e-03
 -5.5298204e-03 -5.4123680e-03 -5.2899831e-03 -5.1718114e-03 -5.0468577e-03
 -4.9248839e-03 -4.7963336e-03 -4.6716881e-03 -4.5415964e-03 -4.4159234e-03
 -4.2853179e-03 -4.1600559e-03 -4.0308891e-03 -3.9082987e-03 -3.7829339e-03
 -3.6654815e-03 -3.5457684e-03 -3.4338649e-03 -3.3202146e-03 -3.2145793e-03
 -3.1062723e-03 -3.0047474e-03 -2.9004480e-03 -2.8037527e-03 -2.7050023e-03
 -2.6142669e-03 -2.5212709e-03 -2.4363928e-03 -2.3501788e-03 -2.2735213e-03
 -2.1959390e-03 -2.1249332e-03 -2.0496116e-03 -1.9797361e-03 -1.9052365e-03
 -1.8355666e-03 -1.7593202e-03 -1.6852316e-03 -1.6026142e-03 -1.5218464e-03
 -1.4335772e-03 -1.3488018e-03 -1.2579637e-03 -1.1712360e-03 -1.0796786e-03
 -9.9492375e-04 -9.0767191e-04 -8.2693493e-04 -7.4054626e-04 -6.5686013e-04
 -5.6549797e-04 -4.7697193e-04 -3.7977311e-04 -2.8046775e-04 -1.6735172e-04
 -5.0932015e-05  7.7926549e-05  2.0817748e-04  3.4973694e-04  4.9246784e-04
  6.4520737e-04  7.9515188e-04  9.4943278e-04  1.0976612e-03  1.2517983e-03
  1.4021333e-03  1.5582227e-03  1.7086604e-03  1.8639278e-03  2.0168318e-03
  2.1788812e-03  2.3398002e-03  2.5113034e-03  2.6846562e-03  2.8708537e-03
  3.0594147e-03  3.2603066e-03  3.4628427e-03  3.6763739e-03  3.8900078e-03
  4.1142258e-03  4.3379300e-03  4.5704715e-03  4.8002384e-03  5.0358626e-03
  5.2671709e-03  5.5023840e-03  5.7288627e-03  5.9559579e-03  6.1717498e-03
  6.3858975e-03  6.5880225e-03  6.7876814e-03  6.9741872e-03  7.1578158e-03
  7.3285996e-03  7.4988697e-03  7.6584529e-03  7.8201940e-03  7.9738173e-03
  8.1317563e-03  8.2799334e-03  8.4313987e-03  8.5756710e-03  8.7240536e-03
  8.8691479e-03  9.0179416e-03  9.1574869e-03  9.2974434e-03  9.4265075e-03
  9.5556743e-03  9.6714826e-03  9.7841054e-03  9.8850138e-03  9.9853056e-03
  1.0073266e-02  1.0159994e-02  1.0231719e-02  1.0297382e-02  1.0355954e-02
  1.0424802e-02  1.0507008e-02  1.0612849e-02  1.0698138e-02  1.0721772e-02
  1.0638538e-02  1.0503925e-02  1.0426857e-02  1.0513174e-02  1.0688890e-02
  1.0757738e-02  1.0595380e-02  1.0395002e-02  1.0505981e-02  1.1038267e-02
  1.1577747e-02  1.1617822e-02  1.1142053e-02  1.0691973e-02  1.0727938e-02
  1.1244811e-02  1.1908628e-02  1.2561141e-02  1.3305109e-02  1.4253566e-02
  1.5211271e-02  1.5845288e-02  1.5954211e-02  1.5597641e-02  1.4915327e-02
  1.4075794e-02  1.3245509e-02  1.2549838e-02  1.1955896e-02  1.1513009e-02
  1.1577747e-02  1.2659789e-02  1.4683094e-02  1.6704345e-02  1.7617863e-02
  1.7266431e-02  1.6515270e-02  1.6348802e-02  1.6985902e-02  1.7970323e-02
  1.8671133e-02  1.8741009e-02  1.8201529e-02  1.7460644e-02  1.7079411e-02
  1.7388713e-02  1.8071026e-02  1.8402935e-02  1.7945662e-02  1.6980764e-02
  1.6096017e-02  1.5670599e-02  1.5743557e-02  1.6400181e-02  1.7709318e-02
  1.9273295e-02  2.0123104e-02  1.9610342e-02  1.8204612e-02  1.7108184e-02
  1.7024950e-02  1.7700070e-02  1.8371080e-02  1.8558099e-02  1.8202557e-02
  1.7516133e-02  1.6857454e-02  1.6749558e-02  1.7530519e-02  1.8899256e-02
  1.9867237e-02  1.9564100e-02  1.8049447e-02  1.6374491e-02  1.5610999e-02
  1.6050804e-02  1.7222245e-02  1.8505693e-02  1.9479839e-02  1.9916560e-02
  1.9713100e-02  1.9173620e-02  1.8923918e-02  1.9426405e-02  2.0286489e-02
  2.0327593e-02  1.8674216e-02  1.5787743e-02  1.3075959e-02  1.1874717e-02
  1.2558058e-02  1.4582391e-02  1.7179087e-02  1.9913478e-02  2.2421801e-02
  2.4122446e-02  2.4528341e-02  2.4007357e-02  2.3609684e-02  2.4002220e-02
  2.4354680e-02  2.2772206e-02  1.8338197e-02  1.2670065e-02  8.8615438e-03
  8.9392289e-03  1.2038103e-02  1.5552427e-02  1.7881952e-02  1.9511694e-02
  2.1673723e-02  2.4623906e-02  2.6896913e-02  2.7284311e-02  2.6513626e-02
  2.5063710e-02  2.1989190e-02  1.7277734e-02  1.2774878e-02  1.1179046e-02
  1.4049077e-02  2.0061449e-02  2.5560031e-02  2.7550454e-02  2.5650458e-02
  2.1712771e-02  1.8610506e-02  1.8226191e-02  1.9159234e-02  1.8111102e-02
  1.3834313e-02  8.6556168e-03  6.8559127e-03  1.0602573e-02  1.6400181e-02
  1.9661721e-02  2.0546467e-02  2.1551441e-02  2.3407251e-02  2.5159275e-02
  2.5961815e-02  2.6368737e-02  2.6963706e-02  2.6463274e-02  2.2655062e-02
  1.5559620e-02  8.7709113e-03  6.2634099e-03  8.3737515e-03  1.2893049e-02
  1.6711538e-02  1.7016729e-02  1.4404620e-02  1.2261088e-02  1.3513708e-02
  1.9094496e-02  2.5703892e-02  2.8162892e-02  2.5675120e-02  2.1534999e-02
  1.7908669e-02  1.4997534e-02  1.2731719e-02  1.1001274e-02  9.7700275e-03
  8.3938921e-03  5.7006042e-03  3.4182457e-03  6.1798676e-03  1.4451889e-02
  2.2797896e-02  2.7806322e-02  2.9438119e-02  2.8430063e-02  2.6152945e-02
  2.2662255e-02  1.8091578e-02  1.4807431e-02  1.3532204e-02  1.1299272e-02
  5.8037733e-03 -5.9894570e-04 -2.8511242e-03  2.1332566e-04  3.7602244e-03
  3.9410785e-03  1.5566813e-03  4.7352953e-04  4.1326195e-03  1.1565416e-02
  1.9654528e-02  2.7460027e-02  3.3811501e-02  3.5006577e-02  2.9878951e-02
  2.2369395e-02  1.6142258e-02  1.1183156e-02  5.2374738e-03 -2.2754737e-03
 -8.5382671e-03 -1.0943730e-02 -1.0870772e-02 -1.0873854e-02 -1.0236857e-02
 -5.5464672e-03  4.1524518e-03  1.3397591e-02  1.6035390e-02  1.4181635e-02
  1.3868223e-02  1.6068272e-02  1.8316618e-02  1.8908504e-02  1.7037281e-02
  1.3103703e-02  6.4439558e-03 -4.5486868e-03 -1.6737227e-02 -2.2541000e-02
 -1.8191253e-02 -7.2087838e-03  3.3128160e-03  7.8809240e-03  6.4687205e-03
  3.1425459e-03  1.3380122e-03  2.9465864e-03  6.8709154e-03  8.1607341e-03
  3.4509228e-03 -4.6184595e-03 -1.0505981e-02 -1.1092729e-02 -8.3983107e-03
 -7.1462041e-03 -9.5367668e-03 -1.3942209e-02 -1.8372107e-02 -2.2373505e-02
 -2.5104813e-02 -2.3577829e-02 -1.5382876e-02 -3.8837396e-03  2.9500802e-03
  2.3848083e-03 -1.6161782e-03 -4.6908011e-03 -4.3353611e-03 -2.4928069e-03
 -3.9804349e-03 -1.0053023e-02 -2.0188869e-02 -3.4377697e-02 -4.8540836e-02
 -5.4911834e-02 -4.9278639e-02 -3.5634428e-02 -2.3899462e-02 -1.8268322e-02
 -1.4290559e-02 -8.4144437e-03  3.3365531e-04  8.6367093e-03  8.9041884e-03
  6.0090838e-04 -1.1036212e-02 -2.3526450e-02 -3.4455793e-02 -4.0765136e-02
 -4.1516297e-02 -3.7512845e-02 -3.1442928e-02 -2.5497349e-02 -2.0532081e-02
 -1.6241933e-02 -1.1052653e-02 -6.1468823e-03 -4.6908011e-03 -7.7749805e-03
 -1.7124625e-02 -2.9867648e-02 -3.4994246e-02 -2.7955321e-02 -1.5218464e-02
 -6.3000945e-03 -8.1172675e-03 -1.6750586e-02 -2.3051708e-02 -2.4073123e-02
 -2.0994492e-02 -1.5175305e-02 -7.3330182e-03  5.5521189e-04  1.7989848e-03
 -7.4673229e-03 -2.0677997e-02 -2.8324222e-02 -2.7176415e-02 -2.1584323e-02
 -1.6879033e-02 -1.2096675e-02 -6.9474701e-03 -6.4370710e-03 -1.3270171e-02
 -2.3109252e-02 -2.8030334e-02 -2.5237371e-02 -2.0979078e-02 -2.2053927e-02
 -2.7858728e-02 -3.3710798e-02 -3.6744215e-02 -3.5915985e-02 -3.0371162e-02
 -2.1746681e-02 -1.7272596e-02 -2.1504172e-02 -2.9742283e-02 -3.4007769e-02
 -3.0801718e-02 -2.6809569e-02 -3.2406798e-02 -4.6139381e-02 -5.7459205e-02
 -6.1321879e-02 -5.9714744e-02 -5.6822105e-02 -5.6406963e-02 -5.6766616e-02
 -5.4019894e-02 -4.6655226e-02 -3.4336594e-02 -2.1993300e-02 -1.8907477e-02
 -2.8306753e-02 -4.3633113e-02 -5.2667598e-02 -5.1292696e-02 -4.9453327e-02
 -5.2973817e-02 -5.6686465e-02 -5.4833738e-02 -4.6486703e-02 -4.0481524e-02
 -4.6518558e-02 -6.1233507e-02 -7.2922233e-02 -7.3225369e-02 -6.4058325e-02
 -5.5299231e-02 -5.5312590e-02 -6.6470056e-02 -8.3093222e-02 -9.2498664e-02
 -8.5755683e-02 -6.5940852e-02 -4.6780591e-02 -4.7096058e-02 -7.2469070e-02
 -1.0395002e-01 -1.1921986e-01 -1.1344486e-01 -9.7548194e-02 -8.9781742e-02
 -9.7473180e-02 -1.1221176e-01 -1.2419335e-01 -1.2761519e-01 -1.2519010e-01
 -1.2497431e-01 -1.3123227e-01 -1.4586502e-01 -1.6279954e-01 -1.7045501e-01
 -1.6454643e-01 -1.5049940e-01 -1.4096346e-01 -1.4106622e-01 -1.4119980e-01
 -1.4153890e-01 -1.5441448e-01 -1.7760697e-01 -1.9756258e-01 -2.0687246e-01
 -2.0469399e-01 -1.9453122e-01 -1.7657939e-01 -1.4946155e-01 -1.1911710e-01
 -9.6053064e-02 -9.0408566e-02 -9.4592873e-02 -8.7736857e-02 -7.3425747e-02
 -6.9843602e-02 -7.6353323e-02 -8.0865428e-02 -7.4712278e-02 -5.7618480e-02
 -4.3116240e-02 -4.2239714e-02 -4.8820338e-02 -5.5058778e-02 -6.2197378e-02
 -7.3698056e-02 -9.3507748e-02 -1.2706030e-01 -1.7224300e-01 -2.1340787e-01
 -2.3175017e-01 -2.1946031e-01 -1.9122241e-01 -1.7130790e-01 -1.5877143e-01
 -1.2778988e-01 -6.6457725e-02  5.1581446e-03  5.8269966e-02  8.6261252e-02
  1.0545029e-01  1.2840643e-01  1.5253401e-01  1.7488388e-01  1.9415101e-01
  2.0364585e-01  1.9956636e-01  1.8492334e-01  1.6634469e-01  1.4852645e-01
  1.2362818e-01  8.1085330e-02  2.9544987e-02 -1.7148259e-02 -6.4539233e-02
 -1.1746270e-01 -1.6814296e-01 -2.0842410e-01 -2.2769123e-01 -2.2387891e-01
 -2.1065395e-01 -2.0316289e-01 -2.0610177e-01 -2.0071725e-01 -1.6723869e-01
 -1.1501706e-01 -5.5970241e-02  7.4369066e-03  6.3198241e-02  1.0677586e-01
  1.5127009e-01  2.0320400e-01  2.5125365e-01  2.8005672e-01  2.8324222e-01
  2.6828065e-01  2.4591023e-01  2.0863989e-01  1.4473468e-01  6.0311768e-02
 -2.9778248e-02 -1.1164659e-01 -1.7406182e-01 -2.0499198e-01 -2.0986272e-01
 -2.1592544e-01 -2.3833696e-01 -2.7153808e-01 -3.0531465e-01 -3.2586625e-01
 -3.2329730e-01 -3.0694850e-01 -2.8860619e-01 -2.6659542e-01 -2.3993999e-01
 -2.1054092e-01 -1.7135928e-01 -1.0278885e-01  1.2181964e-02  1.2647458e-01
  1.7779194e-01  1.9505528e-01  2.0486868e-01  1.9178758e-01  1.6408401e-01
  1.4443668e-01  1.4871141e-01  1.6720786e-01  1.8033006e-01  1.8360804e-01
  1.7690822e-01  1.5618192e-01  1.0839944e-01  3.8735665e-02 -2.1789839e-02
 -6.9198282e-02 -1.2031937e-01 -1.7023922e-01 -2.0361503e-01 -2.0221752e-01
 -1.4764273e-01 -5.9073534e-02  2.3120556e-02  7.4960952e-02  9.3116240e-02
  9.3267294e-02  7.7353159e-02  5.2861811e-02  2.3643594e-02 -3.5020963e-02
 -1.0599490e-01 -1.4571088e-01 -1.4595750e-01 -1.2991697e-01 -1.2478935e-01
 -1.2628961e-01 -1.1424637e-01 -8.7817009e-02 -6.4668708e-02 -5.8716963e-02
 -6.2227177e-02 -5.9342760e-02 -3.6228369e-02  1.2861194e-02  9.4611369e-02
  2.2557442e-01  3.8070821e-01  5.0999836e-01  5.9581158e-01  6.4573143e-01
  6.7932303e-01  7.0616343e-01  7.1688109e-01  6.8955773e-01  6.2061737e-01
  5.4851206e-01  4.8796704e-01  4.2236631e-01  3.5388836e-01  3.0714374e-01
  3.0974352e-01  3.4614041e-01  3.8522956e-01  4.0562703e-01  3.8528094e-01
  3.5294299e-01  3.6311603e-01  3.9870114e-01  4.0056106e-01  3.8313330e-01
  3.9147725e-01  4.5055284e-01  5.7503391e-01  7.2224506e-01  8.2286572e-01
  8.4869908e-01  8.2271158e-01  8.1038062e-01  8.3363476e-01  8.3263800e-01
  7.7485717e-01  6.7928193e-01  5.7305068e-01  4.9517037e-01  4.6924452e-01
  4.7527642e-01  4.8259279e-01  4.7328291e-01  4.3913642e-01  3.9045994e-01
  3.1537466e-01  1.9135599e-01  4.4163344e-02 -5.8165153e-02 -7.2995191e-02
 -4.3378273e-02 -3.1382301e-02 -4.5972913e-02 -5.8993382e-02 -9.7003576e-03
  1.3794237e-01  2.8913026e-01  3.2671914e-01  2.7141477e-01  1.9078055e-01
  1.0289161e-01  1.8089523e-03 -9.9945538e-02 -1.4124091e-01 -9.4714127e-02
 -1.1992889e-03  9.6762095e-02  1.6973571e-01  2.0018291e-01  1.9500390e-01
  1.7061943e-01  1.2431666e-01  4.7927371e-02 -5.7126269e-02 -1.5915163e-01
 -1.9586707e-01 -1.3240372e-01  2.6781824e-02  2.4411197e-01  4.5148794e-01
  6.0814255e-01  7.1842246e-01  8.0835628e-01  8.8074931e-01  8.9138477e-01
  7.9672407e-01  5.8915286e-01  3.3809446e-01  1.6289202e-01  9.2613753e-02
  6.9086276e-02  2.9362078e-02 -5.6253853e-02 -1.6890337e-01 -2.8851371e-01
 -3.8931933e-01 -4.5839328e-01 -5.2759053e-01 -5.8062395e-01 -5.6010317e-01
 -4.6826832e-01 -3.7273419e-01 -3.1729623e-01 -2.6138559e-01 -1.9160261e-01
 -1.4385096e-01 -1.4902996e-01 -2.4187184e-01 -4.0278063e-01 -5.6370998e-01
 -6.4673846e-01 -6.1300300e-01 -5.4861482e-01 -5.3854454e-01 -5.6689547e-01
 -6.3747996e-01 -7.1797032e-01 -7.4017633e-01 -7.1716881e-01 -6.9023593e-01
 -7.0645115e-01 -7.8162892e-01 -8.6530478e-01 -9.3672161e-01 -1.0000000e+00
 -9.9762629e-01 -9.3830408e-01 -9.0479469e-01 -9.0951128e-01 -9.1245016e-01
 -8.6015660e-01 -7.4022771e-01 -6.1552057e-01 -5.5624974e-01 -5.5607505e-01
 -5.5307452e-01 -5.2209298e-01 -4.9726664e-01 -4.7147437e-01 -4.0481524e-01
 -3.4213285e-01 -3.2160179e-01 -3.0713346e-01 -2.9062025e-01 -2.9412430e-01
 -2.9581980e-01 -2.7551482e-01 -2.6884582e-01 -3.1109992e-01 -4.1105265e-01
 -5.5167701e-01 -6.5076657e-01 -6.4256648e-01 -5.7127297e-01 -4.7277940e-01
 -3.5796786e-01 -2.6776686e-01 -2.0005960e-01 -1.4147725e-01 -1.2838588e-01
 -1.5037609e-01 -1.4608081e-01 -1.1879855e-01 -1.0606683e-01 -1.1577747e-01
 -1.2620741e-01 -1.1002302e-01 -6.1095812e-02  2.3157549e-02  1.3440750e-01
  1.9427432e-01  1.5924411e-01  1.1371203e-01  9.3456369e-02  5.1582474e-02
  6.1618850e-03  4.4979243e-03  2.8781495e-02  7.1360311e-02  1.3901106e-01
  1.8757450e-01  2.1401414e-01  2.7539151e-01  3.8422253e-01  4.9260142e-01
  5.5743146e-01  5.7989436e-01  5.7220806e-01  5.3002590e-01  4.5225862e-01
  3.5667311e-01  2.5621686e-01  1.6215216e-01  1.0621070e-01  8.5239837e-02
  5.9270829e-02  7.8269760e-03 -6.3805541e-02 -1.2979366e-01 -1.8339225e-01
 -2.2219368e-01 -2.2501952e-01 -1.7604505e-01 -8.8440750e-02  2.7116815e-02
  1.5414731e-01  2.3258251e-01  2.6828065e-01  3.2804472e-01  4.3143985e-01
  5.5877759e-01  6.5879198e-01  6.9552797e-01  6.8415266e-01  6.4639936e-01
  5.9754819e-01  5.4891282e-01  4.8954951e-01  4.1475194e-01  3.4422911e-01
  2.9363106e-01  2.5687451e-01  2.1690164e-01  1.6041555e-01  9.7118665e-02
  5.0760409e-02  3.9781742e-02  5.9741461e-02  9.6442517e-02  1.2982449e-01
  1.1530478e-01  5.4299396e-02  1.1638374e-01  2.6382095e-01  2.9336389e-01
  2.4956842e-01  2.4725636e-01  2.6178635e-01  2.6682149e-01  2.9879979e-01
  3.2761314e-01  3.9916355e-01  4.9934235e-01  5.2832011e-01  5.1950347e-01
  5.1439640e-01  4.4875457e-01  3.4176292e-01  2.6918492e-01  1.8825270e-01
  2.4291997e-02 -1.8894118e-01 -3.6642484e-01 -4.7328291e-01 -5.1028608e-01
 -4.6977886e-01 -3.9794073e-01 -3.5873854e-01 -3.8791155e-01 -4.8969337e-01
 -6.0994081e-01 -6.7509968e-01 -6.8526244e-01 -6.9830244e-01 -7.1025320e-01
 -7.0240248e-01 -6.5746640e-01 -5.4474084e-01 -3.7207653e-01 -1.7485306e-01
 -2.7973817e-03  7.7749805e-02  4.3137819e-02 -5.2544289e-02 -1.5790826e-01
 -2.2591352e-01 -2.2085782e-01 -1.3746969e-01 -1.8758478e-02  6.6450532e-02
  1.2950594e-01  1.8887953e-01  2.2771178e-01  2.6087180e-01  3.0277652e-01
  3.8485963e-01  5.0743968e-01  6.2052489e-01  6.9459287e-01  7.1768260e-01
  7.1887459e-01  6.8277570e-01  5.3919191e-01  3.1311398e-01  7.4574582e-02
 -1.3212627e-01 -2.5417198e-01 -2.9149369e-01 -3.1777919e-01 -3.3353200e-01
 -2.9234658e-01 -2.0923589e-01 -1.0281968e-01  9.5194007e-04  6.0739241e-02
  7.5588803e-02  7.3690863e-02  9.6335649e-02  1.5790826e-01  2.2704386e-01
  3.0576678e-01  3.7510790e-01  3.8912409e-01  3.4124913e-01  2.1557606e-01
  6.0166879e-02 -3.4607875e-02 -8.4628427e-02 -1.4597805e-01 -2.5213737e-01
 -4.0786715e-01 -5.6180895e-01 -6.7146204e-01 -7.1925480e-01 -7.0234083e-01
 -6.5628468e-01 -6.2577582e-01 -6.0934481e-01 -5.9419828e-01 -5.7240330e-01
 -5.1395454e-01 -4.2077356e-01 -3.1807719e-01 -1.9388384e-01 -5.9455793e-02
  2.1505200e-02  3.9882445e-02  1.1224259e-02 -5.8992355e-02 -1.0939619e-01
 -1.0895433e-01 -5.4495664e-02  5.4466891e-02  1.6241933e-01  2.3100004e-01
  2.6703728e-01  2.9388795e-01  3.2497226e-01  3.4365366e-01  3.3775535e-01
  3.0646553e-01  2.6302972e-01  2.2690000e-01  1.9041062e-01  1.8360804e-01
  2.5071931e-01  3.4142382e-01  3.8818899e-01  3.9776604e-01  3.8790127e-01
  3.5247030e-01  3.0951745e-01  2.6969871e-01  2.1614123e-01  1.6350857e-01
  9.1407374e-02 -4.9257059e-02 -2.1295573e-01 -3.4476345e-01 -4.4259937e-01
 -4.7953060e-01 -4.5269021e-01 -4.2051667e-01 -3.9705701e-01 -3.7111061e-01
 -3.5106252e-01 -3.2142710e-01 -2.7379876e-01 -2.2191623e-01 -1.7255128e-01
 -1.3834313e-01 -1.2566279e-01 -1.3972009e-01 -1.8563237e-01 -2.4980476e-01
 -3.2079000e-01 -3.6175963e-01 -3.6317769e-01 -3.7287805e-01 -3.9705701e-01
 -4.2936413e-01 -4.6978914e-01 -4.6474372e-01 -3.9795100e-01 -3.1558017e-01
 -2.1232891e-01 -1.1560278e-01 -6.6128900e-02 -9.1260430e-03  5.7046118e-02
  1.0181984e-01  1.5799046e-01  1.9209585e-01  1.5900777e-01  8.6270500e-02
  5.1662625e-03 -3.3045953e-02 -1.9584652e-02  1.3456163e-02  7.9970406e-02
  1.4543343e-01  1.3355461e-01  7.7928604e-02  5.6304205e-02  6.4856755e-02
  9.5309096e-02  1.3995643e-01  1.6909861e-01  2.0609150e-01  2.6119035e-01
  3.2242386e-01  4.2744256e-01  5.6436763e-01  6.7334251e-01  7.2872909e-01
  7.1307904e-01  6.3455136e-01  5.3293395e-01  4.3132681e-01  3.5915985e-01
  3.2136545e-01  2.8879115e-01  2.6308110e-01  2.3086646e-01  1.7663077e-01
  1.5426035e-01  1.8750257e-01  2.0897900e-01  1.8025813e-01  1.2240536e-01
  3.3484730e-02 -1.1330100e-01 -2.6319413e-01 -3.4603765e-01 -3.9514571e-01
 -4.2271569e-01 -4.1540959e-01 -3.8900078e-01 -3.6374286e-01 -3.5791648e-01
 -3.2470508e-01 -2.1960418e-01 -1.0232130e-01 -3.2835299e-02  4.4687410e-03
  2.4210818e-02  6.0867689e-02  1.4741666e-01  2.5736775e-01  3.5798841e-01
  3.8549673e-01  3.0833573e-01  1.8892063e-01  7.3082535e-02  1.6784496e-02
  5.5134819e-02  1.0281968e-01  7.3569608e-02 -3.2940113e-02 -1.8201529e-01
 -3.3776563e-01 -4.4334950e-01 -4.7984915e-01 -4.6148629e-01 -3.9741666e-01
 -3.3968720e-01 -2.8689013e-01 -2.0487895e-01 -1.2080233e-01 -2.7189774e-02
  8.7643347e-02  1.8696823e-01  2.4727691e-01  2.5781989e-01  2.2624234e-01
  1.8529327e-01  1.5915163e-01  1.4534095e-01  1.4962596e-01  1.7327058e-01
  1.8279625e-01  1.7693904e-01  1.5081795e-01  8.9256648e-02  2.4362900e-02
 -1.0455629e-02 -2.3975502e-02 -5.5305397e-02 -1.0739241e-01 -1.3939126e-01
 -1.2070985e-01 -6.0669366e-02  1.4531012e-02  7.6116980e-02  1.1879855e-01
  1.5749723e-01  1.8455341e-01  1.8798553e-01  1.5633606e-01  1.0461795e-01
  6.9776810e-02  7.3250031e-02  1.0748489e-01  1.4058325e-01  1.5585310e-01
  1.6238851e-01  1.7635332e-01  2.0814666e-01  2.4814008e-01  2.5678203e-01
  2.3608656e-01  2.1683999e-01  1.6464918e-01  6.8177895e-02 -3.8122200e-02
 -1.3640100e-01 -2.0198117e-01 -2.1197953e-01 -1.7164701e-01 -1.2104895e-01
 -9.3787250e-02 -1.0021682e-01 -1.3603107e-01 -1.6587200e-01 -1.6913971e-01
 -1.5669571e-01 -1.3999753e-01 -1.4399482e-01 -1.9456205e-01 -2.7848452e-01
 -3.4087920e-01 -3.1884788e-01 -1.9524025e-01 -2.3986806e-02  1.2277529e-01
  2.1393193e-01  2.4483127e-01  2.1620289e-01  1.5171195e-01  8.4074561e-02
  2.5117144e-02 -1.6465946e-02 -2.8424925e-02 -1.6355995e-02  2.4915738e-02
  1.0702248e-01  2.0251552e-01  2.6781824e-01  2.8967487e-01  2.7936824e-01
  2.4798594e-01  2.0870155e-01  1.8291956e-01  1.8045337e-01  1.7148259e-01
  1.3118090e-01  8.3386082e-02  6.0762876e-02  7.2788647e-02  1.0575856e-01
  1.3432529e-01  1.2660816e-01  7.9946771e-02  2.7654240e-02 -2.1315097e-02
 -5.2985121e-02 -4.2505857e-02 -8.9488882e-03  2.5689506e-02  4.8014715e-02
  4.3010399e-02  2.8493773e-02  2.7890583e-02  4.4997739e-02  7.0826997e-02
  9.3058695e-02  1.0632373e-01  9.4852851e-02  4.1074438e-02 -3.2970940e-02
 -8.7643347e-02 -1.2629989e-01 -1.5791853e-01 -1.6782441e-01 -1.6799910e-01
 -1.7793580e-01 -1.9516832e-01 -2.1114719e-01 -2.1443545e-01 -1.9522997e-01
 -1.5101319e-01 -8.4791812e-02 -1.7962103e-02  2.8495828e-02  4.8700111e-02
  4.2745283e-02  3.1848822e-02  3.7350487e-02  6.3890830e-02  1.1042377e-01
  1.5177360e-01  1.5284229e-01  1.2061737e-01  7.3450409e-02  1.8598175e-02
 -2.1170208e-02 -5.5093715e-02 -9.6464096e-02 -1.2440914e-01 -1.3277364e-01
 -1.1067039e-01 -6.4991368e-02 -3.7639237e-02 -3.4448600e-02 -4.5030622e-02
 -7.1741543e-02 -9.6723047e-02 -1.1519175e-01 -1.4250483e-01 -1.7048584e-01
 -1.7792552e-01 -1.4770439e-01 -8.4876074e-02 -1.3586666e-02  4.5854741e-02
  8.0718484e-02  1.0146430e-01  1.2550865e-01  1.4068601e-01  1.4324469e-01
  1.5330470e-01  1.6094990e-01  1.4702618e-01  1.1744215e-01  7.8488635e-02
  3.7375149e-02  5.7983271e-03 -1.1188294e-02 -1.8739981e-02 -2.5469604e-02
 -3.2109828e-02 -3.9947182e-02 -6.0262444e-02 -9.0743557e-02 -1.1678450e-01
 -1.2969090e-01 -1.1509926e-01 -8.2098524e-02 -5.5366024e-02 -3.3815611e-02
 -2.3628180e-02 -3.3000740e-02 -4.6776481e-02 -6.3203379e-02 -8.7476879e-02
 -1.0503925e-01 -1.0964281e-01 -1.0179518e-01 -8.4419828e-02 -7.3973447e-02
 -7.0610177e-02 -6.7650746e-02 -6.9928891e-02 -6.6936578e-02 -5.0962843e-02
 -3.0793497e-02 -8.9692342e-03  6.8556044e-03  6.5596613e-03 -3.0883925e-03
 -1.1132804e-02 -1.4020305e-02 -1.3453081e-02 -1.1415389e-02 -1.2655678e-02
 -2.5268198e-02 -4.7793785e-02 -7.2554359e-02 -9.3638251e-02 -1.0372395e-01
 -1.0354926e-01 -9.5152904e-02 -7.4440996e-02 -4.4000986e-02 -7.4400921e-03
  3.0350610e-02  5.6646389e-02  6.3873361e-02  5.8653253e-02  5.0926877e-02
  4.7105306e-02  5.0294916e-02  5.3115623e-02  4.8019853e-02  3.4659254e-02
  1.4965679e-02 -7.2116610e-03 -2.8698261e-02 -4.5037815e-02 -5.5111184e-02
 -6.1027991e-02 -6.0831723e-02 -5.4454560e-02 -4.6723047e-02 -4.2581898e-02
 -4.3061778e-02 -4.5668749e-02 -5.0354515e-02 -5.9881212e-02 -7.0078918e-02
 -7.2971557e-02 -6.9890871e-02 -6.1998027e-02 -4.3639278e-02 -1.9962802e-02
 -2.4726664e-03  7.1948087e-03  1.0115808e-02  8.9539233e-03  8.1655637e-03
  5.3572897e-03  1.9269185e-03  9.1040528e-04 -1.0979695e-03 -3.0982572e-03
 -4.3345390e-03 -6.1442106e-03 -5.5527354e-03 -3.9744749e-03 -5.3332443e-03
 -7.5763492e-03 -9.9182046e-03 -1.0643676e-02 -3.3467261e-03  1.1826421e-02
  2.9072301e-02  4.3578651e-02  4.9650623e-02  4.6693247e-02  4.1599531e-02
  3.7005220e-02  3.1419294e-02  2.5404867e-02  2.1496979e-02  2.2592379e-02
  2.7598750e-02  3.1415184e-02  3.1085330e-02  2.9829627e-02  3.1556990e-02
  3.7236426e-02  4.4468535e-02  4.8059928e-02  4.7561552e-02  4.6011961e-02
  4.5652308e-02  4.7827695e-02  5.0121254e-02  4.8101032e-02  4.0193802e-02
  2.7587447e-02  1.4084015e-02  5.6159316e-03  2.6738666e-03 -2.6557812e-04
 -6.0809117e-03 -1.3368819e-02 -1.9731596e-02 -2.3725800e-02 -2.5254840e-02
 -2.3834724e-02 -1.9521970e-02 -1.4635826e-02 -1.2193267e-02 -1.3878499e-02
 -1.8349501e-02 -2.3487402e-02 -2.9325085e-02 -3.5174072e-02 -3.8554811e-02
 -3.7581693e-02 -3.3302848e-02 -2.9250072e-02 -2.7277118e-02 -2.7032554e-02
 -2.6910272e-02 -2.5970036e-02 -2.4218011e-02 -2.1128078e-02 -1.7358913e-02
 -1.2993752e-02 -7.0808500e-03 -4.4650417e-04  5.3689013e-03  1.0688890e-02
  1.6046693e-02  2.0088166e-02  2.1695302e-02  2.0592708e-02  1.7595257e-02
  1.3480825e-02  8.4737350e-03  4.0988121e-03  1.2119282e-03 -7.8639689e-04
 -2.6884582e-03 -5.2918328e-03 -9.2249990e-03 -1.3761355e-02 -1.7001315e-02
 -1.8174812e-02 -1.6502939e-02 -1.0928316e-02 -2.5612438e-03  6.0944757e-03
  1.3266061e-02  1.8524189e-02  2.2458794e-02  2.6699618e-02  3.1041144e-02
  3.3481647e-02  3.3846438e-02  3.1765588e-02  2.7718977e-02  2.4229315e-02
  2.2568745e-02  2.2772206e-02  2.4206708e-02  2.4855111e-02  2.3321961e-02
  2.0104608e-02  1.5322249e-02  9.1303588e-03  3.3351145e-03 -1.0259567e-03
 -4.6306877e-03 -7.9287065e-03 -1.0870772e-02 -1.3281475e-02 -1.4581364e-02
 -1.4417979e-02 -1.3408895e-02 -1.2099757e-02 -9.9852028e-03 -6.7498664e-03
 -3.1003124e-03  7.8764026e-04  4.9374204e-03  9.0973735e-03  1.3789099e-02
  1.9401743e-02  2.4215956e-02  2.5933043e-02  2.5544618e-02  2.4651650e-02
  2.3207900e-02  2.1424021e-02  1.8993793e-02  1.5710675e-02  1.2309384e-02
  9.3818077e-03  7.6452998e-03  6.8988656e-03  5.4947799e-03  3.0076246e-03
  6.9828189e-04 -1.1220149e-03 -2.6076904e-03 -3.1386411e-03 -2.2499897e-03
  6.7721649e-05  3.0860290e-03  6.4243290e-03  1.0716634e-02  1.5623330e-02
  1.9875457e-02  2.2452629e-02  2.3162687e-02  2.2893460e-02  2.2814337e-02
  2.3450409e-02  2.4564306e-02  2.5864195e-02  2.7217518e-02  2.8032389e-02
  2.7164084e-02  2.4248839e-02  2.0695466e-02  1.7474002e-02  1.4520737e-02
  1.1825394e-02  9.3830408e-03  7.3072259e-03  5.2723088e-03  3.4405442e-03
  2.3087673e-03  1.2286777e-03 -6.2234371e-04 -3.0772946e-03 -5.3810268e-03
 -6.7009536e-03 -6.7402072e-03 -5.8014098e-03 -4.0397263e-03 -2.2039541e-03
 -1.4654322e-03 -1.5723005e-03 -1.5395207e-03 -1.6259402e-03 -1.9496280e-03
 -1.6144313e-03 -4.8981668e-04  1.0626207e-03  2.6778741e-03  3.7533396e-03
  3.9760163e-03  3.5652924e-03  3.1382301e-03  2.5910436e-03  1.5415759e-03
 -2.2416663e-04 -2.7727198e-03 -5.2641909e-03 -7.3331210e-03 -8.7793374e-03
 -9.1879033e-03 -9.0749723e-03 -9.1587200e-03 -9.7011797e-03 -1.0815282e-02
 -1.2564224e-02 -1.4427227e-02 -1.5985038e-02 -1.7191418e-02 -1.7629167e-02
 -1.7309589e-02 -1.6729007e-02 -1.5779522e-02 -1.4302890e-02 -1.2910518e-02
 -1.1497595e-02 -9.2564429e-03 -6.6333388e-03 -4.1065190e-03 -1.6384767e-03
  5.8949196e-04  2.5178799e-03  4.0170167e-03  4.9061819e-03  5.0517900e-03
  4.2135928e-03  2.3486374e-03  8.6459575e-05 -2.0969830e-03 -4.1891364e-03
 -6.0545029e-03 -7.8819516e-03 -9.6070533e-03 -1.0769041e-02 -1.1329072e-02
 -1.1604464e-02 -1.1863414e-02 -1.2206626e-02 -1.2737885e-02 -1.3258868e-02
 -1.3504460e-02 -1.3243454e-02 -1.2255950e-02 -1.0591270e-02 -7.9890254e-03
 -4.5904065e-03 -1.2491266e-03  1.6209051e-03  3.9634798e-03  5.9309877e-03
  7.6244400e-03  8.7548810e-03  9.0203050e-03  8.4764068e-03  7.5905298e-03
  6.9701796e-03  6.8347445e-03  6.7015701e-03  6.0638538e-03  4.6962473e-03
  2.5627852e-03  3.3896790e-05 -2.5567224e-03 -4.9172798e-03 -6.6716676e-03
 -7.9828600e-03 -9.1653993e-03 -9.9083398e-03 -9.8617905e-03 -9.3034033e-03
 -8.4801060e-03 -7.5312384e-03 -6.8244687e-03 -6.3765465e-03 -5.9589379e-03
 -5.4710428e-03 -4.7260471e-03 -3.7190185e-03 -2.3802869e-03 -5.9305767e-04
  1.2275474e-03  2.8220437e-03  4.3266267e-03  5.6538493e-03  6.4580336e-03
  6.4800238e-03  5.9897653e-03  5.6703934e-03  5.8035678e-03  6.2216902e-03
  6.7396934e-03  7.1904928e-03  7.6213572e-03  8.2875375e-03  9.1909861e-03
  9.9699947e-03  1.0326154e-02  1.0353899e-02  1.0376505e-02  1.0527560e-02
  1.0496732e-02  1.0025484e-02  9.2595257e-03  8.5420691e-03  8.1646389e-03
  8.0487279e-03  8.0825352e-03  8.2358502e-03  8.3875211e-03  8.4130051e-03
  8.2989436e-03  7.9372354e-03  7.1426076e-03  6.2076123e-03  5.4000370e-03
  4.7145382e-03  4.1121707e-03  3.4172181e-03  2.7762136e-03  2.4887994e-03
  2.4748243e-03  2.5094537e-03  2.6701673e-03  3.0092688e-03  3.2769534e-03
  3.1095606e-03  2.4444079e-03  1.4641991e-03  9.2638415e-05 -1.7031115e-03
 -3.7269308e-03 -5.8030540e-03 -7.6088207e-03 -9.0036582e-03 -1.0066998e-02
 -1.0858441e-02 -1.1524313e-02 -1.1838752e-02 -1.1410251e-02 -1.0496732e-02
 -9.4972050e-03 -8.5993054e-03 -7.9444285e-03 -7.4227260e-03 -6.8466645e-03
 -6.1728801e-03 -5.3566731e-03 -4.4109910e-03 -3.4048872e-03 -2.4600271e-03
 -1.6009700e-03 -8.4877101e-04 -2.5236343e-04  1.6510132e-04  5.3269760e-04
  1.0453574e-03  1.5845288e-03  2.0844465e-03  2.6278310e-03  3.0074191e-03
  3.1030869e-03  2.9813186e-03  2.6561922e-03  2.1112664e-03  1.4427227e-03
  7.0830079e-04 -1.8524189e-05 -5.3841095e-04 -6.3708948e-04 -4.3065888e-04
 -2.5350405e-04 -2.5408977e-04 -5.2002754e-04 -1.0873854e-03 -1.8191253e-03
 -2.7155863e-03 -3.7111061e-03 -4.5533109e-03 -5.1094373e-03 -5.3627358e-03
 -5.3573924e-03 -5.1902051e-03 -4.8981668e-03 -4.6417855e-03 -4.6317152e-03
 -5.0127420e-03 -5.8054174e-03 -6.9385301e-03 -8.1543631e-03 -9.1733117e-03
 -1.0072753e-02 -1.0998191e-02 -1.1911710e-02 -1.2762547e-02 -1.3428419e-02
 -1.3701755e-02 -1.3489046e-02 -1.2962925e-02 -1.2405976e-02 -1.2001110e-02
 -1.1767849e-02 -1.1600353e-02 -1.1372231e-02 -1.1133832e-02 -1.0937564e-02
 -1.0705331e-02 -1.0336430e-02 -9.8065066e-03 -9.0659295e-03 -8.0200584e-03
 -6.6570759e-03 -5.2196967e-03 -3.8652431e-03 -2.4626988e-03 -1.0973530e-03
 -3.1096634e-05  8.1583707e-04  1.6523490e-03  2.5060627e-03  3.2869210e-03
  3.9243290e-03  4.5314234e-03  5.1815734e-03  5.7394468e-03  6.2969090e-03
  6.8346418e-03  7.1971721e-03  7.4538616e-03  7.6836286e-03  7.7941962e-03
  7.7944017e-03  7.7606971e-03  7.6853755e-03  7.6281393e-03  7.6770521e-03
  7.7803239e-03  7.8374574e-03  7.8134120e-03  7.7515516e-03  7.6297834e-03
  7.4314604e-03  7.2614986e-03  7.1787784e-03  7.1114719e-03  6.9594928e-03
  6.6623166e-03  6.2165523e-03  5.6295984e-03  5.0275392e-03  4.4268157e-03
  3.7376177e-03  2.9603560e-03  2.0876320e-03  1.1686670e-03  3.0292038e-04
 -5.8100415e-04 -1.5564758e-03 -2.6580418e-03 -3.9592667e-03 -5.3693123e-03
 -6.6402236e-03 -7.7161001e-03 -8.6145135e-03 -9.3487196e-03 -9.9073123e-03
 -1.0328209e-02 -1.0678614e-02 -1.0907764e-02 -1.0942702e-02 -1.0759793e-02
 -1.0447408e-02 -1.0177258e-02 -9.9164577e-03 -9.5327593e-03 -8.9722142e-03
 -8.2059476e-03 -7.2292326e-03 -6.0609766e-03 -4.7502980e-03 -3.4521559e-03
 -2.2160796e-03 -1.1146163e-03 -1.4750915e-04  7.3001356e-04  1.4538205e-03
  2.1897735e-03  2.9380575e-03  3.5247030e-03  3.9036746e-03  4.0259567e-03
  3.8963788e-03  3.5826586e-03  3.2299930e-03  2.8743475e-03  2.4496486e-03
  1.8769781e-03  1.1644539e-03  3.9702618e-04 -2.9442229e-04 -7.7594640e-04
 -9.7692055e-04 -9.2700070e-04 -7.4317687e-04 -5.6210695e-04 -4.4816885e-04
 -3.8102676e-04 -2.3069177e-04  8.2398578e-05  5.2803239e-04  1.0435077e-03
  1.5604834e-03  2.0284434e-03  2.4571499e-03  2.7464137e-03  2.9090797e-03
  3.1012372e-03  3.3826914e-03  3.7226150e-03  4.0720950e-03  4.4197254e-03
  4.8364092e-03  5.3465001e-03  5.9056065e-03  6.4843397e-03  7.0404661e-03
  7.6151917e-03  8.2800362e-03  8.8583583e-03  9.1841013e-03  9.2416458e-03
  8.9440585e-03  8.3465206e-03  7.7630605e-03  7.3333265e-03  7.0465288e-03
  6.8547824e-03  6.7229438e-03  6.6276871e-03  6.4688232e-03  6.1598298e-03
  5.7388302e-03  5.2779605e-03  4.7952033e-03  4.2066053e-03  3.4600682e-03
  2.5627852e-03  1.6093962e-03  6.8431707e-04 -2.4944511e-04 -1.1767849e-03
 -2.0091249e-03 -2.6353323e-03 -3.0019730e-03 -3.2621563e-03 -3.5495705e-03
 -3.8815817e-03 -4.2115377e-03 -4.4606231e-03 -4.5487895e-03 -4.4818940e-03
 -4.3306342e-03 -4.1675572e-03 -4.0766164e-03 -4.1191582e-03 -4.2590119e-03
 -4.5231000e-03 -4.9235480e-03 -5.3517407e-03 -5.8176456e-03 -6.3453081e-03
 -6.8116240e-03 -7.1215422e-03 -7.2859550e-03 -7.3378478e-03 -7.1707633e-03
 -6.7438037e-03 -6.1834642e-03 -5.5430762e-03 -4.8247976e-03 -4.1129927e-03
 -3.4730157e-03 -2.8609889e-03 -2.1772370e-03 -1.4654322e-03 -8.4162933e-04
 -2.4152246e-04  4.1337498e-04  1.0051173e-03  1.4810514e-03  1.8720457e-03
  2.2195733e-03  2.6071766e-03  3.0873649e-03  3.6469851e-03  4.2444202e-03
  4.8034239e-03  5.2021250e-03  5.3331415e-03  5.2542234e-03  5.1014222e-03
  4.9276584e-03  4.6886432e-03  4.4357557e-03  4.2070163e-03  3.9491964e-03
  3.6937400e-03  3.4105389e-03  3.0114267e-03  2.5536397e-03  2.1051009e-03
  1.7291093e-03  1.4221711e-03  1.1660981e-03  9.7571828e-04  8.0301287e-04
  5.9670558e-04  3.5115500e-04  8.6052653e-05 -1.4231987e-04 -3.2862017e-04
 -4.3856098e-04 -4.1225492e-04 -2.6461219e-04 -4.3165564e-06  3.2412964e-04
  7.3998109e-04  1.3952485e-03  2.1711743e-03  2.8173168e-03  3.2410909e-03
  3.5262444e-03  3.7741995e-03  3.9045994e-03  3.8313330e-03  3.6127667e-03
  3.3004850e-03  2.8623248e-03  2.3204817e-03  1.7437009e-03  1.1329072e-03
  5.0899133e-04 -1.0098339e-04 -6.7347610e-04 -1.2093592e-03 -1.7295203e-03
 -2.2032348e-03 -2.5602162e-03 -2.7930659e-03 -2.8649965e-03 -2.6914382e-03
 -2.2959226e-03 -1.7211969e-03 -1.0720745e-03 -5.6421349e-04 -2.1492869e-04
  2.7031526e-05  1.5934687e-04  1.7330141e-04  1.1502733e-04  1.4968762e-05
 -6.1739077e-05 -1.4532040e-05  1.0593325e-04  2.7064409e-04  4.4953553e-04
  6.1981586e-04  8.5759793e-04  1.0814255e-03  1.2254922e-03  1.2283694e-03
  1.0939619e-03  9.0086933e-04  6.6961240e-04  4.4125324e-04  2.6520819e-04
  1.9167454e-04  1.9928891e-04  2.2460849e-04  2.8361215e-04  3.6485264e-04
  4.3157343e-04  4.7825640e-04  4.7324181e-04  3.9636853e-04  2.0104608e-04
 -1.4749887e-04 -5.3747585e-04 -9.3893091e-04 -1.3700728e-03 -1.7607588e-03
 -2.0567019e-03 -2.3130832e-03 -2.4667064e-03 -2.3871717e-03 -2.1560689e-03
 -1.8306342e-03 -1.3645238e-03 -7.3155493e-04 -8.6396893e-05  5.0818981e-04
  1.1766821e-03  1.8247770e-03  2.4242673e-03  2.9532657e-03  3.3260718e-03
  3.5503925e-03  3.5627235e-03  3.3801225e-03  3.1509721e-03  2.8692096e-03
  2.4740022e-03  1.9770644e-03  1.3895968e-03  7.5861112e-04  1.7440092e-04
 -3.7421390e-04 -8.7993752e-04 -1.2314522e-03 -1.4423116e-03 -1.5645937e-03
 -1.5726088e-03 -1.4658432e-03 -1.2339184e-03 -8.7114144e-04 -3.6994944e-04
  2.4645485e-04  9.4683300e-04  1.6773192e-03  2.3628180e-03  2.9988902e-03
  3.5984833e-03  4.1270706e-03  4.5350199e-03  4.7494759e-03  4.7416663e-03
  4.5150849e-03  4.0986066e-03  3.5404250e-03  2.8803075e-03  2.2085782e-03
  1.5812405e-03  9.3235439e-04  2.8900695e-04 -4.2280817e-04 -1.2212791e-03
 -1.8830408e-03 -2.3743269e-03 -2.7480579e-03 -2.9747421e-03 -3.0584899e-03
 -2.9893337e-03 -2.7726170e-03 -2.4689671e-03 -2.1242139e-03 -1.6856426e-03
 -1.1282831e-03 -5.4764890e-04 -7.9659049e-05  2.9108266e-04  6.1615767e-04
  8.7944428e-04  1.0713552e-03  1.1955896e-03  1.2419335e-03  1.2419335e-03
  1.1823338e-03  1.0015825e-03  7.6848617e-04  5.4956020e-04  3.6709277e-04
  1.8195364e-04 -5.9465042e-05 -2.1513420e-04 -2.8786633e-04 -3.7772823e-04
 -4.0135230e-04 -3.4965473e-04 -2.8264622e-04 -2.1288380e-04 -1.8130626e-04
 -8.6924041e-05  6.8853015e-05  1.9965884e-04  3.1671051e-04  4.2442147e-04
  5.2051050e-04  6.1170825e-04  7.0879403e-04  8.2899009e-04  9.7408443e-04
  1.1153356e-03  1.2800567e-03  1.5122899e-03  1.7022894e-03  1.8713264e-03
  2.1254470e-03  2.4239591e-03  2.7238070e-03  3.0186198e-03  3.2911340e-03
  3.5315878e-03  3.7221012e-03  3.8798348e-03  4.0108512e-03  4.0724033e-03
  4.0304780e-03  3.8957623e-03  3.6855193e-03  3.4811336e-03  3.2243413e-03
  2.7999507e-03  2.3383616e-03  1.8875622e-03  1.4330634e-03  1.0070184e-03
  5.8408689e-04  2.1985080e-04 -8.5666283e-05 -3.5712524e-04 -5.4538822e-04
 -6.3133503e-04 -6.3355461e-04 -5.1889720e-04 -3.0879814e-04 -4.8351761e-05
  2.5052407e-04  5.4952937e-04  8.5578939e-04  1.1561305e-03  1.3819927e-03
  1.5187636e-03  1.5650047e-03  1.4996506e-03  1.3416088e-03  1.0931399e-03
  7.5712113e-04  3.5356981e-04 -1.3656542e-04 -6.7391796e-04 -1.2156274e-03
 -1.7455506e-03 -2.2416663e-03 -2.6740721e-03 -3.0306424e-03 -3.2951416e-03
 -3.4686999e-03 -3.5458712e-03 -3.5098031e-03 -3.4044761e-03 -3.2573266e-03
 -2.9885117e-03 -2.6598915e-03 -2.3671339e-03 -2.0117966e-03 -1.5938797e-03
 -1.2272391e-03 -9.1862592e-04 -6.6358050e-04 -4.6249332e-04 -3.1088413e-04
 -2.1408607e-04 -1.8825270e-04 -2.3876855e-04 -3.4799005e-04 -4.8029101e-04
 -6.1368120e-04 -7.4378314e-04 -8.8233179e-04 -1.0151568e-03 -1.1318796e-03
 -1.2157302e-03 -1.2506679e-03 -1.2341239e-03 -1.1759628e-03 -1.0727938e-03
 -9.3019647e-04 -7.5469604e-04 -5.4866620e-04 -3.1755313e-04 -8.4134161e-05
  1.2939291e-04  3.0320811e-04  4.3331004e-04  5.1777714e-04  5.5415348e-04
  5.3958239e-04  4.8900489e-04  3.9740639e-04  2.7196967e-04  1.3827120e-04
  7.1220560e-06 -1.0280940e-04 -1.7285955e-04 -1.9698713e-04 -1.7198611e-04
 -1.2141888e-04 -4.4976160e-05  5.7766452e-05  1.7467837e-04  2.9095935e-04
  3.9215545e-04  4.6344897e-04  4.9904435e-04  4.8833696e-04  4.2707263e-04
  3.1179868e-04  1.5033499e-04 -5.3028279e-05 -2.9820379e-04 -5.6345308e-04
 -8.2825024e-04 -1.0957088e-03 -1.3388343e-03 -1.5549344e-03 -1.7373299e-03
 -1.8716347e-03 -1.9525052e-03 -1.9754203e-03 -1.9367833e-03 -1.8411155e-03
 -1.6908833e-03 -1.4945127e-03 -1.2587858e-03 -9.9647540e-04 -7.2174154e-04
 -4.5379999e-04 -2.0432406e-04  1.4531012e-05  1.8688602e-04  2.8344774e-04
  2.8271816e-04  1.8804719e-04  2.7537096e-05 -1.8681409e-04 -4.5638949e-04
 -7.8514324e-04 -1.1579802e-03 -1.5519545e-03 -1.9416129e-03 -2.3096921e-03
 -2.6357434e-03 -2.9024004e-03 -3.0914752e-03 -3.1933084e-03 -3.1995766e-03
 -3.1099716e-03 -2.9253155e-03 -2.6547536e-03 -2.3083563e-03 -1.9033869e-03
 -1.4562867e-03 -9.8870689e-04 -5.1996588e-04 -7.2435160e-05  3.3600847e-04
  6.8622837e-04  9.6529861e-04  1.1606519e-03  1.2670065e-03  1.2803650e-03
  1.2047351e-03  1.0450491e-03  8.1411073e-04  5.2433310e-04  1.9465453e-04
 -1.5781578e-04 -5.1218710e-04 -8.5085700e-04 -1.1554112e-03 -1.4124091e-03
 -1.6096017e-03 -1.7406182e-03 -1.8010399e-03 -1.7930248e-03 -1.7191418e-03
 -1.5884336e-03 -1.4090180e-03 -1.1938427e-03 -9.5423158e-04 -7.0448847e-04
 -4.5602984e-04 -2.2275885e-04 -1.4569033e-05  1.5684985e-04  2.8426980e-04
  3.5925233e-04  3.7840643e-04  3.3754984e-04  2.3797731e-04  8.0857207e-05
 -1.2713223e-04 -3.7955732e-04 -6.6456698e-04 -9.7130996e-04 -1.2845781e-03
 -1.5914135e-03 -1.8762588e-03 -2.1275022e-03 -2.3330182e-03 -2.4858194e-03
 -2.5800485e-03 -2.6163221e-03 -2.5957705e-03 -2.5266143e-03 -2.4164577e-03
 -2.2782482e-03 -2.1229808e-03 -1.9645279e-03 -1.8129598e-03 -1.6792717e-03
 -1.5691150e-03 -1.4877307e-03 -1.4348103e-03 -1.4100456e-03 -1.4078877e-03
 -1.4241235e-03 -1.4509433e-03 -1.4830038e-03 -1.5129064e-03 -1.5374656e-03
 -1.5515434e-03 -1.5553455e-03 -1.5470221e-03 -1.5295532e-03 -1.5036582e-03
 -1.4737556e-03 -1.4410785e-03 -1.4097374e-03 -1.3801430e-03 -1.3548646e-03
 -1.3323606e-03 -1.3132476e-03 -1.2945456e-03 -1.2760492e-03 -1.2541617e-03
 -1.2288832e-03 -1.1973365e-03 -1.1607547e-03 -1.1179046e-03 -1.0714579e-03
 -1.0212093e-03 -9.7053927e-04 -9.1949936e-04 -8.7054544e-04 -8.2275268e-04
 -7.7697398e-04 -7.3045542e-04 -6.8272432e-04 -6.2971146e-04 -5.7036870e-04
 -5.0107896e-04 -4.2224300e-04 -3.3260718e-04 -2.3482264e-04 -1.3098565e-04
 -2.6804431e-05  7.3475071e-05  1.6238851e-04  2.3520284e-04  2.8535904e-04
  3.1042172e-04  3.0719512e-04  2.7752888e-04  2.2284105e-04  1.4953348e-04
  6.3222903e-05 -2.6782852e-05 -1.1338321e-04 -1.8736898e-04 -2.4353652e-04
 -2.7615192e-04 -2.8450614e-04 -2.6811624e-04 -2.3172962e-04 -1.7952855e-04
 -1.1985696e-04 -5.9007769e-05 -5.5950717e-06  3.5465905e-05  5.8615233e-05
  6.3236261e-05  4.8624070e-05  1.9210613e-05 -2.1442517e-05 -6.5794936e-05
 -1.0850220e-04 -1.4189856e-04 -1.6228575e-04 -1.6496773e-04 -1.5001644e-04
 -1.1719553e-04 -7.0815693e-05 -1.4271035e-05  4.5420075e-05  1.0377533e-04
  1.5376711e-04  1.9221916e-04  2.1480538e-04  2.2156685e-04  2.1184595e-04
  1.8928028e-04  1.5634634e-04  1.1895269e-04  8.0841794e-05  4.8028073e-05
  2.3367175e-05  1.1101977e-05  1.1560278e-05  2.6186855e-05  5.2605944e-05
  8.9779687e-05  1.3349295e-04  1.8179950e-04  2.3033211e-04  2.7773439e-04
  3.2108800e-04  3.6086563e-04  3.9612191e-04  4.2894283e-04  4.5966748e-04
  4.9106005e-04  5.2329524e-04  5.5816104e-04  5.9421883e-04  6.3147889e-04
  6.6652966e-04  6.9772699e-04  7.2065231e-04  7.3349706e-04  7.3259279e-04
  7.1789839e-04  6.8838629e-04  6.4712894e-04  5.9632537e-04  5.4214107e-04
  4.8925151e-04  4.4518887e-04  4.1491635e-04  4.0500021e-04  4.1808130e-04
  4.5721156e-04  5.2082905e-04  6.0751572e-04  7.1133216e-04  8.2676024e-04
  9.4492170e-04  1.0587159e-03  1.1590078e-03  1.2399811e-03  1.2952649e-03
  1.3230096e-03  1.3213654e-03  1.2931070e-03  1.2412142e-03  1.1723663e-03
  1.0920095e-03  1.0081898e-03  9.2667187e-04  8.5410416e-04  7.9365161e-04
  7.4897242e-04  7.1980969e-04  7.0642032e-04  7.0580377e-04  7.1635702e-04
  7.3386699e-04  7.5653541e-04  7.8079658e-04  8.0599285e-04  8.2994574e-04
  8.5330264e-04  8.7514900e-04  8.9672818e-04  9.1731062e-04  9.3797526e-04
  9.5742735e-04  9.7576966e-04  9.9094702e-04  1.0023326e-03  1.0073780e-03
  1.0057442e-03  9.9528341e-04  9.7642731e-04  9.4829216e-04  9.1287147e-04
  8.7061737e-04  8.2478729e-04  7.7699453e-04  7.3091783e-04  6.8793415e-04
  6.5107485e-04  6.2054544e-04  5.9776399e-04  5.8073698e-04  5.6904312e-04
  5.5915780e-04  5.4926220e-04  5.3541042e-04  5.1583501e-04  4.8765876e-04
  4.5067615e-04  4.0413704e-04  3.5014797e-04  2.8999342e-04  2.2766041e-04
  1.6552263e-04  1.0792675e-04  5.6748120e-05  1.5142423e-05 -1.6959185e-05
 -3.8750051e-05 -5.2614164e-05 -6.0003494e-05 -6.5243125e-05 -7.1149657e-05
 -8.2499281e-05 -1.0213223e-04 -1.3399647e-04 -1.7923055e-04 -2.4000164e-04
 -3.1514859e-04 -4.0435283e-04 -5.0428501e-04 -6.1265362e-04 -7.2467015e-04
 -8.3686136e-04 -9.4395577e-04 -1.0425829e-03 -1.1280776e-03 -1.1982613e-03
 -1.2496403e-03 -1.2818036e-03 -1.2923877e-03 -1.2824202e-03 -1.2514900e-03
 -1.2012413e-03 -1.1322907e-03 -1.0472070e-03 -9.4740844e-04 -8.3611123e-04
 -7.1527806e-04 -5.8884459e-04 -4.5934893e-04 -3.3113774e-04 -2.0695466e-04
 -9.1116569e-05  1.3965843e-05  1.0478236e-04  1.8024785e-04  2.3854248e-04
  2.8048831e-04  3.0633195e-04  3.1906367e-04  3.2109828e-04  3.1713182e-04
  3.1053475e-04  3.0664022e-04  3.0889062e-04  3.2154014e-04  3.4640758e-04
  3.8563032e-04  4.3859180e-04  5.0457273e-04  5.8001767e-04  6.6209051e-04
  7.4548892e-04  8.2623618e-04  8.9873197e-04  9.5970858e-04  1.0052509e-03
  1.0341568e-03  1.0450491e-03  1.0395002e-03  1.0185581e-03  9.8589132e-04
  9.4393522e-04  8.9686177e-04  8.4710633e-04  7.9798800e-04  7.5069875e-04
  7.0720128e-04  6.6707427e-04  6.3112952e-04  5.9816474e-04  5.6843684e-04
  5.4077438e-04  5.1579391e-04  4.9257059e-04  4.7202927e-04  4.5343006e-04
  4.3738954e-04  4.2247935e-04  4.0806239e-04  3.9156973e-04  3.7116199e-04
  3.4310905e-04  3.0510913e-04  2.5373012e-04  1.8775946e-04  1.0560442e-04
  8.7679313e-06 -1.0094743e-04 -2.1867935e-04 -3.3948169e-04 -4.5585515e-04
 -5.6121296e-04 -6.4777632e-04 -7.1012989e-04 -7.4283777e-04 -7.4413252e-04
 -7.1291463e-04 -6.5232850e-04 -5.6601176e-04 -4.6099305e-04 -3.4409552e-04
 -2.2409470e-04 -1.0807062e-04 -3.7055572e-06  8.4119775e-05  1.5061244e-04
  1.9451067e-04  2.1441490e-04  2.1186650e-04  1.8798553e-04  1.4581364e-04
  8.7448107e-05  1.6205968e-05 -6.5998397e-05 -1.5590448e-04 -2.5166468e-04
 -3.4983970e-04 -4.4787085e-04 -5.4108266e-04 -6.2570389e-04 -6.9583624e-04
 -7.4656788e-04 -7.7183608e-04 -7.6752024e-04 -7.2905791e-04 -6.5489745e-04
 -5.4469974e-04 -4.0111595e-04 -2.2835916e-04 -3.4129023e-05  1.7333224e-04
  3.8303054e-04  5.8510420e-04  7.6840396e-04  9.2437009e-04  1.0446381e-03
