Scaled from
PEER NGA STRONG MOTION DATABASE RECORD
ACCELERATION TIME SERIES IN UNITS OF G
NPTS= 2999.000000, DT= 0.010000, Scalar= 1.000000
  2.7056425e-04  5.0619846e-04  4.2785139e-04  4.5557306e-04  4.4303715e-04
  4.4929121e-04  4.4297230e-04  4.4975447e-04  4.4451033e-04  4.5103308e-04
  4.4756787e-04  4.5301584e-04  4.5064394e-04  4.5485037e-04  4.5264523e-04
  4.5519318e-04  4.5214491e-04  4.5258038e-04  4.4808672e-04  4.4611322e-04
  4.3998888e-04  4.3602335e-04  4.2909293e-04  4.2463634e-04  4.1891967e-04
  4.1684425e-04  4.1596405e-04  4.2059668e-04  4.2932456e-04  4.4591865e-04
  4.6946169e-04  5.0286297e-04  5.4535347e-04  5.9870286e-04  6.6169740e-04
  7.3451311e-04  8.1539887e-04  9.0279811e-04  9.9416288e-04  1.0866302e-03
  1.1772445e-03  1.2621143e-03  1.3382748e-03  1.4021125e-03  1.4516816e-03
  1.4839248e-03  1.4972667e-03  1.4902251e-03  1.4684518e-03  1.4377837e-03
  1.4047068e-03  1.3688502e-03  1.3317891e-03  1.2916705e-03  1.2511813e-03
  1.2090244e-03  1.1673307e-03  1.1240619e-03  1.0818123e-03  1.0380802e-03
  9.9564533e-04  9.5200593e-04  9.0946910e-04  8.6561660e-04  8.2316316e-04
  7.7906977e-04  7.3615306e-04  6.9152228e-04  6.4802187e-04  6.0254795e-04
  5.5813953e-04  5.1168350e-04  4.6627444e-04  4.1848420e-04  3.7175021e-04
  3.2265357e-04  2.7457611e-04  2.2408042e-04  1.7459464e-04  1.2266284e-04
  7.1857686e-05  1.8585194e-05 -3.3459650e-05 -8.7942185e-05 -1.4115631e-04
 -1.9675716e-04 -2.5088483e-04 -3.0737515e-04 -3.6237376e-04 -4.1972575e-04
 -4.7542852e-04 -5.3353099e-04 -5.8994719e-04 -6.4874456e-04 -7.0577226e-04
 -7.6525526e-04 -8.2297786e-04 -8.8320208e-04 -9.4162883e-04 -1.0027796e-03
 -1.0619846e-03 -1.1239692e-03 -1.1841935e-03 -1.2471046e-03 -1.3080700e-03
 -1.3720004e-03 -1.4338923e-03 -1.4986565e-03 -1.5613824e-03 -1.6268878e-03
 -1.6902622e-03 -1.7562309e-03 -1.8202539e-03 -1.8866858e-03 -1.9509868e-03
 -2.0178820e-03 -2.0824609e-03 -2.1495414e-03 -2.2144909e-03 -2.2818493e-03
 -2.3469842e-03 -2.4148059e-03 -2.4802187e-03 -2.5484110e-03 -2.6143797e-03
 -2.6830353e-03 -2.7494672e-03 -2.8185861e-03 -2.8855740e-03 -2.9551561e-03
 -3.0225146e-03 -3.0922820e-03 -3.1596405e-03 -3.2295933e-03 -3.2969517e-03
 -3.3669045e-03 -3.4342629e-03 -3.5041230e-03 -3.5712036e-03 -3.6408783e-03
 -3.7078662e-03 -3.7774483e-03 -3.8441583e-03 -3.9135551e-03 -3.9802650e-03
 -4.0494765e-03 -4.1159085e-03 -4.1847494e-03 -4.2507181e-03 -4.3191884e-03
 -4.3846938e-03 -4.4523302e-03 -4.5169091e-03 -4.5838043e-03 -4.6472714e-03
 -4.7130548e-03 -4.7755026e-03 -4.8400815e-03 -4.9013249e-03 -4.9647920e-03
 -5.0250162e-03 -5.0873714e-03 -5.1462985e-03 -5.2075419e-03 -5.2653572e-03
 -5.3255814e-03 -5.3822848e-03 -5.4413045e-03 -5.4967108e-03 -5.5544334e-03
 -5.6083573e-03 -5.6644121e-03 -5.7167609e-03 -5.7711480e-03 -5.8216437e-03
 -5.8740851e-03 -5.9225424e-03 -5.9729454e-03 -6.0192718e-03 -6.0675438e-03
 -6.1117391e-03 -6.1576021e-03 -6.1992958e-03 -6.2428426e-03 -6.2820347e-03
 -6.3230798e-03 -6.3599555e-03 -6.3985917e-03 -6.4332438e-03 -6.4698416e-03
 -6.5026406e-03 -6.5376633e-03 -6.5690725e-03 -6.6029834e-03 -6.6336514e-03
 -6.6666358e-03 -6.6964699e-03 -6.7279718e-03 -6.7568795e-03 -6.7894932e-03
 -6.8183082e-03 -6.8488835e-03 -6.8751042e-03 -6.9030853e-03 -6.9274530e-03
 -6.9542296e-03 -6.9766515e-03 -7.0009265e-03 -7.0209395e-03 -7.0433614e-03
 -7.0614287e-03 -7.0811637e-03 -7.0965441e-03 -7.1135921e-03 -7.1269341e-03
 -7.1412026e-03 -7.1515797e-03 -7.1636246e-03 -7.1718707e-03 -7.1823404e-03
 -7.1883628e-03 -7.1974428e-03 -7.2027240e-03 -7.2111554e-03 -7.2152321e-03
 -7.2206059e-03 -7.2215325e-03 -7.2244047e-03 -7.2217178e-03 -7.2208839e-03
 -7.2130084e-03 -7.2056889e-03 -7.1913277e-03 -7.1774298e-03 -7.1568609e-03
 -7.1354582e-03 -7.1074771e-03 -7.0799592e-03 -7.0458631e-03 -7.0116742e-03
 -6.9715556e-03 -6.9315297e-03 -6.8850181e-03 -6.8393403e-03 -6.7873622e-03
 -6.7354767e-03 -6.6773835e-03 -6.6180858e-03 -6.5510979e-03 -6.4827203e-03
 -6.4068378e-03 -6.3300287e-03 -6.2454369e-03 -6.1600111e-03 -6.0671732e-03
 -5.9742426e-03 -5.8747336e-03 -5.7758733e-03 -5.6712684e-03 -5.5687946e-03
 -5.4620587e-03 -5.3582878e-03 -5.2504401e-03 -5.1453720e-03 -5.0362272e-03
 -4.9303252e-03 -4.8210877e-03 -4.7155564e-03 -4.6062263e-03 -4.4989345e-03
 -4.3862689e-03 -4.2755490e-03 -4.1601964e-03 -4.0475308e-03 -3.9305105e-03
 -3.8165478e-03 -3.6990642e-03 -3.5857500e-03 -3.4699342e-03 -3.3594923e-03
 -3.2480311e-03 -3.1425924e-03 -3.0365051e-03 -2.9372742e-03 -2.8375799e-03
 -2.7439081e-03 -2.6489391e-03 -2.5602705e-03 -2.4706754e-03 -2.3873807e-03
 -2.3032521e-03 -2.2250533e-03 -2.1456500e-03 -2.0727323e-03 -1.9989808e-03
 -1.9308811e-03 -1.8605578e-03 -1.7941258e-03 -1.7237098e-03 -1.6571852e-03
 -1.5867692e-03 -1.5190401e-03 -1.4456592e-03 -1.3738534e-03 -1.2966738e-03
 -1.2219957e-03 -1.1432410e-03 -1.0680997e-03 -9.8925229e-04 -9.1440749e-04
 -8.3737608e-04 -7.6627444e-04 -6.9257852e-04 -6.2071713e-04 -5.4176781e-04
 -4.6354118e-04 -3.7824516e-04 -2.9214306e-04 -1.9620124e-04 -9.6553322e-05
  1.4350968e-05  1.2751784e-04  2.4949504e-04  3.7245437e-04  5.0376170e-04
  6.3477254e-04  7.7050866e-04  9.0144538e-04  1.0349300e-03  1.1643658e-03
  1.2987121e-03  1.4302789e-03  1.5660150e-03  1.6992495e-03  1.8388770e-03
  1.9782266e-03  2.1268415e-03  2.2777726e-03  2.4393588e-03  2.6045585e-03
  2.7804132e-03  2.9584916e-03  3.1457426e-03  3.3334569e-03  3.5279348e-03
  3.7211155e-03  3.9214306e-03  4.1204484e-03  4.3249328e-03  4.5267303e-03
  4.7326045e-03  4.9345872e-03  5.1389790e-03  5.3360511e-03  5.5334939e-03
  5.7233392e-03  5.9126286e-03  6.0928380e-03  6.2710090e-03  6.4383397e-03
  6.6026128e-03  6.7570648e-03  6.9092004e-03  7.0529973e-03  7.1962383e-03
  7.3328083e-03  7.4678959e-03  7.5946447e-03  7.7227833e-03  7.8484203e-03
  7.9809136e-03  8.1088669e-03  8.2398777e-03  8.3651441e-03  8.4925415e-03
  8.6132679e-03  8.7329751e-03  8.8436023e-03  8.9518206e-03  9.0500324e-03
  9.1462985e-03  9.2293153e-03  9.3051052e-03  9.3644029e-03  9.4237005e-03
  9.4792921e-03  9.5543408e-03  9.6414343e-03  9.7211155e-03  9.7387195e-03
  9.6757157e-03  9.5608265e-03  9.5089410e-03  9.5923284e-03  9.7646623e-03
  9.8387844e-03  9.7183360e-03  9.5561938e-03  9.6812749e-03  1.0156583e-02
  1.0634671e-02  1.0675438e-02  1.0278884e-02  9.8841842e-03  9.9203187e-03
  1.0367831e-02  1.0947837e-02  1.1508385e-02  1.2162513e-02  1.2980636e-02
  1.3815436e-02  1.4364866e-02  1.4470490e-02  1.4160104e-02  1.3576392e-02
  1.2851848e-02  1.2149541e-02  1.1555638e-02  1.1059020e-02  1.0680997e-02
  1.0757899e-02  1.1715000e-02  1.3487446e-02  1.5236728e-02  1.6035393e-02
  1.5726860e-02  1.5067173e-02  1.4897619e-02  1.5441490e-02  1.6277217e-02
  1.6872047e-02  1.6911887e-02  1.6431020e-02  1.5767627e-02  1.5440563e-02
  1.5707403e-02  1.6301306e-02  1.6593162e-02  1.6212360e-02  1.5375706e-02
  1.4618734e-02  1.4245344e-02  1.4306495e-02  1.4868897e-02  1.6008524e-02
  1.7343649e-02  1.8053368e-02  1.7578986e-02  1.6336514e-02  1.5357176e-02
  1.5292319e-02  1.5866765e-02  1.6433800e-02  1.6573705e-02  1.6258686e-02
  1.5648105e-02  1.5074585e-02  1.4978227e-02  1.5662003e-02  1.6844251e-02
  1.7683684e-02  1.7398314e-02  1.6069675e-02  1.4586306e-02  1.3891411e-02
  1.4222181e-02  1.5186695e-02  1.6253127e-02  1.7069397e-02  1.7411285e-02
  1.7221347e-02  1.6723802e-02  1.6499583e-02  1.6947095e-02  1.7701288e-02
  1.7735569e-02  1.6305939e-02  1.3734828e-02  1.1343463e-02  1.0314092e-02
  1.0915408e-02  1.2643380e-02  1.4890207e-02  1.7255629e-02  1.9407023e-02
  2.0840359e-02  2.1171129e-02  2.0654128e-02  2.0246456e-02  2.0539238e-02
  2.0803298e-02  1.9445011e-02  1.5722227e-02  1.0940424e-02  7.7427963e-03
  7.7656815e-03  1.0390068e-02  1.3566200e-02  1.5811174e-02  1.7406652e-02
  1.9312517e-02  2.1337904e-02  2.2841657e-02  2.3686649e-02  2.3670898e-02
  2.2501621e-02  1.9821180e-02  1.5442416e-02  1.0981192e-02  9.1866951e-03
  1.1216529e-02  1.5672195e-02  2.0000927e-02  2.1907718e-02  2.0552210e-02
  1.7408506e-02  1.5253405e-02  1.5698138e-02  1.7664227e-02  1.7877328e-02
  1.4315760e-02  9.4996757e-03  7.6826647e-03  9.6293894e-03  1.3210414e-02
  1.6043732e-02  1.7282498e-02  1.8445289e-02  2.0682850e-02  2.2695265e-02
  2.3279904e-02  2.3091819e-02  2.2941721e-02  2.1917910e-02  1.8507366e-02
  1.3042713e-02  7.6882238e-03  4.8148800e-03  5.8554619e-03  9.7813398e-03
  1.4123043e-02  1.6842398e-02  1.6437506e-02  1.4116557e-02  1.3823775e-02
  1.6901696e-02  2.0807005e-02  2.2338553e-02  2.0290929e-02  1.6557954e-02
  1.3774669e-02  1.1519503e-02  8.3844158e-03  5.9454276e-03  6.0155656e-03
  7.0925600e-03  7.2648939e-03  7.3567127e-03  9.5422959e-03  1.5169091e-02
  2.2701751e-02  2.7288984e-02  2.7302881e-02  2.5541555e-02  2.2777726e-02
  1.7998703e-02  1.2028166e-02  7.2313537e-03  4.9777634e-03  3.3305846e-03
 -2.9514500e-04 -3.8369313e-03 -2.6099324e-03  3.4752154e-03  8.5435931e-03
  7.2134717e-03  2.5180209e-03  1.8141388e-03  6.6741406e-03  1.3550449e-02
  1.9803576e-02  2.4672473e-02  2.7591958e-02  2.7611415e-02  2.3937737e-02
  1.8037617e-02  1.3076994e-02  8.7761512e-03  2.1796535e-03 -6.1096081e-03
 -1.1582507e-02 -1.2322802e-02 -1.1823404e-02 -1.3335495e-02 -1.3474474e-02
 -6.5099602e-03  5.7988511e-03  1.5450755e-02  1.7820810e-02  1.5187622e-02
  1.3508756e-02  1.5892708e-02  1.8721393e-02  1.7629945e-02  1.3223386e-02
  6.4563143e-03 -3.4571482e-03 -1.4963402e-02 -2.3766330e-02 -2.6015936e-02
 -2.0837580e-02 -1.1538960e-02 -2.8518484e-03  3.1152599e-03  6.2976003e-03
  7.4917076e-03  9.1103493e-03  1.2339479e-02  1.5110720e-02  1.4041508e-02
  7.0388215e-03 -3.9949041e-03 -1.3606967e-02 -1.8526823e-02 -2.0248309e-02
 -2.1152599e-02 -2.1253590e-02 -1.9669230e-02 -1.7107384e-02 -1.5233948e-02
 -1.3740387e-02 -1.0332623e-02 -4.3761697e-03  1.6356898e-03  4.6321690e-03
  2.5349764e-03 -2.6302233e-03 -5.9561753e-03 -6.8008895e-03 -7.4429723e-03
 -8.7771704e-03 -1.2331141e-02 -1.9162420e-02 -2.7503938e-02 -3.4615028e-02
 -3.8215510e-02 -3.7685537e-02 -3.4921709e-02 -3.0884833e-02 -2.5586028e-02
 -1.8121931e-02 -6.7949597e-03  3.7162976e-03  6.5879737e-03  3.2522005e-03
 -2.1567683e-03 -7.3672751e-03 -1.1137774e-02 -1.5189475e-02 -2.0633744e-02
 -2.5358102e-02 -2.8012601e-02 -2.8877050e-02 -2.8477717e-02 -2.5695358e-02
 -1.9540443e-02 -1.2620217e-02 -7.9040119e-03 -7.3521727e-03 -1.2957472e-02
 -2.0700454e-02 -2.2815714e-02 -1.6363384e-02 -2.8106180e-03  9.8091356e-03
  1.0676364e-02 -5.4744742e-04 -1.6015010e-02 -2.7602150e-02 -3.1078477e-02
 -2.8464746e-02 -2.2825906e-02 -1.5984434e-02 -1.1350876e-02 -1.0570740e-02
 -1.1458353e-02 -1.0698601e-02 -6.6177152e-03 -2.0716205e-03 -7.6654313e-04
 -2.0532753e-03 -4.7670712e-03 -8.9628463e-03 -1.5172797e-02 -2.3039007e-02
 -2.8921523e-02 -2.9967572e-02 -2.8166404e-02 -2.6679329e-02 -2.6360604e-02
 -2.6605207e-02 -2.6931344e-02 -2.6889651e-02 -2.5109793e-02 -2.0491986e-02
 -1.5159826e-02 -1.2672102e-02 -1.5271009e-02 -2.0417863e-02 -2.2384879e-02
 -2.1775225e-02 -2.4108218e-02 -3.1072918e-02 -4.0971926e-02 -5.0399333e-02
 -5.5413694e-02 -5.6629297e-02 -5.7814324e-02 -6.0100991e-02 -6.3088113e-02
 -6.2802743e-02 -5.2921338e-02 -3.4822570e-02 -1.7731863e-02 -9.3820069e-03
 -9.3023256e-03 -9.7072176e-03 -7.6456963e-03 -8.0308533e-03 -1.4740109e-02
 -3.0013898e-02 -5.1742796e-02 -7.2773094e-02 -8.9495043e-02 -9.9064208e-02
 -9.8100621e-02 -8.8358195e-02 -7.5067173e-02 -6.3025109e-02 -5.3873807e-02
 -4.7492819e-02 -4.5943667e-02 -5.0176967e-02 -5.6658946e-02 -6.0259427e-02
 -5.7415918e-02 -5.0580932e-02 -4.8086723e-02 -5.3108496e-02 -6.2156027e-02
 -7.2391365e-02 -7.9684981e-02 -8.1586213e-02 -8.3812656e-02 -9.1025665e-02
 -1.0281664e-01 -1.1491708e-01 -1.1970722e-01 -1.1553785e-01 -1.0647642e-01
 -9.9722042e-02 -1.0395627e-01 -1.1782637e-01 -1.3188178e-01 -1.3772816e-01
 -1.3467989e-01 -1.3229871e-01 -1.3627351e-01 -1.4336144e-01 -1.5104234e-01
 -1.5474845e-01 -1.5296025e-01 -1.5619383e-01 -1.6975818e-01 -1.8484203e-01
 -1.9254146e-01 -1.8670435e-01 -1.6413416e-01 -1.2853701e-01 -9.2566478e-02
 -7.1075697e-02 -6.1109052e-02 -5.0706013e-02 -3.7843973e-02 -2.1329565e-02
 -4.8500880e-03  3.7994997e-04 -3.9715556e-03 -7.3161308e-03 -9.1512091e-03
 -1.1971648e-02 -1.5007875e-02 -1.9884184e-02 -2.8529603e-02 -4.1317521e-02
 -5.8156212e-02 -7.7811545e-02 -9.9379227e-02 -1.2139350e-01 -1.3487446e-01
 -1.2782359e-01 -1.0708793e-01 -9.3838599e-02 -9.3486519e-02 -8.9746132e-02
 -6.4930974e-02 -1.8222922e-02  3.3657000e-02  7.2402483e-02  8.9993514e-02
  8.8012601e-02  7.6859075e-02  7.1384231e-02  7.6567219e-02  8.4837395e-02
  8.3727416e-02  6.3694061e-02  3.0700454e-02  1.1335125e-03 -1.9357917e-02
 -3.5483184e-02 -5.0699527e-02 -6.7692023e-02 -8.5478551e-02 -9.7303808e-02
 -1.0659687e-01 -1.1904012e-01 -1.2847216e-01 -1.3696841e-01 -1.5639767e-01
 -1.9015102e-01 -2.2774020e-01 -2.5319188e-01 -2.6743260e-01 -2.7440007e-01
 -2.5344205e-01 -1.8921523e-01 -9.5321041e-02  4.2080978e-03  8.5683313e-02
  1.3988696e-01  1.8081164e-01  2.2139350e-01  2.5317335e-01  2.6166034e-01
  2.4223108e-01  1.9781340e-01  1.4098953e-01  8.4360233e-02  3.0575373e-02
 -2.1916983e-02 -7.5127397e-02 -1.2751784e-01 -1.7891226e-01 -2.2418234e-01
 -2.5061614e-01 -2.5262670e-01 -2.2785139e-01 -1.7247290e-01 -9.7081442e-02
 -2.1567683e-02  4.9411656e-02  1.1517650e-01  1.6034467e-01  1.7198184e-01
  1.5879737e-01  1.4433429e-01  1.3552302e-01  1.0588344e-01  6.2753637e-02
  4.5579542e-02  4.4334291e-02  5.1357361e-02  6.9850829e-02  7.2585935e-02
  4.1732604e-02 -1.4916149e-02 -7.2496062e-02 -1.1062726e-01 -1.2401557e-01
 -1.1041416e-01 -7.2665617e-02 -1.4164736e-02  4.7825442e-02  8.1861392e-02
  8.6850737e-02  8.0614287e-02  6.0130640e-02  1.8756602e-02 -3.7919948e-02
 -9.7220421e-02 -1.3260447e-01 -1.3455944e-01 -1.2342259e-01 -1.1633466e-01
 -1.1570462e-01 -1.0365978e-01 -8.3785787e-02 -7.0700454e-02 -4.8165478e-02
 -2.0894098e-02 -7.2224590e-03 -5.9031780e-05  1.7982952e-02  5.5923284e-02
  1.0224219e-01  1.4748448e-01  1.9687761e-01  2.4747522e-01  2.8102474e-01
  2.8340591e-01  2.6355971e-01  2.3266932e-01  1.9344946e-01  1.5109793e-01
  1.1424998e-01  1.1491708e-01  1.7508570e-01  2.7823589e-01  4.0210322e-01
  5.2040211e-01  6.0132493e-01  6.2473826e-01  6.0372464e-01  5.6276290e-01
  4.9658112e-01  4.1181321e-01  3.3437413e-01  2.7384416e-01  2.2292226e-01
  1.6717317e-01  1.1521356e-01  7.2191235e-02  3.2914852e-02  1.3699620e-02
  9.4209210e-03 -9.1457426e-03 -3.4100806e-02 -3.8103400e-02 -3.4939313e-02
 -1.3220606e-02  7.1798388e-02  2.0892245e-01  3.4244418e-01  4.1523209e-01
  4.1221162e-01  3.7792087e-01  3.5376633e-01  3.6760864e-01  4.3678310e-01
  5.1061799e-01  5.2622996e-01  4.9522839e-01  4.6687668e-01  4.6955434e-01
  4.9634949e-01  5.1849347e-01  5.2690633e-01  5.4006300e-01  5.5119059e-01
  5.4003521e-01  4.9830446e-01  4.3344760e-01  3.7275086e-01  3.4363940e-01
  3.5170944e-01  3.5155193e-01  3.0348374e-01  2.5969610e-01  2.9082739e-01
  3.9000278e-01  5.2492356e-01  6.5220050e-01  7.0474382e-01  6.8073752e-01
  6.3842305e-01  6.1345316e-01  6.0493839e-01  5.8467525e-01  5.5762068e-01
  5.5673121e-01  5.7969981e-01  6.0520708e-01  6.1954044e-01  6.0878347e-01
  5.6159548e-01  4.8068192e-01  3.6561660e-01  2.1928102e-01  6.0844992e-02
 -7.6398592e-02 -1.4640044e-01 -1.4050774e-01 -1.0114889e-01 -6.9373668e-02
 -6.4479755e-02 -7.1097007e-02 -6.1924395e-02 -3.9092931e-02 -4.5886223e-02
 -1.4403780e-01 -3.3137219e-01 -5.3161308e-01 -6.5655517e-01 -6.3845085e-01
 -5.1117391e-01 -3.9559900e-01 -3.6975818e-01 -4.1900306e-01 -4.7246363e-01
 -5.0321505e-01 -5.1946632e-01 -4.9150375e-01 -4.2121746e-01 -3.6136385e-01
 -3.4266654e-01 -3.5050496e-01 -3.6851663e-01 -4.1639025e-01 -4.7339016e-01
 -5.0058371e-01 -5.0642083e-01 -5.0664319e-01 -5.1959603e-01 -5.3453164e-01
 -5.2178264e-01 -4.7702214e-01 -3.9041045e-01 -3.1099787e-01 -3.3467989e-01
 -4.3582878e-01 -5.4617808e-01 -6.3431854e-01 -6.5909386e-01 -6.1792829e-01
 -5.2787918e-01 -4.2198647e-01 -3.6293894e-01 -3.5216344e-01 -3.4736403e-01
 -3.7230612e-01 -4.2454369e-01 -4.5177430e-01 -4.4350042e-01 -4.0588344e-01
 -3.6374502e-01 -3.5028259e-01 -3.6675623e-01 -3.9211526e-01 -4.2494209e-01
 -4.8344297e-01 -5.5901974e-01 -5.9740573e-01 -5.6781247e-01 -4.7210229e-01
 -2.9982396e-01 -1.3175206e-01 -1.1508385e-01 -2.4990271e-01 -3.7751320e-01
 -3.8473084e-01 -3.0200130e-01 -2.3885852e-01 -2.8488835e-01 -4.1333272e-01
 -5.0203836e-01 -4.9215232e-01 -4.1320300e-01 -2.9255073e-01 -1.8000556e-01
 -1.0268693e-01 -3.0064857e-02  1.8953952e-02  1.0427129e-02 -1.0090800e-02
 -3.8785324e-03  7.3055684e-03  1.3842305e-02  1.9177245e-02  2.6948948e-02
  4.2815714e-02  6.0506810e-02  6.4686371e-02  3.0402112e-02 -5.0029649e-02
 -1.1799314e-01 -1.5193181e-01 -2.3253034e-01 -3.5629575e-01 -4.1866024e-01
 -3.9927731e-01 -3.5922357e-01 -3.2858334e-01 -3.2732327e-01 -3.5258038e-01
 -3.3468915e-01 -2.4308348e-01 -1.2353377e-01 -1.7826369e-02  5.7024924e-02
  8.5989067e-02  6.2226443e-02  1.9470953e-02  9.7294543e-03  3.7887520e-02
  5.8413787e-02  5.1600111e-02  4.4107292e-02  4.7477995e-02  5.7868063e-02
  6.6670990e-02  6.2586862e-02  5.1165570e-02  3.2204206e-02  6.2042064e-03
 -2.6455110e-02 -5.8642639e-02 -6.2880571e-02 -1.3554155e-02  5.4192532e-02
  7.3206708e-02  4.2840730e-02 -1.4976374e-02 -6.6268878e-02 -5.2104142e-02
  3.3596776e-02  1.5654591e-01  2.8046882e-01  3.8313722e-01  4.7398314e-01
  5.5707403e-01  6.1129436e-01  6.2925971e-01  6.2227370e-01  6.0744001e-01
  6.0456778e-01  6.2247753e-01  6.5239507e-01  6.8587047e-01  7.2048550e-01
  7.6169740e-01  8.1667748e-01  8.8981747e-01  9.6275364e-01  1.0000000e+00
  9.9749838e-01  9.5636060e-01  7.7686463e-01  5.5054202e-01  4.6883165e-01
  4.5352543e-01  3.7104605e-01  2.5807468e-01  1.7753173e-01  1.2092097e-01
  1.1156305e-01  8.9893449e-02  5.1960530e-02  7.6076160e-02  1.1822478e-01
  1.1849347e-01  1.1258223e-01  8.1579728e-02 -1.5376633e-02 -1.0342815e-01
 -9.9833225e-02 -4.2762902e-02 -8.1765033e-03  4.2976003e-03  3.0857037e-02
  5.0269619e-02  3.1191513e-02 -4.0396553e-02 -1.3707032e-01 -1.9630316e-01
 -2.1021959e-01 -2.3808950e-01 -3.0128787e-01 -3.5104234e-01 -3.7240804e-01
 -3.7172241e-01 -3.6349486e-01 -3.5754656e-01 -3.2053183e-01 -2.3804318e-01
 -1.4868897e-01 -9.2610025e-02 -9.2397850e-02 -1.5531363e-01 -2.2698972e-01
 -2.4743815e-01 -2.0139905e-01 -1.2111554e-01 -3.6920226e-02  5.7463171e-02
  1.3382748e-01  1.7829149e-01  2.0788474e-01  2.1175762e-01  1.9243028e-01
  1.4618734e-01  8.4547392e-02  3.7134254e-02  9.8304457e-04 -2.6061336e-02
 -5.7332530e-02 -7.0337256e-02 -2.6801631e-02  1.1930881e-02 -1.8614843e-02
 -1.0379876e-01 -2.1221162e-01 -2.8498101e-01 -2.4768832e-01 -1.4883721e-01
 -1.0011118e-01 -1.1638099e-01 -1.4898545e-01 -1.3949782e-01 -7.3314185e-02
 -1.0210322e-02 -1.6768276e-04 -4.1071065e-02 -9.0894098e-02 -1.0392847e-01
 -1.0194571e-01 -9.7535440e-02 -8.0400259e-02 -7.9280089e-02 -9.7646623e-02
 -1.4789215e-01 -2.4135088e-01 -3.1692764e-01 -3.4710460e-01 -3.5964051e-01
 -3.6762717e-01 -3.7472436e-01 -3.6547762e-01 -3.3260447e-01 -2.8243306e-01
 -2.0361345e-01 -9.9703512e-02 -2.6298527e-02 -1.6385620e-02 -4.3476327e-02
 -7.9765589e-02 -9.7804132e-02 -8.7515056e-02 -8.3466135e-02 -9.2568331e-02
 -7.4978227e-02 -4.4183267e-02 -2.1537107e-02  1.5466506e-02  6.6208654e-02
  1.4492727e-01  2.3652367e-01  2.7432595e-01  2.4201797e-01  1.6495877e-01
  8.5490596e-02  4.1051608e-02  4.8009821e-02  1.1086816e-01  1.9707218e-01
  2.5122765e-01  2.3715371e-01  1.7657741e-01  1.4779950e-01  1.5817660e-01
  1.3953488e-01  8.5562865e-02  2.7798573e-02 -3.5436857e-02 -8.9002131e-02
 -8.2018901e-02 -1.6639489e-03  1.2168998e-01  2.3924766e-01  2.7920875e-01
  2.4393588e-01  1.9548782e-01  1.1704809e-01 -1.4662281e-02 -1.6023348e-01
 -2.9312517e-01 -3.8591680e-01 -3.9509868e-01 -3.4116557e-01 -2.6733994e-01
 -1.9514500e-01 -1.6793292e-01 -2.0832947e-01 -2.8033911e-01 -3.2221810e-01
 -2.8338738e-01 -1.7715186e-01 -6.0856110e-02  2.1358288e-02  5.4331511e-02
  5.5026406e-02  1.6791439e-02 -6.1132215e-02 -1.4990271e-01 -2.6442138e-01
 -4.0414157e-01 -5.2045770e-01 -6.0172334e-01 -6.3846938e-01 -6.1046048e-01
 -5.6000185e-01 -4.9235616e-01 -3.9492264e-01 -3.3902529e-01 -3.3515241e-01
 -3.4274067e-01 -3.6806263e-01 -3.7003613e-01 -3.1639025e-01 -2.4018345e-01
 -1.5201520e-01 -5.2907440e-02  9.0351154e-02  3.0048179e-01  4.9596034e-01
  6.1374965e-01  6.7034189e-01  6.6164180e-01  5.9713703e-01  5.5595293e-01
  5.7447420e-01  6.3138145e-01  6.9039192e-01  6.7981099e-01  5.9340313e-01
  4.9563606e-01  4.0984898e-01  3.5760215e-01  3.4473270e-01  3.2130084e-01
  2.6116928e-01  1.7829149e-01  9.8452701e-02  5.0354860e-02  1.8685259e-02
 -9.2506254e-03 -1.0737515e-02  8.5957565e-03  4.2015195e-02  8.4421384e-02
  9.3755212e-02  7.1615862e-02  7.8609284e-02  1.1214676e-01  1.1153525e-01
  7.2025387e-02  5.5132957e-02  6.7781896e-02  8.0255721e-02  1.0755119e-01
  1.1750208e-01  7.3645882e-02  6.3532845e-04 -6.0909849e-02 -7.6338367e-02
 -7.2696192e-02 -9.2409895e-02 -1.2090244e-01 -1.5549893e-01 -2.1785416e-01
 -2.7271380e-01 -2.9696099e-01 -3.0804225e-01 -3.1100713e-01 -3.2094876e-01
 -3.2107848e-01 -3.0315019e-01 -3.0616140e-01 -3.1784490e-01 -3.2808302e-01
 -3.4073010e-01 -3.0636524e-01 -2.1619568e-01 -1.3036227e-01 -8.2626702e-02
 -5.0676364e-02 -2.3756138e-02  9.0474382e-03  5.5831557e-02  1.0525340e-01
  1.7787455e-01  2.4658575e-01  2.6923006e-01  2.7864357e-01  2.8470305e-01
  2.8374873e-01  2.9336607e-01  3.0091726e-01  2.9189289e-01  2.7630872e-01
  2.7814324e-01  3.2434912e-01  4.2673029e-01  5.5212638e-01  6.5306217e-01
  7.1009914e-01  6.8766793e-01  5.8701936e-01  4.5840823e-01  3.2634115e-01
  1.9718336e-01  8.5100528e-02  1.9297693e-02  9.3078847e-03  3.7856944e-02
  8.0435467e-02  1.0991383e-01  9.3727416e-02  2.5493375e-02 -7.4383397e-02
 -1.7770777e-01 -2.5504494e-01 -3.1286945e-01 -3.7108311e-01 -4.4075790e-01
 -5.1072918e-01 -5.5388678e-01 -5.5694432e-01 -5.2109701e-01 -4.6263319e-01
 -4.0273325e-01 -3.5830631e-01 -3.4087835e-01 -3.4085982e-01 -3.1519503e-01
 -2.5914018e-01 -2.0422496e-01 -1.3339201e-01 -5.2560919e-02 -1.5880663e-03
  1.1843788e-02 -3.4592792e-03 -2.6847957e-02 -3.2471973e-02 -2.6593162e-03
  5.2206059e-02  1.1550079e-01  1.8781618e-01  2.5556379e-01  3.1083109e-01
  3.6014083e-01  3.9590475e-01  4.0647642e-01  3.8058927e-01  3.0839433e-01
  2.0049106e-01  8.7528027e-02  5.7128695e-03 -1.7982952e-02  5.8997498e-03
  3.0353007e-02  2.7824516e-02  1.2663764e-02  7.6659872e-04 -1.6706198e-03
  1.9606226e-02  6.7486334e-02  1.2328361e-01  1.6814602e-01  1.7236172e-01
  1.1956824e-01  5.3430001e-02  3.6996201e-02  7.9542296e-02  1.3312332e-01
  1.4592792e-01  1.0278884e-01  2.7490040e-02 -3.5685166e-02 -3.8673214e-02
  2.1632540e-02  8.8274808e-02  1.0775503e-01  6.9278236e-02 -6.1383304e-04
 -5.9510794e-02 -6.6045585e-02 -2.1250811e-02  2.8034837e-02  5.9966645e-02
  6.6796072e-02  4.6634856e-02  3.2714723e-02  4.0298342e-02  6.0787547e-02
  8.8928009e-02  1.0325211e-01  8.7775410e-02  4.6954508e-02 -3.5430372e-03
 -4.5614750e-02 -7.0527194e-02 -6.5959418e-02 -2.1362920e-02  3.9713703e-02
  7.9758177e-02  9.9027147e-02  1.0333550e-01  8.0969147e-02  4.4646530e-02
  9.7220421e-03 -2.6258686e-02 -6.0095432e-02 -8.4873529e-02 -9.9935143e-02
 -1.0934865e-01 -1.1604744e-01 -1.0904290e-01 -8.7110164e-02 -6.8951172e-02
 -6.7755026e-02 -9.1928102e-02 -1.3333642e-01 -1.7283424e-01 -2.0576299e-01
 -2.2418234e-01 -2.1541740e-01 -1.9383860e-01 -1.6994348e-01 -1.3978505e-01
 -1.1978134e-01 -1.0287223e-01 -7.3691281e-02 -3.8811267e-02  8.5247846e-03
  5.7371444e-02  9.5515612e-02  1.3443899e-01  1.6065969e-01  1.6330955e-01
  1.5677754e-01  1.3874734e-01  1.1141481e-01  9.0562402e-02  7.4281479e-02
  5.4137867e-02  2.3610674e-02 -1.2395997e-02 -3.9400537e-02 -4.8762161e-02
 -3.7788381e-02 -2.2433058e-02 -1.9861021e-02 -1.3835820e-02  6.4677106e-03
  2.3722783e-02  3.6983230e-02  4.9344019e-02  4.9309738e-02  3.9937923e-02
  3.1693690e-02  2.5215417e-02  1.4915223e-02 -1.2585935e-03 -1.9906421e-02
 -4.2937089e-02 -7.2656351e-02 -9.8276661e-02 -1.1032150e-01 -1.0416010e-01
 -7.9204114e-02 -5.9155934e-02 -5.8578708e-02 -7.2098582e-02 -1.0011118e-01
 -1.2353377e-01 -1.2494209e-01 -1.2284814e-01 -1.3207635e-01 -1.5087557e-01
 -1.7606782e-01 -1.9054943e-01 -1.8431391e-01 -1.6441212e-01 -1.3411470e-01
 -1.0648569e-01 -9.0932086e-02 -7.8500880e-02 -6.9760956e-02 -6.3469842e-02
 -5.0643009e-02 -3.7426110e-02 -2.8224775e-02 -1.8189567e-02 -8.3442046e-03
 -1.2227370e-03  1.5128324e-03 -4.2894469e-03 -2.4698416e-02 -5.8676920e-02
 -9.3532845e-02 -1.1778931e-01 -1.2452516e-01 -1.1181321e-01 -8.8515705e-02
 -6.1881775e-02 -3.6649680e-02 -1.8046882e-02 -2.2288520e-03  1.3139998e-02
  2.6066895e-02  3.9177245e-02  5.4126749e-02  6.6293894e-02  7.2100435e-02
  7.1037710e-02  6.3420736e-02  5.7188919e-02  5.9218938e-02  6.8383211e-02
  7.9932364e-02  8.7154637e-02  8.5331233e-02  7.0728250e-02  4.5897341e-02
  2.0932086e-02  4.3213194e-03  7.1998518e-04  8.1979061e-03  1.7893079e-02
  2.1060873e-02  1.6731215e-02  1.4375058e-02  2.4259242e-02  4.1189660e-02
  5.0230705e-02  4.8898360e-02  4.4307421e-02  4.0798666e-02  4.4594645e-02
  5.6930418e-02  6.7790234e-02  7.1943852e-02  7.1158158e-02  6.7895858e-02
  6.7478922e-02  6.7585472e-02  6.2263504e-02  5.1309182e-02  3.2123599e-02
  5.5226536e-03 -2.1906791e-02 -4.5475771e-02 -5.8682479e-02 -5.8135829e-02
 -5.0329843e-02 -4.0829241e-02 -3.2594274e-02 -2.9448717e-02 -2.9138330e-02
 -2.6997128e-02 -2.1752988e-02 -1.1368480e-02  3.2574817e-03  1.5418327e-02
  2.1811359e-02  2.2868526e-02  1.9230983e-02  1.2301492e-02  3.1008061e-03
 -6.3464282e-03 -1.1988326e-02 -1.0390994e-02 -2.3381822e-03  8.7437228e-03
  1.8045029e-02  2.1934587e-02  2.1323080e-02  1.6909108e-02  9.6859075e-03
  2.5938108e-03 -2.2399704e-03 -3.0621699e-03  2.9680348e-04  5.3087186e-03
  1.0353007e-02  1.4856852e-02  1.6062263e-02  1.3131659e-02  9.2958399e-03
  7.2774947e-03  7.8690818e-03  1.0163069e-02  1.2138423e-02  1.2795330e-02
  1.2109701e-02  1.0623552e-02  8.8921523e-03  6.4207357e-03  2.5537849e-03
 -3.4991198e-03 -1.1825257e-02 -2.0566108e-02 -2.7997776e-02 -3.2997313e-02
 -3.4694710e-02 -3.2862967e-02 -2.8142314e-02 -2.2887056e-02 -1.8870564e-02
 -1.6005744e-02 -1.2490503e-02 -7.0416010e-03 -1.1583434e-03  3.8609284e-03
  7.3977578e-03  9.5182062e-03  1.2223663e-02  1.7188919e-02  2.3096451e-02
  2.7451126e-02  2.9167053e-02  2.7579913e-02  2.2686000e-02  1.5182989e-02
  6.9857315e-03  5.1849347e-04 -4.2764755e-03 -8.6248494e-03 -1.3270638e-02
 -1.8171037e-02 -2.2256092e-02 -2.4364866e-02 -2.4930047e-02 -2.5363662e-02
 -2.5293246e-02 -2.3974798e-02 -2.1871583e-02 -1.9360697e-02 -1.6742333e-02
 -1.4292597e-02 -1.1649217e-02 -8.2450662e-03 -4.9928657e-03 -2.3644029e-03
  1.9263411e-04  1.8023719e-03  2.4712314e-03  2.6297600e-03  2.1057167e-03
  1.8828871e-03  2.2707310e-03  1.9464468e-03  1.5790790e-04 -3.1257296e-03
 -7.8495321e-03 -1.2726767e-02 -1.6582044e-02 -2.0106551e-02 -2.3592143e-02
 -2.6062263e-02 -2.6986936e-02 -2.6235523e-02 -2.3536551e-02 -1.9148522e-02
 -1.3968313e-02 -8.7754100e-03 -4.1020106e-03 -3.4068378e-04  2.9345872e-03
  6.6417122e-03  1.0476235e-02  1.4050774e-02  1.8078384e-02  2.2738812e-02
  2.6997128e-02  3.0164922e-02  3.2153247e-02  3.1722413e-02  2.8927082e-02
  2.5800056e-02  2.3246549e-02  2.1348096e-02  1.9505235e-02  1.6784953e-02
  1.3264153e-02  9.1014546e-03  4.6669137e-03  1.2169925e-03 -7.5932549e-04
 -1.8924303e-03 -2.2757343e-03 -2.1567683e-03 -2.3150190e-03 -2.6325396e-03
 -2.3121468e-03 -4.6659872e-04  2.7560456e-03  5.9020662e-03  8.1472251e-03
  9.3690355e-03  9.6090058e-03  9.1668674e-03  8.3545817e-03  7.5056055e-03
  7.0926526e-03  7.5585101e-03  8.7463171e-03  9.8721393e-03  1.0394700e-02
  1.0611507e-02  1.0800519e-02  1.0182526e-02  8.4392662e-03  5.9959233e-03
  3.1379598e-03  2.1174836e-04 -2.4404707e-03 -4.0828315e-03 -4.5973316e-03
 -4.5552673e-03 -3.9535810e-03 -2.8911331e-03 -2.1974428e-03 -2.5939961e-03
 -3.9732234e-03 -5.1772445e-03 -4.9161494e-03 -3.3207635e-03 -1.0719911e-03
  1.6254054e-03  4.2350598e-03  6.2009636e-03  7.9911053e-03  9.7646623e-03
  1.0974706e-02  1.1890114e-02  1.2725841e-02  1.3004725e-02  1.2443250e-02
  1.1258223e-02  9.9499676e-03  8.7191698e-03  7.8509219e-03  7.3093672e-03
  6.7707774e-03  6.1169276e-03  4.9707218e-03  3.7504864e-03  2.8964143e-03
  2.1005281e-03  1.3410544e-03  6.3372556e-04 -1.2428426e-04 -7.8349856e-04
 -1.0767164e-03 -1.2726767e-03 -1.5034745e-03 -1.4885574e-03 -1.3981284e-03
 -1.3038080e-03 -9.5589734e-04 -4.6582044e-04  1.4884647e-04  1.3982211e-03
  2.8635227e-03  3.4671546e-03  3.5266376e-03  3.6524599e-03  4.0303901e-03
  4.9180024e-03  6.3021403e-03  8.0451218e-03  9.8480497e-03  1.1285092e-02
  1.2206059e-02  1.2615584e-02  1.2159733e-02  1.0635597e-02  8.1340684e-03
  4.6870194e-03  9.9833225e-04 -2.0504957e-03 -4.0469749e-03 -4.9395905e-03
 -5.0994163e-03 -4.9886964e-03 -4.7028630e-03 -4.0685630e-03 -3.4844807e-03
 -3.6126193e-03 -4.5151487e-03 -5.4054480e-03 -5.2107848e-03 -4.1125730e-03
 -2.9557120e-03 -2.0721764e-03 -1.4889280e-03 -8.6250347e-04  1.1795608e-05
  9.1158158e-04  1.5573057e-03  1.7646623e-03  1.5615677e-03  1.1816918e-03
  8.7390902e-04  7.5991847e-04  8.4967108e-04  7.9194849e-04  2.8814046e-04
 -4.3325303e-04 -1.0407672e-03 -1.2917632e-03 -1.4072084e-03 -2.0158436e-03
 -3.0995089e-03 -4.1068285e-03 -4.9173538e-03 -5.6970259e-03 -6.3013064e-03
 -6.5955712e-03 -6.4500139e-03 -5.6384694e-03 -4.5022700e-03 -3.6520893e-03
 -3.3132586e-03 -3.4108218e-03 -3.5020847e-03 -3.3124247e-03 -2.9510794e-03
 -2.3482813e-03 -1.5965904e-03 -9.9823960e-04 -6.5128324e-04 -5.7109237e-04
 -7.7176874e-04 -1.2840730e-03 -2.1127583e-03 -3.0506810e-03 -3.9916613e-03
 -5.0353007e-03 -5.9992588e-03 -6.5338645e-03 -6.5725933e-03 -6.3084407e-03
 -5.9545076e-03 -5.6239229e-03 -5.3045492e-03 -4.9249514e-03 -4.4791068e-03
 -4.0315019e-03 -3.8233114e-03 -4.0262207e-03 -4.4038729e-03 -4.5349764e-03
 -4.1106273e-03 -3.3815436e-03 -2.8665802e-03 -2.7204670e-03 -2.7303808e-03
 -2.7150005e-03 -2.5290466e-03 -1.9258779e-03 -8.9270824e-04  5.9710924e-04
  2.4665061e-03  4.3350320e-03  5.9895303e-03  7.2399704e-03  8.0050959e-03
  8.5964977e-03  9.3671824e-03  1.0186232e-02  1.0667099e-02  1.0586491e-02
  1.0051885e-02  9.2745298e-03  8.3937737e-03  7.6168813e-03  6.9107755e-03
  6.0297415e-03  4.9104975e-03  3.5121838e-03  2.0056518e-03  7.0867229e-04
 -1.7040675e-04 -4.2330214e-04 -2.2203280e-04  1.8011674e-05  2.9199481e-04
  5.6224405e-04  6.4774391e-04  5.9153155e-04  4.8375799e-04  4.1936440e-04
  5.1337904e-04  7.3744093e-04  1.0283517e-03  1.3272491e-03  1.6055777e-03
  1.7690170e-03  1.7542852e-03  1.5372000e-03  1.1156305e-03  4.8108033e-04
 -3.1477810e-04 -1.0036135e-03 -1.5813027e-03 -2.3062170e-03 -3.0971926e-03
 -3.8289632e-03 -4.5343278e-03 -5.2379320e-03 -5.9122579e-03 -6.5802835e-03
 -7.2051330e-03 -7.7200037e-03 -8.1084036e-03 -8.4320393e-03 -8.6771982e-03
 -8.7952377e-03 -8.8165478e-03 -8.6133605e-03 -8.0288150e-03 -7.1704809e-03
 -6.1208190e-03 -4.9724822e-03 -3.8699157e-03 -2.8275734e-03 -1.8434170e-03
 -9.3977578e-04 -1.0043547e-04  6.1983693e-04  1.1901232e-03  1.5401649e-03
  1.5817660e-03  1.2976929e-03  8.0714352e-04  1.7118503e-04 -6.4572408e-04
 -1.5583248e-03 -2.5487816e-03 -3.6704345e-03 -4.7458538e-03 -5.5157046e-03
 -5.9009543e-03 -5.9996294e-03 -5.9016955e-03 -5.6452330e-03 -5.2177337e-03
 -4.6019642e-03 -3.8853887e-03 -3.2645233e-03 -2.8129343e-03 -2.5094042e-03
 -2.3267859e-03 -2.1860465e-03 -1.9500602e-03 -1.5983508e-03 -1.2976929e-03
 -1.2410822e-03 -1.3756138e-03 -1.6377282e-03 -2.1660335e-03 -2.8948392e-03
 -3.5657371e-03 -4.1472251e-03 -4.6879459e-03 -5.1754841e-03 -5.6526452e-03
 -6.2120819e-03 -6.9476513e-03 -7.7346428e-03 -8.2738812e-03 -8.6715464e-03
 -9.0946910e-03 -9.5395164e-03 -1.0014824e-02 -1.0418790e-02 -1.0553136e-02
 -1.0421570e-02 -1.0116742e-02 -9.6052997e-03 -8.9217085e-03 -8.2184749e-03
 -7.5934402e-03 -7.0754193e-03 -6.6607060e-03 -6.3365144e-03 -5.9929584e-03
 -5.5326601e-03 -5.0251089e-03 -4.5819513e-03 -4.2408969e-03 -3.9735940e-03
 -3.6888724e-03 -3.2636894e-03 -2.5671268e-03 -1.6388400e-03 -5.3971092e-04
  6.6582970e-04  1.8322987e-03  2.9179098e-03  3.9411656e-03  4.9214306e-03
  5.9696099e-03  7.0442880e-03  7.9498749e-03  8.5966830e-03  8.9916613e-03
  9.1782637e-03  9.3180765e-03  9.4653942e-03  9.5978875e-03  9.7025850e-03
  9.8202539e-03  9.9851756e-03  1.0142685e-02  1.0274252e-02  1.0397480e-02
  1.0543871e-02  1.0785694e-02  1.1098860e-02  1.1457426e-02  1.1916983e-02
  1.2488650e-02  1.3129806e-02  1.3750579e-02  1.4247197e-02  1.4609469e-02
  1.4750301e-02  1.4621514e-02  1.4148985e-02  1.3325303e-02  1.2359863e-02
  1.1283239e-02  1.0176967e-02  9.1071991e-03  7.9178171e-03  6.5194107e-03
  4.9620124e-03  3.3876587e-03  1.8390624e-03  3.1113685e-04 -1.2116186e-03
 -2.6937830e-03 -4.0504030e-03 -5.1527842e-03 -5.8926156e-03 -6.2461781e-03
 -6.2709163e-03 -6.0531826e-03 -5.6483832e-03 -5.0749560e-03 -4.3745946e-03
 -3.6381914e-03 -3.0452145e-03 -2.7061985e-03 -2.5867692e-03 -2.6040026e-03
 -2.7258408e-03 -3.0209395e-03 -3.6083573e-03 -4.3720004e-03 -5.1405541e-03
 -5.8366534e-03 -6.4043361e-03 -6.8457333e-03 -7.2030946e-03 -7.5019920e-03
 -7.7561382e-03 -7.8990086e-03 -7.8411007e-03 -7.5630501e-03 -7.0445659e-03
 -6.3179839e-03 -5.4699342e-03 -4.4670620e-03 -3.3734828e-03 -2.3322524e-03
 -1.2456222e-03 -1.5684240e-06  1.2609098e-03  2.4353748e-03  3.4547392e-03
  4.2854628e-03  4.9229130e-03  5.3644029e-03  5.6600574e-03  5.8584268e-03
  5.9484851e-03  5.9197628e-03  5.7704067e-03  5.5334013e-03  5.2206986e-03
  4.8461966e-03  4.3702400e-03  3.7539146e-03  3.1012693e-03  2.5598999e-03
  2.2551654e-03  2.2158807e-03  2.3686649e-03  2.7200964e-03  3.2602613e-03
  3.9394978e-03  4.6905402e-03  5.4011860e-03  5.9181877e-03  6.1557491e-03
  6.1129436e-03  5.8315575e-03  5.3893264e-03  4.8473084e-03  4.1545446e-03
  3.2967664e-03  2.2798110e-03  1.0980265e-03 -7.5018067e-05 -1.0818123e-03
 -1.9974057e-03 -2.9319930e-03 -3.8809414e-03 -4.7651255e-03 -5.6033540e-03
 -6.3612527e-03 -6.8874270e-03 -7.1653850e-03 -7.3116835e-03 -7.3980358e-03
 -7.4224034e-03 -7.3333642e-03 -7.0815343e-03 -6.5887149e-03 -5.8572223e-03
 -5.1145187e-03 -4.5728713e-03 -4.2011489e-03 -3.9391272e-03 -3.6986009e-03
 -3.3523580e-03 -2.8830724e-03 -2.3892338e-03 -1.9947188e-03 -1.7775410e-03
 -1.7328824e-03 -1.7831002e-03 -1.8141388e-03 -1.7783749e-03 -1.6671917e-03
 -1.4802187e-03 -1.2471046e-03 -1.1069212e-03 -1.0925600e-03 -1.0671732e-03
 -9.9638655e-04 -8.9952747e-04 -7.9738720e-04 -7.8618549e-04 -8.7810618e-04
 -1.0416010e-03 -1.1914204e-03 -1.2475679e-03 -1.2027240e-03 -1.0627258e-03
 -8.6426387e-04 -6.5074585e-04 -4.4006300e-04 -2.7050866e-04 -1.1652923e-04
  7.0631891e-05  3.1791902e-04  6.1226721e-04  8.2931530e-04  9.3282683e-04
  1.0088020e-03  1.1062726e-03  1.3899750e-03  1.9322709e-03  2.5735199e-03
  3.0701381e-03  3.2889836e-03  3.3190957e-03  3.2495136e-03  3.0479014e-03
  2.7331604e-03  2.4100806e-03  2.0643936e-03  1.5649032e-03  8.7599370e-04
  7.3822848e-05 -6.8373946e-04 -1.2829612e-03 -1.7087927e-03 -1.9987029e-03
 -2.2250533e-03 -2.4703975e-03 -2.7425183e-03 -3.0116742e-03 -3.2067081e-03
 -3.1974428e-03 -3.0312239e-03 -2.8573149e-03 -2.6747892e-03 -2.4896692e-03
 -2.2858334e-03 -2.0329843e-03 -1.7324192e-03 -1.4147132e-03 -1.0725470e-03
 -7.5011582e-04 -5.5302511e-04 -4.4934680e-04 -3.9552488e-04 -3.2238488e-04
 -1.8394330e-04 -8.5490596e-05 -4.7963495e-05 -1.0241823e-04 -2.1423145e-04
 -3.2867599e-04 -4.1248031e-04 -3.7723525e-04 -2.0005559e-04  5.3428148e-05
  2.6810896e-04  4.2128231e-04  5.9265265e-04  8.1311961e-04  1.1054387e-03
  1.4678032e-03  1.8425832e-03  2.1878996e-03  2.4678959e-03  2.7075883e-03
  2.9609932e-03  3.1683499e-03  3.3367924e-03  3.5014361e-03  3.6068748e-03
  3.6170666e-03  3.6166960e-03  3.6147503e-03  3.5675901e-03  3.5972390e-03
  3.7692023e-03  4.0136199e-03  4.2133790e-03  4.3665339e-03  4.4429723e-03
  4.3799685e-03  4.3685722e-03  4.4393588e-03  4.4914296e-03  4.4777170e-03
  4.3528213e-03  4.1906791e-03  3.9950894e-03  3.6475493e-03  3.1759474e-03
  2.6509775e-03  2.0733809e-03  1.4653942e-03  8.5926990e-04  2.7023071e-04
 -2.0767164e-04 -5.2673029e-04 -7.6015936e-04 -8.9217085e-04 -8.9098490e-04
 -8.0270546e-04 -6.4641898e-04 -4.3684796e-04 -1.7560456e-04  1.2889836e-04
  4.6839618e-04  7.9753544e-04  1.0701381e-03  1.2946354e-03  1.4823497e-03
  1.6448624e-03  1.7756879e-03  1.8106180e-03  1.7127768e-03  1.4842954e-03
  1.1806727e-03  8.5903827e-04  5.3217826e-04  1.9372742e-04 -1.9451496e-04
 -6.1652923e-04 -9.6293894e-04 -1.2567405e-03 -1.4411192e-03 -1.4653016e-03
 -1.4572408e-03 -1.3970166e-03 -1.2375614e-03 -1.0286297e-03 -7.7780043e-04
 -5.0243676e-04 -2.2242194e-04  7.7831002e-05  3.9911980e-04  6.5153340e-04
  7.6557954e-04  7.8876123e-04  8.2896322e-04  8.7365885e-04  8.7843973e-04
  8.5724080e-04  8.1401835e-04  7.2637821e-04  5.7582692e-04  3.3334569e-04
  5.7588252e-05 -1.3228945e-04 -2.5616603e-04 -3.5411841e-04 -4.2576670e-04
 -4.1328639e-04 -2.5845455e-04 -9.5710183e-05  6.4336144e-05  2.8939127e-04
  4.6793292e-04  5.5354396e-04  5.8568517e-04  5.8766793e-04  6.1168350e-04
  5.6065969e-04  4.1285092e-04  2.2950987e-04  4.6058556e-06 -2.5265450e-04
 -5.3060317e-04 -8.2020754e-04 -1.0898731e-03 -1.2963958e-03 -1.4099880e-03
 -1.4325952e-03 -1.4427870e-03 -1.4964329e-03 -1.4494580e-03 -1.2610025e-03
 -1.0093579e-03 -6.9315297e-04 -3.2776800e-04  4.7565088e-05  4.2034652e-04
  7.8349856e-04  1.1453720e-03  1.4727138e-03  1.7103678e-03  1.8253498e-03
  1.8146021e-03  1.7061058e-03  1.5528583e-03  1.3074215e-03  9.9861021e-04
  7.1674233e-04  3.7881034e-04 -2.4231446e-06 -3.7833781e-04 -7.6265172e-04
 -1.1100713e-03 -1.4256463e-03 -1.6529232e-03 -1.7258408e-03 -1.6710831e-03
 -1.5056055e-03 -1.2174558e-03 -8.5448902e-04 -4.4379691e-04 -9.6025202e-06
  4.0978412e-04  8.3277124e-04  1.2552580e-03  1.6762717e-03  2.1033077e-03
  2.4602057e-03  2.6733994e-03  2.7424256e-03  2.6745113e-03  2.4890207e-03
  2.1930881e-03  1.7936626e-03  1.3630131e-03  9.2949134e-04  5.0606875e-04
  1.2048550e-04 -2.0630965e-04 -4.6437506e-04 -6.3956268e-04 -7.3403132e-04
 -7.3953488e-04 -6.5489669e-04 -4.9608079e-04 -2.4633559e-04  7.1344390e-05
  3.3111276e-04  5.5995553e-04  8.4408413e-04  1.0906143e-03  1.2578523e-03
  1.3828407e-03  1.4246271e-03  1.3741314e-03  1.2519225e-03  1.0708793e-03
  8.2969517e-04  5.2487724e-04  1.6597795e-04 -2.1489855e-04 -5.8689892e-04
 -9.3291948e-04 -1.2459001e-03 -1.5001390e-03 -1.6837765e-03 -1.7926434e-03
 -1.8423052e-03 -1.8450848e-03 -1.7930140e-03 -1.6734921e-03 -1.5066247e-03
 -1.3143704e-03 -1.1117391e-03 -9.0706013e-04 -7.1478736e-04 -5.5514685e-04
 -4.5782452e-04 -4.3511535e-04 -4.8744557e-04 -6.0794960e-04 -7.9284722e-04
 -1.0308533e-03 -1.3105717e-03 -1.5958492e-03 -1.8689892e-03 -2.1318447e-03
 -2.3633837e-03 -2.5382192e-03 -2.6364310e-03 -2.6476420e-03 -2.5801909e-03
 -2.4250903e-03 -2.1945706e-03 -1.9032706e-03 -1.5674975e-03 -1.2115260e-03
 -8.6040952e-04 -5.3006578e-04 -2.3894191e-04  1.7056425e-07  1.7293616e-04
  2.7644770e-04  3.0933939e-04  2.7638284e-04  1.8348003e-04  2.5282127e-05
 -1.8419346e-04 -3.9754470e-04 -6.0147318e-04 -7.7611415e-04 -9.1142407e-04
 -1.0022237e-03 -1.0334476e-03 -9.9601594e-04 -8.8888168e-04 -7.1066432e-04
 -4.6811822e-04 -1.6806263e-04  1.7622533e-04  5.5084777e-04  9.3393866e-04
  1.3048272e-03  1.6427314e-03  1.9344019e-03  2.1568609e-03  2.2827759e-03
  2.2904660e-03  2.1858612e-03  1.9864727e-03  1.7118503e-03  1.3629204e-03
  9.4422311e-04  4.7235245e-04 -2.2603539e-05 -5.1560271e-04 -9.8239600e-04
 -1.4036876e-03 -1.7578060e-03 -2.0305754e-03 -2.2099509e-03 -2.2931530e-03
 -2.2795330e-03 -2.1764106e-03 -1.9931437e-03 -1.7465950e-03 -1.4532567e-03
 -1.1348096e-03 -8.1061799e-04 -5.0313166e-04 -2.3020476e-04 -1.0731029e-05
  1.4281479e-04  2.1824331e-04  2.1093301e-04  1.1744649e-04 -5.7757806e-05
 -3.0882053e-04 -6.2232002e-04 -9.8452701e-04 -1.3751506e-03 -1.7755026e-03
 -2.1626980e-03 -2.5172797e-03 -2.8184935e-03 -3.0518855e-03 -3.2032799e-03
 -3.2663764e-03 -3.2369128e-03 -3.1188733e-03 -2.9177245e-03 -2.6464375e-03
 -2.3173353e-03 -1.9485778e-03 -1.5558232e-03 -1.1585287e-03 -7.7126841e-04
 -4.1056240e-04 -8.7126841e-05  1.8766793e-04  4.0866302e-04  5.7030483e-04
  6.7318632e-04  7.1740943e-04  7.0886686e-04  6.5240434e-04  5.5798203e-04
  4.3393866e-04  2.9287501e-04  1.4494580e-04  3.5832484e-06 -1.2134717e-04
 -2.1801167e-04 -2.7922728e-04 -2.9731307e-04 -2.7005467e-04 -1.9543222e-04
 -7.7964421e-05  7.7765218e-05  2.6160474e-04  4.6312425e-04  6.6832206e-04
  8.6492171e-04  1.0383582e-03  1.1782637e-03  1.2740665e-03  1.3208561e-03
  1.3145557e-03  1.2578523e-03  1.1538960e-03  1.0117669e-03  8.3988696e-04
  6.5083851e-04  4.5473918e-04  2.6366163e-04  8.5424812e-05 -7.1477810e-05
 -2.0391921e-04 -3.0899657e-04 -3.8895580e-04 -4.4557584e-04 -4.8530529e-04
 -5.1280460e-04 -5.3600482e-04 -5.5977949e-04 -5.9114241e-04 -6.3312332e-04
 -6.9000278e-04 -7.6161401e-04 -8.4928194e-04 -9.4987492e-04 -1.0620773e-03
 -1.1812286e-03 -1.3046419e-03 -1.4267581e-03 -1.5452608e-03 -1.6549615e-03
 -1.7540999e-03 -1.8383211e-03 -1.9066061e-03 -1.9553414e-03 -1.9841564e-03
 -1.9902715e-03 -1.9740573e-03 -1.9337534e-03 -1.8711202e-03 -1.7856944e-03
 -1.6809969e-03 -1.5590661e-03 -1.4257389e-03 -1.2848142e-03 -1.1438896e-03
 -1.0081534e-03 -8.8552766e-04 -7.8046882e-04 -6.9920319e-04 -6.4349115e-04
 -6.1577875e-04 -6.1360141e-04 -6.3474474e-04 -6.7220421e-04 -7.1979987e-04
 -7.6747892e-04 -8.0728250e-04 -8.2898175e-04 -8.2618364e-04 -7.9186510e-04
 -7.2420087e-04 -6.2176411e-04 -4.8877976e-04 -3.2976929e-04 -1.5420180e-04
  2.9305105e-05  2.0891318e-04  3.7561382e-04  5.1896600e-04  6.3316038e-04
  7.1235060e-04  7.5635134e-04  7.6524599e-04  7.4440841e-04  6.9876772e-04
  6.3725563e-04  5.6686741e-04  4.9701658e-04  4.3366071e-04  3.8372093e-04
  3.4985639e-04  3.3504123e-04  3.3778375e-04  3.5745391e-04  3.8944686e-04
  4.3072362e-04  4.7540999e-04  5.2032799e-04  5.6014083e-04  5.9283795e-04
  6.1496340e-04  6.2629482e-04  6.2520152e-04  6.1311961e-04  5.8948392e-04
  5.5633281e-04  5.1337904e-04  4.6254054e-04  4.0327064e-04  3.3730195e-04
  2.6393959e-04  1.8520337e-04  1.0095432e-04  1.4079496e-05 -7.4241638e-05
 -1.5986287e-04 -2.4047068e-04 -3.1106273e-04 -3.6908181e-04 -4.1000649e-04
 -4.3264153e-04 -4.3452238e-04 -4.1713147e-04 -3.8108033e-04 -3.3097378e-04
 -2.7038821e-04 -2.0627258e-04 -1.4354674e-04 -8.9336607e-05 -4.7635504e-05
 -2.3408691e-05 -1.7538219e-05 -3.1197999e-05 -6.1151672e-05 -1.0465116e-04
 -1.5503567e-04 -2.0687483e-04 -2.5223756e-04 -2.8571296e-04 -3.0052812e-04
 -2.9387566e-04 -2.6256833e-04 -2.0770870e-04 -1.3053831e-04 -3.6151209e-05
  7.0848698e-05  1.8276661e-04  2.9394978e-04  3.9656259e-04  4.8623182e-04
  5.5740758e-04  6.0857963e-04  6.3780228e-04  6.4687297e-04  6.3699620e-04
  6.1242472e-04  5.7605856e-04  5.3306773e-04  4.8615769e-04  4.3982211e-04
  3.9570092e-04  3.5676828e-04  3.2329288e-04  2.9731307e-04  2.7831928e-04
  2.6788659e-04  2.6572779e-04  2.7375151e-04  2.9190216e-04  3.2215325e-04
  3.6417122e-04  4.1944779e-04  4.8643565e-04  5.6496803e-04  6.5181136e-04
  7.4486241e-04  8.3904382e-04  9.3106643e-04  1.0150097e-03  1.0875567e-03
  1.1437969e-03  1.1817845e-03  1.1989252e-03  1.1961456e-03  1.1737237e-03
  1.1353655e-03  1.0842213e-03  1.0258501e-03  9.6469934e-04  9.0675438e-04
  8.5547114e-04  8.1551932e-04  7.8849254e-04  7.7615121e-04  7.7716112e-04
  7.9088298e-04  8.1374965e-04  8.4340776e-04  8.7520615e-04  9.0690262e-04
  9.3449458e-04  9.5682387e-04  9.7137033e-04  9.7878254e-04  9.7804132e-04
  9.7081442e-04  9.5663856e-04  9.3745946e-04  9.1268415e-04  8.8335958e-04
  8.4817011e-04  8.0739368e-04  7.5905680e-04  7.0307607e-04  6.3753359e-04
  5.6279070e-04  4.7775410e-04  3.8389697e-04  2.8128417e-04  1.7272306e-04
  5.9435745e-05 -5.5026406e-05 -1.6901696e-04 -2.7871769e-04 -3.8275734e-04
 -4.7797647e-04 -5.6374502e-04 -6.3784861e-04 -7.0082461e-04 -7.5154267e-04
 -7.9112388e-04 -8.1930881e-04 -8.3737608e-04 -8.4517743e-04 -8.4402854e-04
 -8.3345687e-04 -8.1444455e-04 -7.8617623e-04 -7.4970814e-04 -7.0435467e-04
 -6.5149634e-04 -5.9108682e-04 -5.2544242e-04 -4.5544334e-04 -3.8435097e-04
 -3.1386084e-04 -2.4769758e-04 -1.8768646e-04 -1.3717224e-04 -9.7174094e-05
 -6.9721116e-05 -5.4174002e-05 -5.0682850e-05 -5.6703419e-05 -7.0644862e-05
 -8.8438803e-05 -1.0744927e-04 -1.2321875e-04 -1.3326230e-04 -1.3407764e-04
 -1.2459001e-04 -1.0311313e-04 -7.0664319e-05 -2.7758733e-05  2.2433058e-05
  7.7937552e-05  1.3468915e-04  1.9028074e-04  2.4081349e-04  2.8499027e-04
  3.2032799e-04  3.4688224e-04  3.6388400e-04  3.7304735e-04  3.7454832e-04
  3.7063838e-04  3.6149356e-04  3.4894839e-04  3.3262300e-04  3.1335125e-04
  2.8997498e-04  2.6307792e-04  2.3147410e-04  1.9609006e-04  1.5686093e-04
  1.1614009e-04  7.4955990e-05  3.6799778e-05  3.6035393e-06 -2.1128509e-05
 -3.6177152e-05 -3.9715556e-05 -3.2652645e-05 -1.5684240e-05  7.3641249e-06
  3.3117762e-05  5.5773186e-05  7.0992310e-05  7.3055684e-05  5.8837209e-05
  2.5141295e-05 -2.7789308e-05 -9.9240248e-05 -1.8501807e-04 -2.8066339e-04
 -3.7895858e-04 -4.7380710e-04 -5.5753729e-04 -6.2498842e-04 -6.7079589e-04
 -6.9292134e-04 -6.8990086e-04 -6.6370796e-04 -6.1651070e-04 -5.5346984e-04
 -4.7891226e-04 -3.9898082e-04 -3.1819698e-04 -2.4181414e-04 -1.7285277e-04
 -1.1477810e-04 -6.8744557e-05 -3.6622811e-05 -1.8403595e-05 -1.5389604e-05
 -2.7058279e-05 -5.4549245e-05 -9.7331604e-05 -1.5608265e-04 -2.2948207e-04
 -3.1664042e-04 -4.1444455e-04 -5.1961456e-04 -6.2614658e-04 -7.2824053e-04
 -8.1784490e-04 -8.8810340e-04 -9.3078847e-04 -9.4005374e-04 -9.1046048e-04
 -8.4026684e-04 -7.2849995e-04 -5.7888446e-04 -3.9625683e-04 -1.8944686e-04
  3.2397850e-05  2.5758362e-04  4.7540999e-04  6.7430742e-04  8.4548318e-04
