Scaled from
PEER NGA STRONG MOTION DATABASE RECORD
ACCELERATION TIME SERIES IN UNITS OF G
NPTS= 2999.000000, DT= 0.020000, Scalar= 1.000000
  4.9610226e-04  9.3525737e-04  7.8421988e-04  8.3898888e-04  8.0813654e-04
  8.2239482e-04  8.0211796e-04  8.1646223e-04  7.9733177e-04  8.1054396e-04
  7.9426516e-04  8.0548550e-04  7.9157113e-04  8.0148745e-04  7.8959360e-04
  7.9919466e-04  7.8979422e-04  8.0062765e-04  7.9427949e-04  8.0719076e-04
  8.0512725e-04  8.2154935e-04  8.2484524e-04  8.4654075e-04  8.5658604e-04
  8.8461538e-04  9.0152470e-04  9.3497077e-04  9.5749742e-04  9.9654649e-04
  1.0260518e-03  1.0729680e-03  1.1120744e-03  1.1689356e-03  1.2199501e-03
  1.2917718e-03  1.3655709e-03  1.4705377e-03  1.5889029e-03  1.7443827e-03
  1.9090336e-03  2.0915969e-03  2.2515190e-03  2.3913791e-03  2.4754958e-03
  2.5203485e-03  2.5126103e-03  2.4919752e-03  2.4640319e-03  2.4779319e-03
  2.5356815e-03  2.6659406e-03  2.8381864e-03  3.0443941e-03  3.2256678e-03
  3.3659578e-03  3.4258569e-03  3.4294394e-03  3.3900321e-03  3.3676774e-03
  3.3691104e-03  3.4168291e-03  3.4717127e-03  3.5145592e-03  3.4851828e-03
  3.3759888e-03  3.1657687e-03  2.8965092e-03  2.5889889e-03  2.3046830e-03
  2.0592113e-03  1.8898315e-03  1.7826436e-03  1.7493981e-03  1.7578528e-03
  1.8055715e-03  1.8455520e-03  1.8584489e-03  1.7839333e-03  1.6026596e-03
  1.2759802e-03  8.2669380e-04  2.6862891e-04 -3.3041958e-04 -9.3591654e-04
 -1.4927491e-03 -2.0059039e-03 -2.4683308e-03 -2.9198670e-03 -3.3589361e-03
 -3.7998682e-03 -4.1982403e-03 -4.5309813e-03 -4.7446406e-03 -4.8446635e-03
 -4.8379285e-03 -4.7988077e-03 -4.7870572e-03 -4.8873667e-03 -5.1272498e-03
 -5.5322137e-03 -6.0310386e-03 -6.5728534e-03 -7.0821392e-03 -7.5263671e-03
 -7.8714318e-03 -8.1491459e-03 -8.3729795e-03 -8.5907945e-03 -8.7978620e-03
 -9.0006305e-03 -9.1520979e-03 -9.2393672e-03 -9.2284764e-03 -9.1498051e-03
 -9.0267110e-03 -8.9339963e-03 -8.9073427e-03 -8.9900264e-03 -9.1644216e-03
 -9.4177748e-03 -9.6844549e-03 -9.9598762e-03 -1.0228849e-02 -1.0533217e-02
 -1.0908231e-02 -1.1412501e-02 -1.2029262e-02 -1.2726843e-02 -1.3390892e-02
 -1.3922389e-02 -1.4210421e-02 -1.4240227e-02 -1.4049496e-02 -1.3803164e-02
 -1.3646538e-02 -1.3739109e-02 -1.4147369e-02 -1.4855841e-02 -1.5688410e-02
 -1.6525278e-02 -1.7217414e-02 -1.7509744e-02 -1.7420899e-02 -1.7150063e-02
 -1.6642783e-02 -1.6158432e-02 -1.5858936e-02 -1.5770091e-02 -1.5871833e-02
 -1.6033761e-02 -1.6162731e-02 -1.6222916e-02 -1.6086782e-02 -1.5897627e-02
 -1.5681245e-02 -1.5482059e-02 -1.5361687e-02 -1.5264244e-02 -1.5100883e-02
 -1.4895965e-02 -1.4521953e-02 -1.3965236e-02 -1.3591941e-02 -1.3431016e-02
 -1.3271810e-02 -1.3673048e-02 -1.3869368e-02 -1.2855096e-02 -1.1597644e-02
 -1.0373725e-02 -9.8012438e-03 -1.0178551e-02 -9.1624155e-03 -8.6178780e-03
 -1.0016193e-02 -1.0242319e-02 -8.5601284e-03 -7.8440617e-03 -9.5778402e-03
 -1.1239396e-02 -1.0208357e-02 -9.1993867e-03 -1.1339705e-02 -1.2247936e-02
 -9.9276338e-03 -9.7350396e-03 -1.1212599e-02 -1.0208357e-02 -7.9501032e-03
 -5.4647197e-03 -5.2961997e-03 -8.6271925e-03 -8.6140089e-03 -6.0330448e-03
 -6.7491115e-03 -6.6016565e-03 -4.9944113e-03 -3.7689155e-03 -1.7559899e-03
 -2.0355669e-03 -2.4309297e-03 -9.6361630e-05 -1.2794194e-03 -4.1581165e-03
 -2.6657973e-03 -9.4366904e-04 -2.0367133e-04  5.9783045e-04 -1.5963545e-03
 -3.2812679e-03  1.4875903e-03  6.8497077e-03  6.6803279e-03  4.4974493e-03
  6.7915281e-03  1.1266193e-02  9.2323455e-03  7.6821334e-03  1.2495988e-02
  1.4715408e-02  9.9303565e-03  5.1362777e-03  7.0645134e-03  1.1518973e-02
  1.2176430e-02  8.5327582e-03  8.7752207e-03  1.4261722e-02  1.5711338e-02
  1.3820503e-02  1.4682449e-02  1.7094176e-02  1.7022527e-02  1.7213115e-02
  1.6863464e-02  1.4834346e-02  1.7986931e-02  2.3505388e-02  2.5279434e-02
  2.5478620e-02  2.1854580e-02  1.8163189e-02  2.4259142e-02  2.9890806e-02
  3.3672475e-02  3.6274791e-02  2.6526138e-02  2.1380259e-02  3.1329531e-02
  3.4972200e-02  3.5235871e-02  3.6075605e-02  3.3112175e-02  3.5003726e-02
  3.6731916e-02  3.8349765e-02  4.5314112e-02  4.2846498e-02  3.4629715e-02
  4.1886392e-02  4.9707669e-02  4.7490829e-02  5.0149031e-02  5.1067580e-02
  4.9133039e-02  5.2265562e-02  4.6986415e-02  4.3323685e-02  5.2467614e-02
  5.8198154e-02  6.1327812e-02  5.6667718e-02  4.7066663e-02  5.0643414e-02
  6.1045512e-02  6.2896939e-02  5.5365127e-02  4.8986874e-02  5.0386908e-02
  5.5412415e-02  5.7256678e-02  5.6726470e-02  5.7101914e-02  5.4217299e-02
  5.0090279e-02  4.5673793e-02  4.3350911e-02  5.1345581e-02  5.0750888e-02
  3.8844148e-02  3.7894073e-02  4.3836696e-02  4.2992663e-02  3.7028545e-02
  3.5582655e-02  4.3694830e-02  4.7010776e-02  3.2537544e-02  1.1167316e-02
  1.5638255e-02  4.7861974e-02  5.4750373e-02  3.0551416e-02  2.0053307e-02
  2.9468073e-02  3.0797891e-02  2.4676144e-02  3.6584317e-02  4.3393901e-02
  2.9330506e-02  1.6566835e-02 -4.9782185e-03 -4.8992606e-03  9.7214261e-03
  2.5534506e-03  1.5235584e-02  2.5213516e-02  8.2286771e-03  5.4018113e-03
 -6.1789235e-03 -2.2158374e-02 -8.1234954e-03  1.9030150e-02  3.2662215e-02
  1.1600797e-02 -1.5016336e-02 -3.8616302e-03  3.0134415e-02  2.0910237e-02
 -6.2620371e-03  1.2859538e-02  2.8027915e-02  1.4229623e-02  8.6624441e-03
  1.6993867e-02  3.3645248e-02  2.2950820e-02  4.7926459e-04  1.0271552e-02
  1.6853433e-02  1.3664737e-02  1.4450304e-02  1.1677892e-02  6.0208644e-03
 -3.4280064e-03 -8.0714777e-03 -1.8524304e-03  5.1679468e-03 -2.2288777e-03
 -9.1958042e-03 -7.6359911e-03 -1.7092743e-02 -3.1279376e-02 -3.4798808e-02
 -1.8631778e-02 -7.6050384e-03 -1.9974493e-02 -2.9347701e-02 -4.8164336e-02
 -6.3227961e-02 -4.7968016e-02 -5.9760117e-02 -7.9634300e-02 -5.4228763e-02
 -4.3239138e-02 -6.8511407e-02 -1.0036541e-01 -8.4406168e-02 -3.7858248e-02
 -4.0977875e-02 -6.6905021e-02 -8.8206466e-02 -8.6115729e-02 -5.3846154e-02
 -6.4996274e-02 -9.2319156e-02 -7.1214032e-02 -7.7510604e-02 -1.2369741e-01
 -1.4673851e-01 -1.4335664e-01 -1.2206810e-01 -1.2121833e-01 -1.5950648e-01
 -1.7410868e-01 -1.5570905e-01 -1.5804482e-01 -1.6604093e-01 -1.5718503e-01
 -1.5970710e-01 -1.2667374e-01 -7.5392640e-02 -7.9125588e-02 -8.4860426e-02
 -6.9174882e-02 -6.0049582e-02 -5.4902270e-02 -6.6843402e-02 -9.6692652e-02
 -8.6455348e-02 -7.2582540e-02 -1.1805142e-01 -1.4990542e-01 -1.1890691e-01
 -8.8162043e-02 -1.2188754e-01 -1.5563740e-01 -1.6591196e-01 -1.5992205e-01
 -1.1498481e-01 -1.3040382e-01 -1.5770091e-01 -8.8212198e-02 -2.5835435e-02
 -3.6892411e-03  1.7895220e-03  1.2839333e-02  7.8880546e-02  9.0238450e-02
  5.2741316e-02  3.9606500e-02  1.7175857e-02 -7.4272039e-03 -4.8129944e-02
 -6.0522469e-02 -3.8950189e-02 -7.1679755e-02 -1.0957526e-01 -1.0051731e-01
 -1.0410409e-01 -9.8481027e-02 -7.9127021e-02 -1.4365757e-01 -2.2022240e-01
 -2.3372120e-01 -2.5780981e-01 -2.9240227e-01 -3.3474722e-01 -4.0007738e-01
 -3.9488995e-01 -4.0467729e-01 -5.1933108e-01 -5.7279606e-01 -5.4926631e-01
 -6.0082540e-01 -6.9432821e-01 -7.1656827e-01 -7.1367362e-01 -6.9560358e-01
 -5.9153961e-01 -4.3140261e-01 -2.5707899e-01 -8.4669838e-02  7.6427261e-02
  2.0765505e-01  2.7544996e-01  3.3328557e-01  4.9302132e-01  7.5048722e-01
  9.4938668e-01  9.7596870e-01  9.4914307e-01  1.0000000e+00  9.6347300e-01
  8.1763728e-01  7.8378998e-01  7.7857389e-01  6.6608392e-01  5.9957870e-01
  6.2626103e-01  6.1839390e-01  5.6177634e-01  5.0500115e-01  4.2135733e-01
  2.2469334e-01  4.5334174e-02  6.5254213e-02  1.5734266e-01  2.3326264e-01
  3.0269116e-01  3.0187436e-01  3.3307062e-01  5.3374699e-01  6.9262295e-01
  6.5636822e-01  6.0402098e-01  5.7186461e-01  4.6686920e-01  2.9476671e-01
  1.4317465e-02 -2.0551989e-01 -1.2244211e-01  5.9439126e-03 -4.8287573e-02
 -1.0921988e-01 -1.9723719e-01 -3.5096870e-01 -3.3149433e-01 -1.8495644e-01
 -5.9773014e-02  3.5684398e-02  4.2852230e-02  6.4018973e-02  8.0971283e-02
  5.5092858e-02  1.0462284e-01  1.3780093e-01  1.4175312e-01  1.8836696e-01
  2.0155050e-01  1.9432821e-01  2.7099335e-01  2.9270320e-01  1.3953342e-01
  9.7367591e-02  1.5444801e-01 -1.2062077e-02 -1.7592858e-01 -1.6145535e-01
 -1.2068096e-01 -8.1103118e-02 -1.1373094e-01 -2.2549582e-01 -2.6044652e-01
 -2.7937636e-01 -3.5710191e-01 -3.1081623e-01 -1.8848160e-01 -8.1332397e-02
 -4.9408174e-02 -7.6197982e-02 -1.6042359e-01 -2.6839963e-01 -2.4975639e-01
 -3.7669093e-01 -5.9527972e-01 -4.7602602e-01 -2.3433738e-01 -1.6102545e-01
 -1.4104952e-01 -2.1701250e-01 -3.8388456e-01 -3.9090622e-01 -3.6511235e-01
 -4.8022469e-01 -4.9009802e-01 -3.5555428e-01 -1.7481084e-01  5.3116760e-02
  2.4409607e-01  3.7442680e-01  3.6217471e-01  1.9977359e-01  1.3233549e-02
 -2.4660381e-01 -3.9490428e-01 -2.7801502e-01 -1.5724235e-01 -6.8456953e-02
  1.9253697e-03 -6.0490943e-03 -5.4715981e-03  3.2232317e-03  2.0933165e-02
  9.6850281e-02  1.7840766e-01  1.5417574e-01  1.0572624e-01  1.8393901e-01
  2.2409148e-01  1.3788261e-01  1.3018887e-01  1.9447151e-01  1.6146968e-01
  3.3188123e-02 -1.2077983e-01 -2.5372578e-01 -3.6266193e-01 -4.1684340e-01
 -3.7700619e-01 -3.9218159e-01 -4.6868910e-01 -3.8686518e-01 -1.8164622e-01
 -5.5271982e-02  2.1532156e-02  1.1963487e-01  2.2688582e-01  2.5960105e-01
  2.4585865e-01  2.7007624e-01  2.3360656e-01  1.9230769e-01  2.5666342e-01
  2.1608105e-01 -9.4326780e-02 -3.1424109e-01 -3.1855440e-01 -3.1402614e-01
 -1.4815717e-01  4.0056460e-02  7.1997879e-02  1.3940731e-01  1.6350453e-01
  9.4589018e-02  1.7968302e-01  4.4323914e-01  5.1666571e-01  3.0372292e-01
  2.0560587e-01  2.5954373e-01  2.1411785e-01  1.3318096e-01  2.1502064e-01
  4.4040181e-01  5.5340766e-01  4.9971340e-01  4.0833142e-01  3.1971512e-01
  1.2005044e-01 -5.5833715e-02  1.1145965e-02  7.0189442e-02 -9.6447610e-02
 -2.9928064e-01 -4.3466984e-01 -5.8595093e-01 -6.3836983e-01 -5.0577496e-01
 -4.6423249e-01 -4.6271352e-01 -1.8809469e-01  1.1268342e-01  1.6807578e-01
  1.6969506e-01  2.3880832e-01  1.8733521e-01  1.4533417e-01  2.3548378e-01
  2.2172704e-01  1.9412759e-01  2.9333372e-01  2.7620945e-01  1.0346641e-01
  2.7454717e-04 -2.5444228e-02 -8.1074458e-04  6.6384845e-02  1.2060788e-01
  1.3743265e-01  7.0007452e-02 -3.1550212e-02 -8.9660954e-02 -6.6892124e-02
 -1.0503554e-02 -2.6079044e-02 -1.1461940e-01 -2.7224006e-01 -3.7290783e-01
 -2.7264129e-01 -4.7175570e-02 -6.7827869e-03 -1.5179697e-01 -1.8336581e-01
 -1.1085349e-01 -7.3598533e-02 -1.1766164e-01 -6.1657400e-02  1.0580935e-01
  1.7743322e-01  1.7567064e-01  1.6691505e-01  1.2850653e-01  2.3900894e-02
 -1.0949358e-01 -1.6786083e-01 -1.4450304e-01 -1.4656655e-01 -2.1694085e-01
 -3.2728133e-01 -3.8209332e-01 -2.7749914e-01 -1.4993408e-01 -1.3581623e-01
 -2.0093431e-01 -2.6745386e-01 -2.3359223e-01 -1.8759314e-01 -2.5799610e-01
 -3.7031411e-01 -4.4480110e-01 -4.7172704e-01 -4.7816118e-01 -4.9978505e-01
 -4.8985441e-01 -3.6858019e-01 -1.6472257e-01  4.2506878e-03  1.2875588e-01
  2.4194658e-01  2.9867878e-01  2.3918090e-01  1.6720165e-01  1.6836238e-01
  1.4870171e-01  1.4113550e-01  9.4045913e-02 -2.6584891e-02 -3.4721426e-02
  5.6179067e-02  6.9705090e-02  2.2386220e-02  6.8590221e-03 -4.2478219e-02
 -6.0542531e-02  3.2871432e-02  7.0905938e-02 -6.6737361e-02 -2.2209962e-01
 -2.1792961e-01 -1.7632982e-01 -1.6588330e-01 -1.4605067e-01 -1.0236587e-01
  5.6672017e-02  2.6497478e-01  3.6670297e-01  3.9969047e-01  4.3246303e-01
  3.5756047e-01  2.5140433e-01  2.9963889e-01  2.9245959e-01  2.1923364e-01
  2.4468360e-01  2.2589705e-01  2.2152642e-01  3.9726871e-01  4.9998567e-01
  2.7867419e-01  9.4315316e-03 -7.0467442e-02 -4.7199931e-02 -5.5376591e-02
 -1.2021094e-01 -1.4272756e-01 -6.0912243e-02  6.4483263e-02  1.2644159e-01
  1.3319815e-01  4.9438267e-02 -1.0108478e-01 -1.2140319e-01 -5.1180786e-03
  1.4554912e-01  2.7566491e-01  2.4307864e-01  8.8067465e-02 -3.2316863e-02
 -8.4119569e-02 -2.1718445e-02  4.2279032e-02 -8.5823398e-03 -4.3895449e-02
 -4.4673564e-02 -4.6881807e-02 -1.1152127e-02  2.1139516e-02  3.1604666e-02
 -1.5737132e-02 -7.9330506e-02 -7.5828270e-02 -7.6646509e-02 -1.2240198e-01
 -1.3507108e-01 -7.6662272e-02  7.0463143e-03  1.0555142e-01  1.8825232e-01
  1.8942738e-01  1.4405881e-01  1.2187751e-01  1.3104866e-01  1.4031297e-01
  1.4269747e-01  1.0859653e-01  4.6000516e-02  6.5801616e-02  1.7217414e-01
  2.5306661e-01  2.3363522e-01  8.8266651e-02 -6.4235355e-02 -1.1424109e-01
 -1.5383182e-01 -2.0791299e-01 -2.1295712e-01 -1.4276625e-01 -4.5901639e-02
 -2.6854293e-02 -4.2888055e-02 -3.3130804e-02 -3.0985613e-02  1.3266795e-02
  7.0385762e-02  5.2378769e-02  5.0702167e-02  9.0112347e-02  7.6278230e-02
  5.3095265e-02  3.3504815e-02 -7.9896538e-03 -1.7157228e-02 -1.4633727e-02
 -1.2747191e-03 -3.0855210e-03 -2.7473346e-02 -1.0107474e-02 -2.7321449e-02
 -4.3141694e-02 -6.4180901e-03  1.1199989e-02  6.7886622e-02  9.4298120e-02
 -1.2741889e-02 -1.6659979e-01 -2.5257939e-01 -2.3118480e-01 -1.9523100e-01
 -2.1408919e-01 -2.5915683e-01 -2.3367821e-01 -1.1193253e-01 -1.1947581e-02
  5.6279376e-02  1.0947352e-01  1.1765734e-01  1.3873811e-01  1.7087011e-01
  1.5103749e-01  7.4677577e-02  2.5554568e-03 -4.1955176e-02 -7.4220452e-02
 -8.5526768e-02 -1.1235813e-01 -1.2361286e-01 -1.0900636e-01 -1.5919122e-01
 -2.3959647e-01 -2.2573942e-01 -1.0598561e-01 -1.3194858e-02 -4.5895907e-02
 -1.2856672e-01 -1.3003984e-01  7.6305457e-04  1.8072911e-01  1.9735183e-01
  6.0526768e-02  1.7271867e-02  9.0552276e-02  1.5390347e-01  1.5550843e-01
  3.6399461e-02 -1.1369655e-01 -1.2126705e-01 -4.1870629e-02  7.9810558e-02
  1.7506878e-01  1.0139717e-01  4.7060931e-02  9.4944400e-02  7.5649146e-02
 -4.3863923e-03 -8.5935171e-02 -1.8343746e-01 -2.3340594e-01 -1.3370257e-01
 -2.1814456e-03  6.4070561e-03 -6.3504528e-02 -5.7586266e-02  3.2884329e-02
  7.3177233e-02  5.2549295e-03 -1.3038232e-01 -1.5997936e-01 -3.9420211e-02
  2.3935286e-02 -9.9939814e-03 -3.2415740e-02 -4.6814456e-03  5.2553594e-02
  1.2877450e-01  2.0038977e-01  1.7588559e-01  3.8299610e-02 -3.1101685e-02
 -2.3833544e-02 -1.1632323e-01 -1.5115213e-01 -6.8883985e-02 -2.2065230e-02
  2.9694486e-02  5.0414135e-02 -4.2680271e-02 -5.0275135e-02  1.1335693e-01
  2.6508942e-01  3.4879055e-01  2.9463774e-01  1.7961137e-01  1.5707039e-01
  2.8646968e-02 -1.5877565e-01 -1.1946721e-01 -2.7158088e-02 -7.1992147e-02
 -1.3475582e-01 -1.3167345e-01 -5.5628797e-02 -1.4956150e-03 -2.0369999e-02
 -1.7059784e-02  2.8598246e-02  9.4629141e-02  1.5413275e-01  8.7204803e-02
 -2.9558351e-02 -1.1322366e-02  3.7624670e-02  3.3726929e-02  2.0222401e-02
  3.2302534e-02  5.9966468e-02  5.8542073e-02  4.5458844e-02  1.2450418e-02
 -2.0871546e-02 -2.6321220e-02  1.1628310e-02  7.3886564e-02  1.1670154e-01
  1.4178035e-01  9.9969907e-02  4.2486816e-03 -5.5769231e-02 -7.9384959e-02
 -8.7230597e-02 -1.0330305e-01 -1.3180385e-01 -1.4994841e-01 -1.3538060e-01
 -9.4435687e-02 -8.4894818e-02 -6.7933910e-02  5.1422962e-03  6.1375100e-02
  9.1416371e-02  1.0435487e-01  5.6230655e-02  9.9985670e-03  1.4145363e-02
  2.0248194e-02  2.0374298e-02  1.8808036e-02 -1.6658546e-02 -6.4778459e-02
 -1.0186862e-01 -1.4324774e-01 -1.0967270e-01 -1.5472028e-02  1.2381205e-02
 -1.1622292e-02 -1.6942279e-02  2.7794337e-03 -1.0377450e-02 -5.3338874e-02
 -3.5466583e-02  3.0958386e-02  7.1742806e-02  4.2405136e-02 -1.9587585e-02
 -3.4900550e-02 -1.4225324e-02  2.4757824e-02  2.3925255e-02 -3.3046257e-02
 -4.0191161e-02 -1.7432363e-02 -2.3929554e-02 -3.7942795e-02 -2.7368738e-02
  2.8742978e-02  7.3577038e-02  9.5112060e-02  1.1048521e-01  8.3198154e-02
  3.1901295e-02 -4.7999541e-03 -2.5626218e-02 -3.1818182e-02 -3.6938267e-02
 -4.6797260e-02 -1.7128568e-02  4.1323226e-03 -3.7221999e-02 -5.1246704e-02
 -1.5669781e-02  9.0750029e-03  9.2423765e-03 -2.6994727e-02 -7.3796286e-02
 -6.8484180e-02 -4.8078356e-02 -5.8832970e-02 -9.0519317e-02 -1.0373295e-01
 -4.2248940e-02 -5.1950304e-03 -4.0304368e-02 -5.5793592e-02 -6.7165826e-02
 -5.2229737e-02  2.2353261e-02  8.7280752e-02  1.1185945e-01  1.1192537e-01
  8.6410925e-02  3.6721885e-02  9.5203772e-04 -6.5629657e-03  2.1208300e-02
  7.1171042e-02  8.3096412e-02  6.6072452e-02  5.4608506e-02  4.2800642e-02
  1.1876648e-02 -5.6319500e-02 -1.3150579e-01 -1.2838760e-01 -7.6931675e-02
 -6.0161355e-02 -2.3880832e-02  2.1530723e-02  3.6420956e-02  6.2488536e-02
  7.1294279e-02  4.4431388e-02  3.5373438e-02  5.1179353e-02  4.3535768e-02
  1.6820475e-03 -2.6848561e-02 -1.9080305e-02 -4.4404161e-03  1.1122750e-02
  3.1621862e-02  1.7856529e-02  3.3552104e-03  1.1372091e-02 -1.7582827e-02
 -5.4174309e-02 -5.1637911e-02 -2.7340078e-02 -8.5571191e-03  8.0110054e-03
  2.0905938e-02  9.6848848e-03 -1.1095667e-03  1.7264703e-02  5.2587986e-02
  8.3279835e-02  6.1674596e-02 -2.6637911e-02 -7.0169380e-02 -2.3155738e-02
  1.5224120e-02  4.1413505e-03 -1.3618021e-02 -7.1383125e-03  2.2208529e-02
  4.8157171e-02  5.5279147e-02  2.5478620e-02 -2.3082655e-02 -1.7718961e-02
  3.7156082e-02  4.8184398e-02 -1.4570675e-02 -7.3131377e-02 -6.7122836e-02
 -3.1514387e-02 -3.8375559e-02 -5.8051989e-02 -5.2393099e-02 -5.9196951e-02
 -7.8336008e-02 -9.9095781e-02 -1.2855812e-01 -1.3439327e-01 -6.1118595e-02
  6.5345925e-02  1.4956150e-01  1.5308667e-01  1.2916428e-01  1.2228734e-01
  1.2484954e-01  1.2625530e-01  1.0998366e-01  6.6192824e-02  1.3118910e-02
 -8.0859509e-03 -4.4179181e-03 -1.4842944e-02 -1.5271409e-02 -1.1662559e-02
 -1.7816405e-02 -2.9842084e-02 -6.1231801e-02 -8.2437235e-02 -9.4378368e-02
 -9.3246303e-02 -4.3478448e-02  2.3058294e-03 -6.0588387e-03 -1.7281898e-02
  3.6783503e-04  1.7604322e-02 -2.9622836e-03 -5.4892239e-02 -7.0791299e-02
 -3.5244469e-02  2.6364210e-03  1.3572309e-02  1.0347501e-02  3.0084260e-02
  3.3188123e-02 -3.7745042e-03 -2.1066434e-02 -2.1940559e-02  1.3283561e-04
  4.9486988e-02  6.5762926e-02  4.1937980e-02  1.8734954e-02  8.6628740e-03
 -1.0229995e-02 -2.4518514e-02 -3.3391608e-03  1.2929325e-02  3.0498395e-04
 -9.4610512e-03  9.7777427e-04  2.9253124e-02  3.1421243e-02  2.0887309e-02
  3.4598189e-02  2.3374986e-02 -5.5720509e-03 -2.8748710e-02 -3.4702797e-02
 -1.3443339e-02 -4.1780351e-02 -7.9827754e-02 -4.0089419e-02 -2.5363980e-02
 -5.2566491e-02 -3.3767053e-02 -1.1216755e-03 -5.3065173e-03 -6.8352344e-03
  3.1457068e-02  5.9291528e-02  5.6303737e-02  6.2815259e-02  7.3556976e-02
  6.4284077e-02  5.6302304e-02  6.0694429e-02  3.7762238e-02 -6.1121461e-03
 -4.8515419e-03  1.5656884e-02 -5.5074229e-03 -2.2596870e-02 -1.2474923e-02
 -1.1989854e-02  1.4805686e-03  1.7923879e-02  1.6764588e-02  2.1732775e-02
  5.7200791e-03 -1.8882552e-02 -1.5523616e-02 -2.7854523e-02 -5.7150636e-02
 -5.3270091e-02 -3.8953055e-02 -3.6545627e-02 -1.9477244e-02  1.9563224e-02
  4.7432076e-02  3.3569300e-02  1.5847472e-02  1.3931130e-02  2.5402671e-03
 -1.2533245e-02 -1.9012954e-02 -1.0843746e-02 -3.0666055e-03 -9.0633956e-03
  6.9571822e-03  3.2369884e-02  2.4565803e-02  1.2520635e-02  9.3047117e-03
  1.3417116e-02  2.4014101e-02  6.5012037e-03 -1.1937407e-02 -8.1939986e-03
 -1.8038519e-02 -1.6744526e-02 -4.6100825e-03 -2.3439470e-02 -3.7462742e-02
 -2.6809870e-02 -1.4335664e-02 -8.8935859e-03 -1.4202109e-02 -1.2677118e-02
 -6.8852459e-03 -1.2742033e-03  1.1603949e-02  1.6869196e-02  1.4303422e-02
  3.6435286e-03  1.7783446e-03  2.6374241e-02  4.3723490e-02  3.6680328e-02
  2.4991402e-02  1.1834518e-02 -1.9971627e-03 -5.3288719e-03  4.7826149e-04
  5.4423650e-03  6.6791815e-03  1.2283475e-02  3.8570446e-02  5.5572911e-02
  3.1978677e-02  1.6240112e-02  1.7822137e-02  5.9685601e-03 -1.6336123e-02
 -3.8106156e-02 -4.4548894e-02 -2.9475238e-02  1.8674768e-03  1.7236043e-02
  5.9235641e-03  1.3335722e-02  2.5157629e-02  9.5460277e-03  1.0091282e-02
  1.8088674e-02 -1.2948670e-03 -1.8174653e-02 -3.1425542e-02 -4.7442107e-02
 -4.6643930e-02 -5.1258168e-02 -6.2017081e-02 -5.3108162e-02 -3.6499771e-02
 -2.3951049e-02 -1.2770406e-02  9.7710077e-03  4.9290668e-02  8.3117907e-02
  8.4570962e-02  6.8343746e-02  7.3393615e-02  9.1671443e-02  9.5291184e-02
  8.8094692e-02  6.5757194e-02  3.6827926e-03 -5.9654075e-02 -7.7668233e-02
 -9.3194715e-02 -1.1586037e-01 -1.1894704e-01 -1.1473117e-01 -9.1677175e-02
 -4.8185831e-02 -1.4263155e-02  2.0622206e-02  5.2192480e-02  5.5333601e-02
  5.3656999e-02  5.0435630e-02  3.1696377e-02  1.4308151e-02  1.5906225e-04
 -9.9969907e-03  2.8470710e-04  1.1556374e-02 -7.7751347e-03 -2.0920268e-02
 -1.1800699e-02 -2.1053537e-02 -2.5040124e-02  3.4860426e-04  1.8381004e-02
  3.7047174e-02  6.5506420e-02  5.9533704e-02  1.9475811e-02 -3.0429611e-03
 -1.1651095e-02 -3.8745271e-02 -7.1138083e-02 -1.0259228e-01 -1.0386478e-01
 -3.5022355e-02  5.3728648e-02  8.2779720e-02  5.9368910e-02  3.6279090e-02
  3.3534908e-02  3.4644044e-02  2.6470251e-02  1.1895420e-02 -1.7694600e-02
 -4.7899232e-02 -5.2093603e-02 -4.4822595e-02 -4.5574917e-02 -4.0798750e-02
 -3.7994383e-02 -3.0773530e-02 -4.5445947e-03 -5.2691161e-03 -1.9627708e-02
 -8.8134816e-03 -8.6837957e-03 -1.0543248e-02  1.0217528e-02  1.5555142e-02
 -3.4004929e-03 -1.1679038e-02  3.3580763e-03  1.5618193e-02  2.2043735e-02
  2.7175284e-02  1.5793018e-02  1.0110340e-02  2.2794623e-02  2.5911384e-02
  2.0775536e-02  3.3441763e-02  3.1280809e-02 -5.4068268e-04 -2.9340537e-03
  7.6821334e-03  3.7339505e-04 -8.6248997e-04  1.0336610e-02  1.5364553e-02
  2.1907601e-03  5.0107474e-04 -2.8573885e-03 -2.3195862e-02 -3.4566663e-02
 -4.3597386e-02 -4.0976442e-02 -2.5809641e-02 -7.9340537e-03  2.9843517e-02
  4.7099622e-02  2.5888456e-02  6.2446979e-03 -1.2416600e-02 -2.7327181e-02
 -1.5815946e-02 -2.8434885e-03 -1.3479308e-02 -2.4190359e-02 -1.5623925e-02
  1.7898086e-02  4.4222171e-02  4.1986702e-02  4.2922446e-02  4.3471283e-02
  1.9712255e-02 -9.7568210e-03 -2.1387424e-02 -1.4542015e-02 -2.7896079e-03
  4.0022068e-04 -1.3903760e-02 -4.4369770e-02 -6.1764874e-02 -6.6314628e-02
 -7.1001949e-02 -5.6720738e-02 -2.5507280e-02  2.7949100e-03  2.5504414e-02
  3.6845122e-02  2.9161412e-02  2.8218503e-02  4.0288605e-02  3.1290840e-02
  1.2799782e-02  1.7224579e-02  2.4115843e-02  1.9659234e-02  1.4848676e-02
 -4.0155336e-03 -3.5777542e-02 -3.8495930e-02 -1.9990256e-02 -3.8250888e-02
 -7.6338416e-02 -7.2174137e-02 -3.0944056e-02 -2.6175054e-03  1.2752207e-03
  1.0945059e-02  4.9640319e-02  1.0487791e-01  1.3117763e-01  1.0867964e-01
  6.2287917e-02  2.2539551e-02  9.3647541e-03  2.4540009e-02  3.4533704e-02
  1.3193855e-02 -8.6694658e-03 -1.5136708e-02 -1.0882581e-02 -1.2308982e-02
 -3.5245902e-02 -3.8696549e-02 -1.1715436e-02  3.4668405e-03 -7.2479365e-03
 -2.6349880e-02 -3.4608220e-02 -2.5308094e-02 -2.2642726e-02 -5.0795311e-02
 -7.6475983e-02 -4.9104379e-02  1.3635790e-02  3.4234208e-02  1.2962857e-02
  1.0912817e-03 -3.3195288e-03  6.7981199e-03  2.7542130e-02  2.9470939e-02
  3.1584604e-02  3.2276740e-02  1.3407658e-02  6.0516737e-03  1.3684082e-02
  1.0971713e-02 -6.1400894e-03 -2.8959360e-02 -4.6702683e-02 -5.0490084e-02
 -3.3295598e-02 -1.9819729e-02 -3.0488364e-02 -3.6582884e-02 -2.4024132e-02
  2.2271581e-03  2.5779548e-02  3.2060358e-02  3.7975754e-02  4.7234323e-02
  4.2463889e-02  2.2528087e-02  1.1060845e-02  2.6953170e-03 -9.1915052e-03
 -7.4668979e-03  1.3710593e-03  6.7205950e-03 -2.9740342e-03 -1.9650636e-02
 -2.2982346e-02 -2.9631434e-02 -3.7323742e-02 -2.3370687e-02 -6.3874241e-03
 -1.0177405e-02 -1.6581165e-02  6.2419752e-04  2.4140204e-02  1.9355440e-02
  5.1656540e-03  1.0970280e-02  1.8951336e-02  1.6616990e-02  6.2498567e-03
 -5.0533073e-03 -9.0307234e-03 -7.2523788e-03 -8.4234208e-04  1.3998624e-02
  3.0870973e-02  3.8371260e-02  3.4039321e-02  2.4253411e-02  1.6518113e-02
  7.2884902e-03 -1.1027456e-02 -4.1713000e-02 -6.2829588e-02 -6.1674596e-02
 -5.9800241e-02 -5.3988020e-02 -2.2829015e-02  6.1686060e-03  6.0126963e-03
  1.4297547e-02  3.0274848e-02  2.5064485e-02  1.8230540e-02  1.2583544e-02
  1.8623180e-03  1.7367878e-03  1.2690445e-02  1.7645879e-02  1.8188983e-02
  3.4816004e-02  4.9600195e-02  3.5144159e-02  1.4470366e-02 -8.8567580e-03
 -3.3884558e-02 -4.1142669e-02 -4.2492548e-02 -3.8020177e-02 -1.7125702e-02
  7.5894188e-03  1.3269947e-02  4.1797547e-03  3.2607761e-03  1.6052390e-02
  2.8664164e-02  2.0034678e-02  7.2092457e-03  1.0808065e-02  8.3570733e-03
 -5.6194830e-03 -2.0807062e-02 -3.0923994e-02 -2.5684971e-02 -8.8712312e-03
  7.7616646e-03  1.7429497e-02  2.4353720e-02  3.0382323e-02  3.7047174e-02
  3.8216497e-02  2.7149490e-02  2.5862662e-02  3.0600138e-02  1.2568784e-02
 -1.0644274e-02 -2.3373553e-02 -2.6501777e-02 -1.6810444e-02 -1.0227129e-02
 -2.1635332e-02 -3.6289121e-02 -2.0804196e-02  4.2092743e-04 -2.0486071e-03
 -4.0970710e-03  2.2767397e-03  1.0901209e-02  1.3941305e-02  9.5223834e-03
  3.1444171e-03 -5.0945776e-03 -1.0475181e-02 -1.3396910e-02 -1.6989568e-02
 -1.1951593e-02  8.6645936e-03  2.6655107e-02  2.3933853e-02  1.0396366e-02
  1.1479422e-03 -2.0385762e-03 -6.9100367e-03 -1.0339763e-02 -1.0863808e-02
 -2.1282816e-02 -2.8015018e-02 -1.6707268e-02 -9.4756678e-03  2.3277542e-03
  1.9278058e-02  2.0937464e-02  1.6139803e-02  1.2396108e-02  1.7334919e-02
  1.2543850e-02 -5.7978906e-03 -1.3633641e-02 -2.0781268e-02 -2.6715293e-02
 -1.3902900e-02 -1.5767225e-03 -5.6070159e-03 -1.0026654e-02 -1.4791356e-02
 -1.7403703e-02 -1.7792044e-02 -3.6687493e-02 -5.2698326e-02 -4.7890634e-02
 -3.7492835e-02 -1.8123065e-02  1.7459590e-02  5.6292273e-02  7.5282300e-02
  8.6061275e-02  9.0102316e-02  7.8409091e-02  6.5321564e-02  4.7930758e-02
  2.3016737e-02  2.5839734e-03 -8.1232088e-03 -9.8329130e-03 -9.0648286e-03
 -2.0738278e-02 -3.6677462e-02 -4.3677634e-02 -3.2978906e-02 -7.4476957e-04
  3.1886965e-02  3.7962857e-02  1.4361458e-02 -7.4730597e-03 -1.7440961e-02
 -2.8123925e-02 -2.9286083e-02 -2.0117792e-02 -1.5893328e-02 -1.2721827e-02
 -6.9047346e-03 -9.4031583e-04  8.2464462e-03  1.1714576e-02  7.3645821e-03
  1.0632093e-02  1.9791070e-02  1.1665568e-02  1.2978047e-03  9.0095151e-03
  7.7079273e-03 -4.3657572e-03 -1.7049754e-02 -3.4484982e-02 -3.0309240e-02
 -1.1134071e-02 -1.3078929e-02 -1.4891666e-02 -2.7662501e-03 -2.5558867e-03
 -3.2556173e-03  2.9813424e-03 -3.0873839e-03 -7.9955291e-03 -3.5511005e-03
  2.4944113e-03  5.9692766e-03  2.9531125e-03 -6.2276453e-03 -1.5321564e-02
 -1.2657199e-02 -3.8692250e-03 -5.8341454e-03 -2.8929267e-02 -4.1823341e-02
 -1.9252264e-02  1.7044022e-03  8.6346440e-03  1.1780064e-02  6.4113550e-03
  4.6529290e-04  6.3369827e-03  2.0033245e-02  2.4522813e-02  2.1183939e-02
  1.6615557e-02  8.2553307e-03  6.7362146e-03  1.2371174e-02  1.9955864e-02
  2.7841626e-02  3.4092342e-02  3.3514846e-02  2.4148802e-02  1.6892124e-02
 -4.3266365e-04 -1.8816634e-02 -9.0212656e-03  5.8931847e-03  6.9236501e-04
 -7.7651037e-03 -1.1498481e-02 -1.6293133e-02 -1.4652356e-02 -1.3975840e-02
 -2.8520864e-02 -4.4054511e-02 -3.6241832e-02 -1.7025393e-02 -1.8022756e-02
 -1.5684111e-02  7.3223088e-03  1.5727101e-02  1.7185888e-02  2.9373495e-02
  3.4632581e-02  3.2182162e-02  2.7196779e-02  2.6100539e-02  2.7162387e-02
  8.1452769e-03 -2.1066434e-02 -3.0870973e-02 -3.0170240e-02 -3.7085865e-02
 -2.9985383e-02 -6.3835550e-03 -2.9647197e-03 -2.2677118e-02 -3.3223948e-02
 -2.1739940e-02 -1.0220968e-02 -1.1780494e-03  8.3231113e-03  4.9458329e-03
  2.3174367e-03  1.5575203e-04 -2.7378769e-04  1.6214318e-02  3.1061561e-02
  3.1697810e-02  2.4143070e-02  1.9626275e-02  1.9318182e-02  9.1261607e-03
  1.9981658e-03  9.9015534e-03  1.0476040e-02  1.4025708e-02  2.8833257e-02
  2.2260117e-02 -2.7916141e-03 -2.3734667e-02 -3.0198899e-02 -2.8959360e-02
 -3.2414307e-02 -2.9324774e-02 -2.3366388e-02 -1.1415511e-02  4.2015362e-03
 -2.8962226e-03 -1.5717070e-02 -2.2252952e-02 -3.1541614e-02 -2.8727215e-02
 -1.0789149e-02  9.2756219e-03  1.8161756e-02  1.1350596e-02  1.0935745e-02
  2.5776682e-02  3.8534621e-02  3.3506248e-02  1.6806145e-02  3.4500745e-03
 -4.1459360e-03 -5.1997593e-03 -4.0824544e-03 -1.9475811e-03  3.1176201e-03
  6.0293190e-03 -4.9452597e-05 -1.0737992e-02 -9.5478906e-03 -5.1635045e-03
 -2.7764244e-03  1.2285194e-02  2.4100080e-02  2.2032271e-02  1.9118996e-02
  1.3289293e-02  1.9401295e-03 -1.6301731e-03  2.5229279e-03 -9.4296687e-04
 -1.1217758e-02 -1.5930586e-02 -1.0921988e-02 -3.0118652e-03  8.2594864e-04
  5.9003497e-05 -6.2197638e-03 -1.1231514e-02 -6.3951622e-03 -2.2142611e-03
  2.5720796e-03  1.4904563e-02  1.8654706e-02  7.8988020e-03 -7.1999312e-03
 -1.1810157e-02 -3.0935458e-03 -8.4810272e-04 -9.9941247e-03 -1.0755617e-02
  1.7538404e-03  9.3838129e-03  1.3115041e-02  1.9369770e-02  1.2608191e-02
  2.2373323e-03  2.0630804e-03 -2.7705491e-03 -1.2862834e-02 -1.9467213e-02
 -2.5828270e-02 -3.0071363e-02 -2.4740628e-02 -1.5893328e-02 -1.3345753e-02
 -1.9527399e-02 -3.0528488e-02 -3.5496675e-02 -3.4185487e-02 -3.5125530e-02
 -3.1981543e-02 -2.4458329e-02 -2.4561504e-02 -1.6649948e-02  9.2036857e-03
  3.1851141e-02  4.2373610e-02  4.7260117e-02  5.0024361e-02  5.5991345e-02
  6.1353605e-02  5.2992090e-02  3.8084661e-02  2.7123696e-02  1.1153703e-02
 -4.6175341e-03 -9.7463602e-03 -2.3678780e-02 -4.9277771e-02 -4.9809412e-02
 -2.3409378e-02 -2.9084031e-03  1.8832397e-03  1.5073656e-03  5.6752264e-03
  1.4844377e-02  2.8664164e-02  3.5665769e-02  2.6058982e-02  2.0292617e-02
  2.5813940e-02  1.8151725e-02 -8.8495930e-03 -2.7183882e-02 -2.9875043e-02
 -4.1397742e-02 -4.1208586e-02 -1.1090794e-02 -1.6344721e-03 -1.1020434e-02
  2.0903072e-03  2.0478906e-02  2.5245042e-02  2.4780752e-02  3.0820819e-02
  2.9701651e-02  2.7169552e-03 -1.7181589e-02 -3.0398086e-03  1.1620142e-02
  9.0748596e-04 -1.3618451e-02 -1.5844606e-02 -1.5846039e-02 -1.1522555e-02
  2.2919294e-03  1.3404792e-03 -1.1748825e-02 -9.2299094e-03 -6.2376763e-03
 -8.7947094e-03  5.4231629e-03  2.4991402e-02  2.8106729e-02  2.4826608e-02
  2.3066892e-02  9.8164336e-03 -1.2166542e-02 -2.4863866e-02 -2.8694257e-02
 -2.8320245e-02 -1.7835034e-02 -2.4059956e-03  7.2813252e-03  9.9676144e-03
  4.0065058e-03  3.1766594e-03  8.7130288e-03  4.8531182e-03 -5.9917746e-03
 -1.0802476e-02  5.1673736e-04  9.2965436e-03  1.4997707e-02  2.5561733e-02
  2.1322939e-02  7.8032214e-03 -8.0740571e-03 -1.9667832e-02 -1.7931044e-02
 -1.3721483e-02 -5.8509114e-03  8.2408575e-03  1.6701536e-02  6.2806661e-03
 -6.8234839e-03 -3.2001605e-03 -7.5637682e-03 -1.9053078e-02 -1.7760518e-02
 -1.7620085e-02 -1.8455520e-02 -9.0801616e-03  5.5465436e-03  1.4905996e-02
  1.4433108e-02  1.3422274e-02  1.1903158e-02  2.8343173e-03 -1.1280809e-03
  7.2836180e-04 -4.9905422e-03 -1.1517540e-02 -8.6479709e-03 -2.6943139e-03
  2.5574630e-03  9.8764760e-03  1.6060988e-02  2.0870113e-02  2.5551702e-02
  2.4946979e-02  1.3297604e-02 -6.3878539e-03 -2.0663762e-02 -2.3390749e-02
 -1.5185429e-02 -1.0110484e-03  8.6777771e-04 -3.9820016e-04  6.5034965e-03
  6.9682162e-03  4.6546486e-03  6.5030666e-03  6.8446922e-03  2.1119454e-03
 -1.8548664e-03 -3.3625186e-03 -1.1919924e-02 -2.1827353e-02 -1.9339677e-02
 -8.6386564e-03 -1.8583056e-03 -3.2286771e-03 -9.5708185e-03 -1.1419093e-02
 -7.5275135e-03 -4.8234552e-03  3.9848676e-03  9.2174424e-03  1.7303393e-03
 -3.2126275e-03  4.6195403e-04  1.1183509e-02  9.5173679e-03 -1.0334317e-02
 -2.0572051e-02 -1.8034220e-02 -1.8091540e-02 -1.3436031e-02  8.2279606e-04
  1.5718503e-03 -9.0808781e-03 -4.8234552e-03  1.6738794e-03  4.3550097e-03
  1.4632294e-02  1.4216726e-02  3.5297489e-03 -6.8600252e-04 -5.9794509e-04
  4.5553422e-03  8.3334289e-03  5.3103863e-03 -4.7338932e-03 -2.1658260e-02
 -2.8310214e-02 -1.9182047e-02 -8.4811705e-03 -9.4632007e-03 -9.5130689e-03
  6.8945604e-03  2.0934598e-02  2.6077611e-02  2.6097673e-02  1.6081050e-02
  8.7722114e-03  2.1320073e-03 -1.0111487e-02 -1.3544652e-02 -1.1358907e-02
 -5.4787630e-03  6.8926975e-03  9.7039436e-03 -9.8095552e-04 -1.2556747e-02
 -1.5176831e-02 -6.6649948e-03  3.6383698e-03  9.7251519e-03  8.6152986e-03
 -1.7578528e-03 -5.9903416e-03  8.0962685e-03  2.8608277e-02  3.7696320e-02
  2.2540984e-02  1.2869569e-03 -3.2010203e-03 -3.5470882e-03 -9.4093202e-04
  1.1469678e-02  1.5692709e-02  6.9110398e-03  5.0577496e-03  7.7395965e-03
  3.8495930e-03  1.0881721e-03 -3.5711624e-03 -9.6721311e-03 -4.1201422e-03
  8.1862605e-05 -5.5790726e-03 -4.5639402e-03  2.6736788e-03  5.6687779e-03
  6.4001777e-03  9.1767454e-03  1.0625502e-02  4.1128339e-03 -5.0577496e-03
 -4.8152872e-03 -6.2762238e-04  4.2243208e-04 -6.6251576e-04 -6.2703485e-03
 -3.9460335e-03  5.4042474e-03  2.3333429e-03 -3.1944285e-03 -3.9529118e-03
  6.8628912e-04  8.0177405e-03  7.1542187e-03  5.6279376e-03  1.3570733e-03
 -1.0131835e-02 -1.6028029e-02 -9.8657285e-03 -4.8475295e-03 -4.4444285e-03
 -3.8245156e-03 -7.6304024e-03 -9.5063338e-03 -1.0639688e-02 -7.1854580e-03
  6.6841970e-03  1.4020263e-02  7.4644618e-03  1.8051416e-03  5.2745615e-03
  9.3868222e-03  1.1143099e-02  8.9762696e-03  1.4387252e-03 -5.6606099e-03
 -8.4532271e-03 -6.9705090e-03 -5.9075146e-03 -7.1470538e-03 -9.7298808e-03
 -7.7132294e-03  2.9075433e-03  8.4867591e-03  4.7794623e-03  4.3570159e-04
 -1.3259773e-03 -3.3967672e-03 -4.6996446e-03 -5.5558581e-04 -3.0403817e-03
 -6.5719936e-03  2.6206580e-03  8.4215580e-03  7.8526596e-03  7.9545455e-03
  3.9610799e-03  2.0501834e-03  3.8259486e-03  2.3695976e-03  2.6905881e-03
  1.1019431e-03 -5.5034105e-03 -6.4221025e-03 -4.4781039e-03 -4.0724235e-03
 -2.6094807e-03 -5.1097673e-03 -9.3733521e-03 -7.3873667e-03 -2.6024590e-03
  3.1004242e-03  7.4736329e-03  5.6223490e-03  3.1892697e-03  8.3960507e-04
 -4.9072853e-03 -6.7859395e-03 -4.0037831e-03 -3.6233234e-03 -4.4452883e-03
 -1.6496618e-03  4.6678322e-03  9.9004070e-03  1.2686289e-02  9.5361401e-03
  1.1960765e-03 -2.4898257e-03 -1.7906683e-03 -3.7290783e-03 -6.9766709e-03
 -6.6214318e-03 -4.7761665e-03 -6.0347644e-03 -5.7738163e-03  1.1561389e-04
  2.0129256e-03 -1.1170755e-03 -1.5962112e-03  4.0469162e-04  1.8465551e-03
  1.4991975e-03  1.0830706e-03  1.6839104e-03  2.5080248e-03 -1.7346383e-04
 -3.1715006e-03 -1.4164565e-03 -6.4748366e-04  1.9002923e-03  6.3430013e-03
  3.7683423e-03 -2.2429210e-03 -5.4038175e-03 -6.1849421e-03 -7.9452310e-03
 -1.0588530e-02 -1.0908374e-02 -9.6330104e-03 -8.5334747e-03 -3.0415281e-03
  4.7063797e-03  4.8797719e-03  8.0635962e-04 -8.2278173e-04  5.6841110e-05
  2.7239768e-03  3.7338072e-03  2.1924797e-03  2.0497535e-03  2.1430414e-03
  2.3953915e-04  9.8299037e-04  3.3123639e-03  2.1397455e-03 -8.8023043e-04
 -1.1368222e-03  9.1092514e-05 -3.0400952e-03 -7.1353032e-03 -6.5165367e-03
 -2.4454030e-03  2.3667316e-03  6.2419752e-03  7.1653961e-03  7.2932191e-03
  9.0318698e-03  8.6234667e-03  5.4548321e-03  3.0051301e-03  2.2588272e-03
  1.8671902e-03  3.1517253e-03  5.5772097e-03  4.6708415e-03  3.8114754e-03
  4.3320819e-03  2.5907085e-03  1.7124269e-03  2.6695231e-03  2.5412702e-03
  2.4909721e-03  3.2399977e-03  1.0905222e-03 -1.4427376e-03 -1.3106443e-03
 -1.4123438e-03 -1.1772469e-03 -2.4165998e-04 -1.4368623e-03 -5.1764015e-03
 -6.9760977e-03 -3.7300814e-03  9.9915453e-05  7.6304024e-05 -4.9102946e-04
  1.0187149e-03  2.7782873e-03  4.7720108e-03  6.4851542e-03  5.8294165e-03
  4.1429267e-03  2.4054224e-03  4.7657056e-04 -2.4102946e-03 -6.5724235e-03
 -8.6048378e-03 -6.1932535e-03 -2.4862433e-03 -2.2452138e-03 -4.2717528e-03
 -6.6081050e-03 -9.0456265e-03 -8.9123581e-03 -5.0646280e-03 -9.0987906e-04
 -5.2685429e-04 -1.3731228e-03 -7.1222630e-04 -7.7149490e-04 -6.9265161e-04
  1.6002235e-03  2.7712656e-03  4.3701995e-04 -1.8422561e-03 -1.9921472e-03
 -2.5844033e-05  3.3539207e-03  5.4548321e-03  4.1082483e-03  5.3795999e-05
 -3.2722401e-03 -4.0707039e-03 -4.3654706e-03 -5.9724292e-03 -8.0299209e-03
 -8.7330907e-03 -7.3041098e-03 -4.3859624e-03 -1.3079502e-03 -1.4034019e-04
 -6.5639688e-04 -1.1215322e-03 -1.1403474e-03  9.7581107e-05  2.1990714e-03
  3.2345523e-03  3.0456838e-03  2.9023845e-03  2.8040812e-03  2.9423650e-03
  4.3313654e-03  6.7481084e-03  7.6286828e-03  5.4115557e-03  3.7567351e-03
  2.8658432e-03  2.5720796e-03  4.8370687e-03  5.4773300e-03  4.6096526e-03
  3.2743895e-03  1.0135848e-03  6.8701995e-04 -1.6717299e-05 -6.0400665e-04
  1.2018514e-03  4.3044251e-04 -1.4381520e-03  1.2540410e-03  4.1561103e-03
  4.1445030e-03  3.6180213e-03  4.0112347e-03  6.1911040e-03  6.0546830e-03
  1.7941075e-04 -5.0578929e-03 -5.1246704e-03 -3.4073713e-03 -2.7516336e-03
 -3.3331423e-03 -3.6137223e-03 -2.3268944e-03  7.8546658e-04  4.5484638e-03
  5.8239711e-03  2.8088100e-03 -1.2369024e-03 -2.9230196e-03 -2.5666342e-03
 -4.4987390e-05  5.5690416e-04 -3.1544480e-03 -4.2693167e-03 -2.2165539e-03
 -1.9862719e-03 -1.1050384e-03  4.9548607e-04 -9.7791757e-04 -1.9828327e-03
 -6.2118824e-05  1.4649490e-03  2.1939126e-03  1.8716325e-03  1.9484409e-04
 -1.2536255e-03 -2.9008082e-03 -4.0138141e-03 -4.2440961e-03 -4.2969735e-03
 -4.8812049e-03 -6.6657113e-03 -6.3398487e-03 -3.9501892e-03 -3.7467041e-03
 -3.9258283e-03 -2.5487218e-03 -2.2943655e-03 -3.3401639e-03 -4.3315087e-03
 -4.9843804e-03 -4.6781497e-03 -3.6787802e-03 -3.0155910e-03 -2.1861745e-03
 -6.2793764e-04  4.7532386e-04 -3.1806718e-04 -1.1210879e-03  6.6390577e-04
  1.9193511e-03  1.0115213e-03  1.5439069e-03  2.2187034e-03  8.7177577e-04
  1.6222916e-03  4.4792503e-03  6.4913161e-03  6.8565860e-03  4.7035137e-03
  2.8874814e-03  3.1535882e-03  4.0980741e-03  4.9227617e-03  4.2019661e-03
  1.8575891e-03  6.9845523e-05  2.6617849e-05  4.4136192e-04 -4.5751175e-05
 -1.5699874e-04  7.4005503e-04  1.4180614e-03  1.9174882e-03  3.4914880e-03
  5.3211338e-03  5.3811762e-03  4.7830448e-03  5.3970824e-03  6.0784707e-03
  5.1213745e-03  3.1934254e-03  1.3943741e-03 -4.1539608e-05 -5.9033589e-04
  3.9751232e-04  1.4357159e-03  1.0158202e-03  8.2199358e-04  1.1526281e-03
  9.7595437e-04  5.2563625e-04 -3.7366732e-04 -1.6207154e-03 -2.2714376e-03
 -1.6068153e-03 -2.0454545e-04  5.8771352e-04  1.1485441e-03  1.9534564e-03
  2.2016508e-03  2.3463831e-03  2.6081910e-03  1.5975009e-03 -4.3813768e-04
 -1.7598590e-03 -2.2909263e-03 -2.7328614e-03 -3.2206523e-03 -3.5837728e-03
 -3.5311819e-03 -3.4075146e-03 -3.3582196e-03 -3.0830849e-03 -2.7844492e-03
 -2.4498452e-03 -2.1426115e-03 -1.9018686e-03 -1.4166714e-03 -1.1543334e-03
 -1.2983205e-03 -1.8839562e-03 -2.6286828e-03 -2.4679010e-03 -1.9910008e-03
 -1.9799668e-03 -1.6966640e-03 -1.1606672e-03 -1.1905738e-03 -1.6217184e-03
 -1.9206408e-03 -2.5743723e-03 -3.5756047e-03 -4.1300298e-03 -4.1427834e-03
 -3.9082025e-03 -3.6022584e-03 -3.2766823e-03 -2.7662501e-03 -2.2000745e-03
 -1.6813310e-03 -7.4743494e-04  1.2572653e-04  3.0055600e-04  1.7996962e-04
  2.5442795e-05 -2.5534506e-05  5.2648172e-07  5.6680614e-04  1.8284994e-03
  2.5762352e-03  2.9297547e-03  3.6227502e-03  4.0708472e-03  4.3412530e-03
  4.5243895e-03  4.2942508e-03  3.8368394e-03  3.1468531e-03  2.3138542e-03
  1.7183022e-03  1.4270033e-03  1.4847243e-03  1.9799668e-03  2.7519202e-03
  3.5843460e-03  4.0970710e-03  4.4078872e-03  4.8741832e-03  4.9531411e-03
  4.8129944e-03  4.7937923e-03  4.2601456e-03  3.5092571e-03  3.0985613e-03
  2.6569128e-03  2.0586381e-03  1.3556689e-03  6.0604150e-04 -1.0365413e-04
 -8.0382323e-04 -1.1767167e-03 -1.1399318e-03 -9.9200390e-04 -8.3311361e-04
 -7.1552218e-04 -6.9556059e-04 -7.3320532e-04 -8.2759658e-04 -9.3541499e-04
 -7.6352746e-04 -4.5142153e-04 -4.3530036e-04 -6.2193339e-04 -8.7590279e-04
 -1.3885561e-03 -2.1471971e-03 -2.9645764e-03 -3.7495701e-03 -4.3395334e-03
 -4.5490370e-03 -4.5670927e-03 -4.5362834e-03 -4.4011521e-03 -4.3329416e-03
 -4.4146223e-03 -4.4578987e-03 -4.4124728e-03 -4.3905480e-03 -4.3979995e-03
 -4.2779147e-03 -3.9920326e-03 -3.7451278e-03 -3.5697295e-03 -3.3190989e-03
 -3.0001146e-03 -2.7100768e-03 -2.5060186e-03 -2.3135676e-03 -2.1361630e-03
 -2.1410352e-03 -2.3048263e-03 -2.4531411e-03 -2.6798407e-03 -2.8750143e-03
 -2.8910639e-03 -2.7352975e-03 -2.2073828e-03 -1.4019259e-03 -5.7454431e-04
  1.9299553e-04  8.3193855e-04  1.3939298e-03  1.7051187e-03  1.6115442e-03
  1.5645420e-03  1.7538404e-03  1.9306718e-03  2.1426115e-03  2.4462628e-03
  2.6802705e-03  2.7537831e-03  2.7724120e-03  2.7890347e-03  2.8271524e-03
  2.9327640e-03  3.0918262e-03  3.2990370e-03  3.5318984e-03  3.7732145e-03
  3.9980511e-03  4.1119741e-03  4.2187321e-03  4.3395334e-03  4.3988593e-03
  4.4457182e-03  4.4308151e-03  4.2770549e-03  3.9852975e-03  3.5703026e-03
  3.1490026e-03  2.8477875e-03  2.6626447e-03  2.5968703e-03  2.6659406e-03
  2.7947667e-03  2.8817494e-03  2.8429153e-03  2.7122263e-03  2.5475754e-03
  2.3760461e-03  2.1914766e-03  1.9887080e-03  1.7800642e-03  1.4979078e-03
  1.1235097e-03  7.1739940e-04  2.5143299e-04 -3.1123180e-04 -9.1436432e-04
 -1.4645191e-03 -1.7635848e-03 -1.8305056e-03 -1.8995758e-03 -1.8143127e-03
 -1.6092514e-03 -1.5454832e-03 -1.5891895e-03 -1.7078413e-03 -1.9491574e-03
 -2.3145707e-03 -2.8052276e-03 -3.2716669e-03 -3.6819328e-03 -4.2044022e-03
 -4.7463602e-03 -5.1996160e-03 -5.5375158e-03 -5.6768027e-03 -5.6567408e-03
 -5.5098590e-03 -5.2503439e-03 -4.9286369e-03 -4.5762639e-03 -4.2516909e-03
 -3.9761263e-03 -3.7405422e-03 -3.5105468e-03 -3.2250946e-03 -2.9830620e-03
 -2.7484810e-03 -2.4706236e-03 -2.3084088e-03 -2.2436375e-03 -2.1300011e-03
 -1.9561791e-03 -1.8131663e-03 -1.7180156e-03 -1.5844606e-03 -1.4040754e-03
 -1.1642927e-03 -8.7335206e-04 -5.9586725e-04 -3.5928006e-04 -1.0584661e-04
  2.2394818e-04  6.3824086e-04  1.1411355e-03  1.7065516e-03  2.3400780e-03
  2.9271753e-03  3.3199587e-03  3.6044079e-03  3.7422618e-03  3.7393959e-03
  3.7283618e-03  3.7554454e-03  3.9031870e-03  4.1007967e-03  4.3027055e-03
  4.5938897e-03  4.8817781e-03  5.1223776e-03  5.3146853e-03  5.3605411e-03
  5.2480511e-03  4.9972773e-03  4.7204230e-03  4.5073369e-03  4.3170354e-03
  4.2397971e-03  4.2197352e-03  4.1902155e-03  4.2483950e-03  4.3647541e-03
  4.4609079e-03  4.5276854e-03  4.5028946e-03  4.3895449e-03  4.1572567e-03
  3.7340938e-03  3.1915625e-03  2.5829703e-03  1.9225037e-03  1.2917718e-03
  7.2036570e-04  1.7428064e-04 -3.4656941e-04 -8.0625931e-04 -1.1999455e-03
 -1.5546544e-03 -1.8984294e-03 -2.2111086e-03 -2.4656082e-03 -2.6794108e-03
 -2.8397627e-03 -2.9278918e-03 -3.0319271e-03 -3.1404047e-03 -3.2507452e-03
 -3.5172819e-03 -3.8457239e-03 -4.1639917e-03 -4.5764072e-03 -4.9822309e-03
 -5.3112461e-03 -5.6487160e-03 -6.0042417e-03 -6.3044537e-03 -6.5231285e-03
 -6.6440731e-03 -6.6546773e-03 -6.5208357e-03 -6.2620371e-03 -5.9605354e-03
 -5.6194830e-03 -5.2241201e-03 -4.8333429e-03 -4.4917173e-03 -4.2175857e-03
 -4.0129543e-03 -3.7696320e-03 -3.4474951e-03 -3.1637625e-03 -2.8490772e-03
 -2.4532844e-03 -2.0600711e-03 -1.6195690e-03 -1.1058982e-03 -6.0025221e-04
 -1.0087986e-04  3.9474665e-04  8.3974837e-04  1.2434512e-03  1.6017998e-03
  1.8753582e-03  2.1043506e-03  2.3061160e-03  2.4891093e-03  2.6672303e-03
  2.8533761e-03  3.0926860e-03  3.3927548e-03  3.6721885e-03  3.9272613e-03
  4.1935114e-03  4.4540296e-03  4.7500860e-03  5.1000229e-03  5.4022412e-03
  5.6598934e-03  5.9569529e-03  6.1664565e-03  6.2150350e-03  6.1628740e-03
  6.0215809e-03  5.8278402e-03  5.5886736e-03  5.3178379e-03  5.0355382e-03
  4.7546716e-03  4.5011751e-03  4.2756219e-03  4.0477760e-03  3.8152012e-03
  3.5837728e-03  3.3259773e-03  3.0541385e-03  2.8015018e-03  2.5636249e-03
  2.3342027e-03  2.0829990e-03  1.8058581e-03  1.4987676e-03  1.1489453e-03
  7.5541671e-04  3.3858764e-04 -1.1564542e-04 -5.9641178e-04 -1.0597558e-03
 -1.5464863e-03 -2.0656598e-03 -2.5434197e-03 -2.9480970e-03 -3.3112175e-03
 -3.6465379e-03 -3.8844148e-03 -4.0919122e-03 -4.3363808e-03 -4.5508999e-03
 -4.7318870e-03 -4.8813482e-03 -4.9743494e-03 -5.0378310e-03 -5.0915683e-03
 -5.1417230e-03 -5.2006191e-03 -5.2807234e-03 -5.3854752e-03 -5.5091425e-03
 -5.6140376e-03 -5.6687779e-03 -5.6490026e-03 -5.5521323e-03 -5.4022412e-03
 -5.2165253e-03 -4.9979938e-03 -4.7721541e-03 -4.5478906e-03 -4.3166055e-03
 -4.0801616e-03 -3.8326837e-03 -3.5532500e-03 -3.2460163e-03 -2.9190072e-03
 -2.5786713e-03 -2.2596870e-03 -1.9578987e-03 -1.6326092e-03 -1.3000545e-03
 -9.6463373e-04 -6.2239195e-04 -2.8166915e-04  5.0928580e-05  3.6372234e-04
  6.4328499e-04  8.9119282e-04  1.1069729e-03  1.3016881e-03  1.4947552e-03
  1.7084145e-03  1.9573255e-03  2.2476499e-03  2.5666342e-03  2.8967958e-03
  3.1997306e-03  3.4363178e-03  3.6006821e-03  3.7018514e-03  3.7458443e-03
  3.7512897e-03  3.7385361e-03  3.7330907e-03  3.7468474e-03  3.7839619e-03
  3.8394188e-03  3.8921529e-03  3.9157973e-03  3.8951622e-03  3.8193569e-03
  3.6858019e-03  3.4957870e-03  3.2773988e-03  3.0594406e-03  2.8651267e-03
  2.7040582e-03  2.5375444e-03  2.3677347e-03  2.2510891e-03  2.1588043e-03
  2.0682391e-03  1.9957297e-03  1.9176315e-03  1.8011292e-03  1.6404907e-03
  1.4191649e-03  1.1428121e-03  8.4393271e-04  5.2575089e-04  1.9341110e-04
 -1.1427834e-04 -3.7852516e-04 -5.8655279e-04 -7.3813482e-04 -8.3338588e-04
 -8.8002981e-04 -9.1500917e-04 -9.6129485e-04 -1.0209360e-03 -1.1147254e-03
 -1.2332913e-03 -1.3740972e-03 -1.5221254e-03 -1.6407773e-03 -1.7511177e-03
 -1.8512840e-03 -1.9048779e-03 -1.9212140e-03 -1.9038748e-03 -1.8497077e-03
 -1.7839333e-03 -1.7279032e-03 -1.6476556e-03 -1.5947782e-03 -1.6079617e-03
 -1.6307463e-03 -1.6469391e-03 -1.6543907e-03 -1.6277370e-03 -1.5638255e-03
 -1.4693913e-03 -1.3430013e-03 -1.1902155e-03 -1.0349507e-03 -8.8548951e-04
 -7.5077382e-04 -6.4593603e-04 -5.7043162e-04 -5.0435630e-04 -4.3574458e-04
 -3.5359108e-04 -2.5080248e-04 -1.3202023e-04 -1.1794824e-05  1.0755904e-04
  2.2393385e-04  3.2957411e-04  4.1318927e-04  4.6688353e-04  4.8489625e-04
  4.8071191e-04  4.6629600e-04  4.4713688e-04  4.3383870e-04  4.4140491e-04
  4.7386220e-04  5.3358936e-04  6.1498338e-04  7.1073599e-04  8.1207727e-04
  9.0689843e-04  9.7788891e-04  1.0203772e-03  1.0357675e-03  1.0270263e-03
  9.9187493e-04  9.3684799e-04  8.6979823e-04  7.9191505e-04  7.0272555e-04
  6.1041213e-04  5.1801272e-04  4.3045684e-04  3.5022355e-04  2.8175513e-04
  2.2645592e-04  1.8587355e-04  1.6184226e-04  1.5805915e-04  1.7254672e-04
  2.0506133e-04  2.5028660e-04  3.0261951e-04  3.5379170e-04  3.9805686e-04
  4.2740456e-04  4.4058810e-04  4.3651840e-04  4.1392010e-04  3.6756277e-04
  2.9787630e-04  2.0322710e-04  8.5058180e-05 -4.8730368e-05 -1.8454087e-04
 -3.1127479e-04 -4.1101112e-04 -4.7247220e-04 -4.9187493e-04 -4.7380488e-04
