Scaled from
PEER NGA STRONG MOTION DATABASE RECORD
ACCELERATION TIME SERIES IN UNITS OF G
NPTS= 2999.000000, DT= 0.020000, Scalar= 1.000000
  6.8488526e-04  1.2893696e-03  1.0900028e-03  1.1667652e-03  1.1333754e-03
  1.1554163e-03  1.1377888e-03  1.1615899e-03  1.1475483e-03  1.1722294e-03
  1.1650313e-03  1.1904218e-03  1.1905400e-03  1.2186100e-03  1.2261628e-03
  1.2584230e-03  1.2737256e-03  1.3115288e-03  1.3348045e-03  1.3789389e-03
  1.4108576e-03  1.4619537e-03  1.5025417e-03  1.5611249e-03  1.6102508e-03
  1.6755330e-03  1.7318832e-03  1.8029449e-03  1.8650747e-03  1.9407337e-03
  2.0083803e-03  2.0891621e-03  2.1623255e-03  2.2467851e-03  2.3233637e-03
  2.4115012e-03  2.4976685e-03  2.6045895e-03  2.7217559e-03  2.8670318e-03
  3.0204516e-03  3.1835914e-03  3.3216430e-03  3.4277758e-03  3.4715162e-03
  3.4610080e-03  3.3921793e-03  3.3010206e-03  3.2071035e-03  3.1573209e-03
  3.1657275e-03  3.2542591e-03  3.3986155e-03  3.5776491e-03  3.7359289e-03
  3.8435066e-03  3.8675441e-03  3.8238037e-03  3.7360602e-03  3.6588249e-03
  3.6135083e-03  3.6186310e-03  3.6475286e-03  3.6716975e-03  3.6383339e-03
  3.5249767e-03  3.3140245e-03  3.0322733e-03  2.7066504e-03  2.3886459e-03
  2.1066320e-03  1.8929214e-03  1.7490904e-03  1.6806557e-03  1.6680459e-03
  1.6978629e-03  1.7318832e-03  1.7379254e-03  1.6651561e-03  1.4841523e-03
  1.1689325e-03  7.3403738e-04  2.0584256e-04 -3.5931487e-04 -9.1900803e-04
 -1.4346324e-03 -1.9064507e-03 -2.3447741e-03 -2.7812586e-03 -3.2257556e-03
 -3.6776083e-03 -4.0976737e-03 -4.4453639e-03 -4.6744427e-03 -4.7778172e-03
 -4.7767664e-03 -4.7395936e-03 -4.7413012e-03 -4.8613574e-03 -5.1301047e-03
 -5.5383484e-03 -6.0418226e-03 -6.5731437e-03 -7.0465382e-03 -7.4208929e-03
 -7.6833353e-03 -7.8647332e-03 -8.0069880e-03 -8.1560731e-03 -8.3263060e-03
 -8.5099368e-03 -8.6672972e-03 -8.7637099e-03 -8.7719851e-03 -8.7046013e-03
 -8.5991252e-03 -8.5179493e-03 -8.5105936e-03 -8.6139680e-03 -8.8155942e-03
 -9.0793501e-03 -9.3642537e-03 -9.6360221e-03 -9.8928163e-03 -1.0182317e-02
 -1.0561138e-02 -1.1079718e-02 -1.1740421e-02 -1.2492414e-02 -1.3223260e-02
 -1.3805152e-02 -1.4137474e-02 -1.4188701e-02 -1.4008748e-02 -1.3731594e-02
 -1.3534565e-02 -1.3591047e-02 -1.3982478e-02 -1.4697035e-02 -1.5638833e-02
 -1.6579317e-02 -1.7276799e-02 -1.7720771e-02 -1.7819285e-02 -1.7544758e-02
 -1.7188793e-02 -1.6857785e-02 -1.6629231e-02 -1.6613469e-02 -1.6763211e-02
 -1.7053500e-02 -1.7345103e-02 -1.7535564e-02 -1.7648527e-02 -1.7620943e-02
 -1.7511920e-02 -1.7413406e-02 -1.7312264e-02 -1.7253156e-02 -1.7217691e-02
 -1.7102100e-02 -1.6943164e-02 -1.6790795e-02 -1.6394110e-02 -1.5854251e-02
 -1.5414220e-02 -1.4610343e-02 -1.3994299e-02 -1.4313486e-02 -1.4597207e-02
 -1.4584072e-02 -1.3797270e-02 -1.2158910e-02 -1.1878998e-02 -1.1544180e-02
 -9.9651916e-03 -9.8339704e-03 -1.1691821e-02 -1.2981703e-02 -1.2321262e-02
 -1.1818050e-02 -1.3642275e-02 -1.5356425e-02 -1.4092814e-02 -1.3464949e-02
 -1.5017536e-02 -1.4125652e-02 -1.1275959e-02 -1.0324047e-02 -1.0572434e-02
 -1.1475220e-02 -1.0990529e-02 -8.0814648e-03 -8.3466656e-03 -1.0734129e-02
 -9.8044161e-03 -8.9011047e-03 -8.4945686e-03 -7.2237328e-03 -6.4328592e-03
 -3.9499021e-03 -2.0410871e-03 -3.3481762e-03 -2.4277889e-03 -5.9258384e-04
 -2.5959202e-03 -4.4439190e-03 -4.6789087e-03 -3.9840538e-03  2.6350632e-04
  4.8458578e-03  4.3503960e-03  3.3698493e-03  6.7800239e-03  1.1294742e-02
  1.1342029e-02  8.9234346e-03  1.1554951e-02  1.3330969e-02  9.2804508e-03
  7.1137907e-03  1.0729269e-02  1.4213658e-02  1.2044765e-02  8.0657025e-03
  7.9033508e-03  1.2081018e-02  1.3547701e-02  1.0858783e-02  1.1622992e-02
  1.4870421e-02  1.5155456e-02  1.3472830e-02  1.3482024e-02  1.3100577e-02
  1.3413721e-02  1.5696628e-02  1.4333189e-02  1.1782848e-02  1.3097424e-02
  1.6176065e-02  2.2647804e-02  2.8936964e-02  2.6517450e-02  2.3971838e-02
  2.2387726e-02  2.1314576e-02  3.0514508e-02  3.5861870e-02  2.8683454e-02
  2.7232008e-02  2.8997386e-02  3.0391037e-02  3.4920072e-02  3.4996256e-02
  3.4846515e-02  3.4561480e-02  2.9647581e-02  3.2713349e-02  4.0819114e-02
  3.6047077e-02  3.0917760e-02  3.4191065e-02  3.3177024e-02  3.3572395e-02
  3.6467405e-02  3.5209048e-02  4.1347152e-02  4.6551339e-02  4.1231561e-02
  3.8600570e-02  3.7639069e-02  4.2539833e-02  5.0851821e-02  4.7397249e-02
  3.7910969e-02  3.5898648e-02  4.2446572e-02  4.8624082e-02  4.8759375e-02
  4.5986523e-02  4.5474248e-02  4.6112622e-02  4.4846383e-02  4.5126164e-02
  4.5811824e-02  4.6615702e-02  4.6112622e-02  3.7958256e-02  3.7876818e-02
  4.7661268e-02  4.8132824e-02  4.2207511e-02  4.1018770e-02  4.2777581e-02
  3.9608044e-02  2.8093681e-02  2.1105726e-02  3.0048206e-02  4.6413419e-02
  4.3120411e-02  1.8229105e-02  1.5343290e-02  3.8692517e-02  5.0258108e-02
  4.4155469e-02  4.2943085e-02  4.5961566e-02  3.2227345e-02  2.1235765e-02
  2.6387411e-02  2.9891897e-02  4.1369482e-02  3.6336052e-02  2.1007211e-02
  2.5404894e-02  1.4355519e-02  6.3068921e-03  2.0420065e-02  2.1883333e-02
  2.9978590e-02  4.1608543e-02  2.8687394e-02  5.8930002e-03 -4.2501740e-03
  1.5751796e-02  4.1500834e-02  3.6915317e-02  1.3254785e-02  2.4121580e-02
  4.7744020e-02  3.1151568e-02  1.7042992e-02  2.6273134e-02  2.8696589e-02
  2.0861410e-02  7.1907633e-03  1.6836768e-02  3.6489735e-02  2.8942218e-02
  2.2934153e-02  2.2670134e-02  1.7024602e-02  1.3853752e-02  1.3211438e-02
  1.6156362e-02  1.5875268e-02  7.6378873e-03  9.5297579e-05  5.2087849e-03
  9.5851887e-03  6.8287557e-03  1.2625343e-02  2.0225664e-02  1.8181818e-02
  2.3869383e-04 -1.5954079e-02 -1.5783321e-02 -2.1028228e-02 -1.9693686e-02
 -1.8093812e-02 -4.0867715e-02 -4.1239443e-02 -2.9105095e-02 -5.0068960e-02
 -5.8949705e-02 -3.6573800e-02 -7.1685647e-03 -1.3493846e-02 -4.2139207e-02
 -3.2236540e-02 -5.3926784e-03  1.5976409e-02  1.5403712e-02 -1.2688392e-02
 -1.1659245e-02 -1.6180006e-03 -3.1166016e-02 -4.2862960e-02 -2.5301126e-02
 -2.6663252e-02 -4.9899515e-02 -8.6964574e-02 -1.0825157e-01 -1.0144356e-01
 -1.1018639e-01 -1.3554268e-01 -1.3756551e-01 -1.2973559e-01 -1.2642288e-01
 -1.0237879e-01 -9.9071338e-02 -1.1050032e-01 -8.4077445e-02 -6.0821479e-02
 -5.7724186e-02 -5.7495633e-02 -6.5609279e-02 -6.9490746e-02 -6.1827639e-02
 -8.0060685e-02 -9.8937358e-02 -7.6051805e-02 -6.7165806e-02 -1.1109535e-01
 -1.5236894e-01 -1.4702289e-01 -1.4828388e-01 -1.6165557e-01 -1.7410779e-01
 -1.9915672e-01 -1.7162522e-01 -1.3126978e-01 -1.4786355e-01 -1.5448372e-01
 -1.4266199e-01 -1.1792699e-01 -7.7868411e-02 -8.0466564e-02 -8.5510502e-02
 -9.2642944e-02 -1.4435644e-01 -1.8948917e-01 -2.2125021e-01 -2.4530086e-01
 -2.7430350e-01 -3.2004046e-01 -3.3990096e-01 -3.3446297e-01 -3.2591191e-01
 -3.1355164e-01 -3.0882295e-01 -3.2340308e-01 -3.4319791e-01 -3.5764669e-01
 -3.5748906e-01 -3.4520760e-01 -3.4424873e-01 -3.3220370e-01 -2.8005674e-01
 -2.6283643e-01 -3.0777213e-01 -3.8919757e-01 -4.7177891e-01 -4.9166568e-01
 -4.7150307e-01 -4.1764853e-01 -3.4298774e-01 -3.0106001e-01 -2.6259999e-01
 -2.6261313e-01 -2.6428130e-01 -2.0204647e-01 -1.7224258e-01 -1.4478990e-01
 -4.8643785e-02  7.4095966e-02  1.9562333e-01  2.8960607e-01  3.3278165e-01
  3.5804075e-01  4.0997754e-01  4.8385021e-01  5.7940918e-01  6.6359302e-01
  6.8449121e-01  7.5778592e-01  8.8179585e-01  9.2100458e-01  9.5246352e-01
  1.0000000e+00  9.8444786e-01  9.5633842e-01  9.7416296e-01  9.6544115e-01
  8.2767861e-01  6.9528838e-01  7.4526802e-01  8.5503934e-01  8.2209612e-01
  7.1467602e-01  5.9149361e-01  4.4232967e-01  3.8369390e-01  3.4719103e-01
  2.4400047e-01  1.0753701e-01  9.0746214e-03  5.0981860e-02  1.8930528e-01
  2.2209087e-01  1.0903968e-01  1.8075423e-02 -3.7876818e-02 -1.0664250e-01
 -1.0754752e-01 -6.1436209e-02 -1.6285088e-01 -3.7025653e-01 -4.0359381e-01
 -2.4660125e-01 -1.3768373e-01 -1.8973874e-01 -3.1465500e-01 -3.5008078e-01
 -3.0812678e-01 -2.6843204e-01 -1.8564054e-01 -1.4979443e-01 -1.3282369e-01
 -3.9411015e-02 -5.4404907e-02 -1.6708043e-01 -1.7652467e-01 -4.6628837e-02
  1.7032483e-01  2.4365896e-01  1.3396645e-01  9.3542709e-02  1.5624384e-01
  2.4664066e-01  3.6653925e-01  3.5857929e-01  1.3485965e-01 -3.8600570e-02
 -1.7665603e-02  1.0513851e-02 -5.9936163e-02 -6.3012439e-02  1.3640961e-02
 -4.1611170e-03 -9.4374171e-02 -1.6554360e-01 -2.6137841e-01 -2.9693555e-01
 -2.2635983e-01 -2.3547569e-01 -2.1716515e-01 -1.4544666e-01 -1.7771998e-01
 -1.2899082e-01 -5.7743889e-02 -1.1455912e-01 -3.4328986e-02  8.5254364e-02
 -6.2138945e-03 -1.0698927e-01 -1.5552140e-01 -2.1742785e-01 -2.4351447e-01
 -2.5973651e-01 -3.0347690e-01 -3.0731240e-01 -2.3140376e-01 -2.3299313e-01
 -3.3753661e-01 -3.8219648e-01 -3.8098803e-01 -3.5922292e-01 -3.1837228e-01
 -2.9714571e-01 -2.4361955e-01 -1.5692688e-01 -7.9289645e-02 -6.3904323e-02
 -1.1398116e-01 -1.8631044e-01 -2.9262718e-01 -4.1389184e-01 -4.3355532e-01
 -3.4691519e-01 -2.5041048e-01 -1.0238799e-01  7.2615623e-02  1.4825761e-01
  1.6761897e-01  2.0099565e-01  2.2343067e-01  1.9739659e-01  2.0772090e-01
  3.1934429e-01  3.5038289e-01  3.3437102e-01  3.5310189e-01  2.7040233e-01
  2.1870197e-01  2.3164020e-01  2.2268196e-01  1.8856970e-01  1.1671067e-01
  5.2814228e-02 -6.8265227e-03 -1.7991357e-02 -1.3998240e-02 -1.0194008e-01
 -1.7716830e-01 -1.5035925e-01 -8.8988717e-02 -3.1374867e-02 -7.2418594e-02
 -1.7048246e-01 -1.8470794e-01 -1.3429483e-01 -3.9295425e-02  4.7964692e-02
  1.2684715e-01  2.7658904e-01  4.2692202e-01  4.7020268e-01  4.6447571e-01
  4.2283695e-01  2.6964049e-01  1.1244697e-01  5.4098856e-02  6.7910575e-02
  1.6685713e-01  2.1390761e-01  1.2126466e-01  1.1309059e-01  1.7955892e-01
  1.3120542e-01  9.9200063e-02  2.1719142e-01  2.6254745e-01  1.2562557e-01
  4.0049389e-02  4.3978143e-02  1.7284680e-02 -3.2072349e-02 -9.6335264e-02
 -1.2374460e-01 -8.8431782e-02 -7.7300968e-02 -1.1863893e-01 -1.0332059e-01
 -2.9508347e-02 -1.0068172e-02 -3.3639385e-02 -7.7513759e-02 -1.3262666e-01
 -1.7180912e-01 -2.1365804e-01 -2.1174029e-01 -9.0786933e-02  4.4030684e-02
  8.4650143e-02  1.3095717e-01  2.0062787e-01  2.2637296e-01  1.7609121e-01
  7.2436984e-02  2.0316297e-02 -2.1926679e-02 -1.1342029e-01 -1.6974688e-01
 -1.3584479e-01 -1.2247705e-01 -1.6454532e-01 -1.3007973e-01 -8.4149689e-02
 -9.3523006e-02 -1.0499008e-01 -1.5042493e-01 -1.7912545e-01 -1.2579632e-01
 -3.0837635e-02  6.0930501e-02  8.9721664e-02  4.5625304e-02 -1.9365305e-03
 -2.3895654e-02 -4.3112530e-02 -6.4827731e-02 -7.2239955e-02 -7.7885487e-02
 -1.1104938e-01 -1.3903666e-01 -1.3520117e-01 -1.5289435e-01 -1.9549198e-01
 -2.0927086e-01 -1.7186166e-01 -1.4262258e-01 -1.9202427e-01 -2.4334371e-01
 -2.5323456e-01 -2.6964049e-01 -2.6548975e-01 -2.4434199e-01 -2.8072664e-01
 -3.2337681e-01 -2.8112070e-01 -2.2206460e-01 -1.9207681e-01 -8.6323574e-02
  9.1681444e-02  1.7783820e-01  1.6725119e-01  1.2972902e-01  7.6227818e-02
 -5.3312054e-03 -8.1818182e-02 -1.2921018e-01 -1.4809999e-01 -5.3503829e-02
  3.8006857e-02  3.8129014e-02  6.4811969e-02  3.6544903e-02 -6.4065886e-02
 -6.3061040e-02 -3.5143371e-02 -8.9502305e-02 -1.4804744e-01 -1.6560928e-01
 -1.1230117e-01 -5.4335290e-02 -4.7920033e-02 -6.3350015e-02 -6.6561585e-02
  9.2507651e-03  7.7145972e-03 -1.4711484e-01 -1.8191013e-01 -6.1730438e-02
  7.0240769e-02  1.8783413e-01  2.1646898e-01  1.9587290e-01  2.0367524e-01
  2.2499376e-01  2.7242516e-01  2.8767519e-01  2.5058123e-01  3.0288582e-01
  3.9961382e-01  4.0845385e-01  4.0471030e-01  4.1598035e-01  3.5505904e-01
  1.9878893e-01  5.9300416e-02  1.2278704e-02 -1.4218912e-02 -6.0914739e-02
 -1.0045054e-02  1.0701948e-01  1.1625882e-01  9.9922502e-02  1.4996519e-01
  1.5834548e-01  1.3345418e-01  1.6064415e-01  1.4781101e-01  8.6327514e-02
  3.7461744e-02 -2.5328710e-02 -6.6428919e-02 -6.4743666e-02 -1.0867715e-01
 -1.5613876e-01 -1.4630046e-01 -2.1698126e-01 -2.9283735e-01 -2.4904441e-01
 -1.7680051e-01 -1.1797954e-01 -7.9752006e-02 -7.1991699e-02 -9.8509149e-02
 -1.0714032e-01 -2.8834509e-02  6.0747921e-02  1.2239561e-01  2.1453810e-01
  2.4598390e-01  1.6807871e-01  1.3066425e-01  1.7031170e-01  1.7464633e-01
  1.3719772e-01  1.2779026e-01  1.3696129e-01  9.8071745e-02 -3.0408112e-03
 -7.1882676e-02 -5.6165031e-02  3.0102061e-03  6.7232796e-02  9.3917064e-02
  5.6003468e-02 -2.4761267e-02 -5.5242937e-02  9.5434186e-03  5.7671645e-02
  3.5622808e-02  1.0804666e-02 -2.2047523e-02 -7.2970275e-02 -5.0541829e-02
  2.9441358e-04 -4.2576611e-03  1.0011559e-02  3.4116194e-02  3.8741117e-02
  5.3115025e-02  1.1323114e-02 -5.6544640e-02 -5.5560810e-02 -2.3960016e-02
  5.1892133e-03  1.8018941e-03 -4.2579238e-02 -6.7421944e-02 -3.3904717e-02
  4.0608950e-02  6.1626670e-02  2.3556764e-02  5.7320934e-02  1.1180597e-01
  8.8035097e-02  3.7988467e-02 -1.7877080e-02 -3.4931894e-02 -3.8704339e-02
 -7.1777594e-02 -6.8376877e-02 -1.0253773e-01 -2.1220002e-01 -2.1934560e-01
 -1.0880981e-01 -6.4604432e-02 -6.9794171e-02 -5.3334384e-02 -7.2778500e-02
 -6.2494910e-02 -2.4493308e-02 -3.1649394e-02 -4.4299957e-02 -5.1256387e-02
  1.7940130e-02  1.0759218e-01  8.9904244e-02  6.8447807e-02  8.6754410e-02
  1.1730176e-01  1.5638833e-01  1.0772878e-01  2.6366395e-02  1.9059253e-02
 -9.9754371e-03 -6.0339415e-02 -9.7953527e-02 -1.4196582e-01 -1.1453941e-01
 -6.6632515e-02 -8.0605798e-02 -9.4153499e-02 -6.2522494e-02 -1.6675205e-02
  9.8091448e-03  2.5928991e-02  3.5907843e-02 -3.0829754e-04 -1.1190448e-01
 -1.7395016e-01 -1.0570989e-01 -3.3200667e-02  4.8631963e-02  1.6419067e-01
  1.4082305e-01  4.4108182e-02  1.6844649e-02 -1.8414312e-02 -2.5756919e-02
 -4.9889007e-02 -1.4635300e-01 -1.8574562e-01 -2.0312356e-01 -2.1879392e-01
 -1.7550012e-01 -1.4077051e-01 -7.5676137e-02  5.7311739e-02  1.3082713e-01
  7.8610553e-02 -4.1546807e-02 -1.2418726e-01 -1.0227109e-01 -3.2934022e-02
  3.2325859e-02  9.5396094e-02  1.5487778e-01  1.9088151e-01  2.1899095e-01
  2.5067318e-01  2.5755605e-01  2.3221815e-01  1.3974596e-01  1.5435237e-02
 -9.4188964e-02 -1.6152421e-01 -1.3403213e-01 -7.9264688e-02 -6.5889060e-02
 -7.0412841e-02 -1.1236159e-01 -1.0577688e-01  1.2052121e-02  8.1910129e-02
  6.7416690e-02  4.5659455e-02  4.0430311e-02  5.7645374e-02  2.1863630e-02
 -1.8927901e-02  2.2176249e-02  1.1358317e-02 -3.8483666e-02 -1.6706729e-02
  2.0961238e-02 -7.4713323e-03 -9.3595250e-02 -9.6536234e-02  6.2349109e-04
  7.0180347e-02  1.0690389e-01  9.7891792e-02  2.3518672e-02  7.2911166e-03
  5.0746739e-02  6.9565617e-02  5.5904953e-02  6.9317361e-03  3.4766390e-03
  3.8105371e-02  2.5336591e-02  2.4397420e-02  3.3472567e-02  2.4259500e-02
  3.0652428e-02  4.1171139e-02  3.7038788e-02  5.9531597e-02  1.6789481e-01
  2.0609213e-01  1.0948759e-01  4.5817078e-02  1.8914765e-02 -1.9457251e-02
 -8.4211425e-02 -1.5891030e-01 -1.3618631e-01 -5.3945173e-02 -2.4336998e-02
 -1.1034664e-03  2.6855026e-02  3.2646360e-02  6.4001524e-02  5.6503921e-02
 -1.3158897e-02 -1.7262350e-02  2.4293652e-02  2.2733184e-03 -7.5574996e-02
 -1.4665511e-01 -1.9536063e-01 -2.0265069e-01 -1.4744322e-01 -6.7699098e-02
 -2.7669412e-02 -2.5823909e-02  4.2901052e-03  4.6710276e-02  5.3146550e-02
  3.6464778e-02  2.5617685e-02  2.4838765e-02  4.2101115e-03 -1.8602146e-02
  2.0211215e-03  3.3812770e-02  4.3652389e-02  3.2127517e-02 -4.8089477e-03
 -4.9448976e-02 -7.4419093e-02 -9.6879064e-02 -1.0047550e-01 -4.5802630e-02
  7.4248335e-03  1.7310951e-02  4.9597404e-04 -2.0554045e-03  1.7756236e-02
  2.4603644e-02  4.5099894e-02  7.5200641e-02  9.0300929e-02  9.2452483e-02
  3.7059805e-02 -2.6765706e-02 -2.1562832e-02 -3.0511881e-03  2.9112976e-02
  6.2891595e-02  2.6020938e-02 -1.9843428e-02 -2.6166739e-02 -3.7159633e-02
 -5.0042690e-02 -3.5253707e-02 -6.0080650e-03 -1.5158083e-02 -5.2617199e-02
 -5.9255757e-02 -6.2073268e-02 -6.3284339e-02 -3.2202388e-02 -3.0338495e-02
 -6.9237236e-02 -7.1684334e-02 -5.1178889e-02 -2.0472606e-02  4.4800410e-02
  6.6008590e-02  5.3318622e-02  6.2077209e-02  3.6346561e-02  1.9434921e-02
  3.8770015e-02  3.0104688e-02  6.9499941e-04 -5.7898885e-02 -1.0526855e-01
 -7.7089490e-02 -4.8901236e-02 -5.2648724e-02 -4.7977828e-02 -1.2434751e-02
  3.8193377e-02  4.5049980e-02  3.4582496e-02  3.2198447e-02  2.6700030e-02
  4.0121632e-02  5.9045592e-02  7.4989163e-02  8.5161104e-02  7.6791320e-02
  6.5517332e-02  5.1360156e-02  4.3380489e-02  4.6152027e-02  2.2458657e-02
 -1.0204910e-02 -3.1523295e-03  2.2437640e-02  1.7548699e-02 -5.7613850e-03
 -2.5541501e-03  1.7355611e-02  1.1120963e-02 -1.5366933e-02 -2.9052554e-02
 -2.4815121e-02 -2.1653466e-02 -4.1045041e-02 -5.6804718e-02 -4.0721914e-02
 -1.6574063e-03  3.0056088e-02  4.5777673e-02  5.4431178e-02  3.0643233e-02
 -1.8306603e-03 -9.0325886e-03 -2.2961737e-02 -5.9521089e-02 -8.6741275e-02
 -7.6448490e-02 -4.1696549e-02 -1.7869199e-02  6.0198868e-03  1.5704509e-02
 -1.2301034e-02 -1.5739975e-02 -8.9145026e-03 -2.4966177e-02 -3.5597851e-02
 -3.2861778e-02 -1.5896284e-02 -2.0883740e-02 -4.5400691e-02 -3.1255336e-02
  1.3757865e-02  4.1278848e-02  4.9404316e-02  2.7978090e-02 -2.1112293e-03
  1.6310045e-02  3.2331113e-02  1.6792108e-02 -8.1368956e-04 -2.1510291e-02
 -2.0471293e-02 -4.7749274e-03 -3.8386465e-03  1.2753018e-03  6.2703761e-03
  1.2665274e-02  3.1427408e-02  3.5923605e-02  3.2248361e-02  3.5223496e-02
  3.9659272e-02  3.3035163e-02  7.0711011e-03 -1.6162930e-03  7.7847395e-03
 -5.5458355e-03 -1.2905912e-02  4.9409570e-04  1.6949731e-03 -4.8911744e-03
 -1.5164650e-02 -3.1411646e-02 -1.9178784e-02  8.8557880e-03 -2.6623846e-03
 -3.0707596e-02 -3.3125796e-02 -6.3480054e-03  2.9673852e-02  2.9139247e-02
 -6.3623228e-03 -1.7208496e-02  7.2645834e-03  1.9386321e-02  1.0328381e-03
 -1.1982767e-02 -1.1870986e-02 -8.7310031e-03  6.6901788e-03  9.0705494e-03
 -1.1114001e-02 -1.3438678e-02  3.6873284e-03  8.2970144e-03 -6.5638176e-03
 -2.2817249e-02 -1.3315207e-02  1.2175855e-02  2.1494529e-02  3.0551287e-02
  6.1746201e-02  7.2371307e-02  4.0205698e-02 -4.2604195e-03 -4.1115971e-02
 -6.8529246e-02 -7.9943781e-02 -6.3191079e-02 -4.1255205e-02 -2.3732776e-02
 -8.8188780e-03 -1.1276615e-02 -1.5439177e-02 -2.1455123e-03  3.6640790e-03
 -1.1835783e-02 -3.0576244e-02 -5.2702578e-02 -5.4289317e-02 -1.3826168e-02
  1.4957113e-02  3.3873192e-03 -1.0931946e-02 -2.6340124e-03  2.2398235e-02
  4.2763132e-02  5.0771696e-02  5.0252854e-02  5.0221329e-02  4.9031275e-02
  3.6400415e-02  1.8054406e-02  2.3563332e-03 -7.2330588e-03 -1.7313578e-02
 -1.6312672e-02  6.7017378e-03  2.1046617e-02  2.0410871e-02  1.3098212e-02
  2.8785908e-03  9.2824211e-04 -1.0841050e-02 -1.2221040e-02 -3.4662621e-03
 -1.8114828e-02 -1.5984290e-02  5.7938291e-03  1.9785633e-02  4.1347152e-02
  6.0152894e-02  6.4746293e-02  4.5354718e-02 -5.1538795e-03 -3.5800134e-02
 -3.0610395e-02 -1.7427855e-02  4.8965599e-03  1.5570530e-02  2.0635484e-02
  3.2084171e-02  2.1135937e-02  2.2253747e-03 -6.3594331e-03 -1.0080519e-02
 -2.5068632e-02 -4.1960568e-02 -3.8819929e-02 -3.1317072e-02 -2.4699531e-02
 -2.1772997e-02 -1.8045212e-02  1.3780195e-03  1.1624568e-02 -1.7033797e-03
 -4.9439781e-03  1.3183854e-02  2.7937371e-02  3.3073255e-02  4.2015736e-02
  3.6139024e-02  8.1161419e-03 -4.9112714e-03 -3.3829846e-03 -1.0737019e-02
 -2.1803208e-02 -2.5314261e-02 -2.2010745e-02 -1.3522744e-02  1.4377849e-03
  7.9949035e-03  1.0226714e-02  2.6048522e-02  3.4522074e-02  2.6099749e-02
  1.5039865e-02 -1.5856878e-03 -1.0678961e-02 -1.2799779e-02 -1.7628824e-02
 -1.1615899e-02 -1.7714203e-02 -3.1401138e-02 -1.4697035e-02  6.7708292e-03
  1.6479489e-02  3.0802170e-02  4.4193561e-02  4.9005005e-02  4.9635497e-02
  5.1709553e-02  5.0477466e-02  3.7912283e-02  1.9451997e-02  4.3061302e-03
 -9.7698704e-03 -1.0738333e-02 -6.5124588e-03 -1.7736533e-02 -1.1760518e-02
  1.7754922e-02  2.6190382e-02  3.3195413e-03 -3.0758824e-02 -5.0141204e-02
 -4.3777174e-02 -3.6492362e-02 -4.6669556e-02 -5.5571318e-02 -4.8123629e-02
 -3.5067187e-02 -1.0957954e-02  2.5763487e-02  4.8193246e-02  5.7021450e-02
  5.8583232e-02  4.0228028e-02  7.7148599e-03 -1.8079363e-02 -3.1541685e-02
 -4.7470807e-02 -5.4416729e-02 -3.3603920e-02 -7.0227634e-03 -6.2749734e-03
 -1.6602961e-02 -1.6428262e-02 -1.7284680e-02  6.9384351e-04  3.3685358e-02
  3.9497708e-02  2.8758324e-02  2.0590824e-02  2.4118953e-02  4.2996939e-02
  4.6511933e-02  3.3342528e-02  2.7242516e-02  1.8784726e-02 -5.6819167e-03
 -3.2021121e-02 -4.9070681e-02 -6.3916145e-02 -6.2028609e-02 -3.7478819e-02
 -1.9138065e-02 -2.0934967e-03  2.5297185e-02  4.0313407e-02  3.1381435e-02
  2.1980534e-02  2.6596262e-02  1.1857062e-02 -1.1312869e-02 -2.0656500e-03
 -1.3133283e-02 -6.2301822e-02 -7.0411527e-02 -4.8856576e-02 -4.8392902e-02
 -3.9153564e-02 -1.5801710e-02  3.5369298e-03  1.7698441e-02  2.1032168e-02
  2.0312356e-02  1.6137973e-02  8.9267184e-03  7.9292273e-03  5.5839277e-03
  4.1117285e-03  2.8862093e-02  6.8971904e-02  8.5866467e-02  7.8087770e-02
  7.5617029e-02  6.6329091e-02  2.9489958e-02  7.0809526e-03  2.7028412e-03
 -2.8527144e-02 -7.1919455e-02 -7.5724738e-02 -5.2864142e-02 -4.2616017e-02
 -3.5268156e-02 -2.3631635e-02 -1.3022028e-02 -9.2763789e-03 -1.8575876e-02
 -2.7410647e-02 -2.5085708e-02 -1.5982977e-02 -8.3960542e-03 -6.2695879e-03
 -4.6087665e-03 -9.7263927e-03 -1.8255376e-02 -2.0631543e-02 -2.1880706e-02
 -1.7042992e-02 -1.4932156e-02 -2.4319922e-02 -1.9579409e-02  4.2928636e-03
  1.9693686e-02  2.0416125e-02  2.3844426e-02  3.8727982e-02  4.2461021e-02
  1.8860911e-02  6.6329091e-03  1.4250437e-02  1.3319147e-02  2.3849680e-02
  2.8327488e-02  3.8934206e-03 -7.3349884e-03 -4.2918128e-03  5.1963064e-03
  1.8972560e-02  1.3383510e-02 -8.9348623e-04 -1.5561335e-02 -3.0116510e-02
 -3.3648579e-02 -3.3435788e-02 -2.9696182e-02 -7.2875701e-03  2.7380436e-02
  3.9852360e-02  3.0639293e-02  2.3789258e-02  8.0572960e-03  4.5743521e-03
  3.9978458e-02  5.2858888e-02  2.4543222e-02  6.1252315e-03 -2.4911009e-03
 -8.0303687e-03  5.4622953e-03  1.7082397e-02 -1.9903850e-03 -1.6073610e-02
 -2.4266068e-03 -5.3474931e-03 -3.7746779e-02 -5.8292942e-02 -5.8248283e-02
 -5.8620010e-02 -3.3554006e-02  6.8638268e-03  3.7946434e-03 -1.6650248e-02
 -2.9365173e-02 -3.6831251e-02 -1.8397236e-02 -1.7563148e-03 -1.2955432e-02
 -2.5596669e-02 -2.7492086e-02 -3.5511158e-02 -3.0415993e-02 -7.8891647e-03
  4.0162352e-03  2.2286585e-02  4.3208417e-02  4.5348150e-02  4.4880535e-02
  3.6378085e-02  2.4296279e-02  2.7217559e-02  2.0422692e-02 -7.9237104e-04
 -1.3534565e-02 -3.2216837e-02 -4.6500112e-02 -2.1332966e-02  4.3174265e-03
  9.8706178e-03  1.0560481e-02 -4.4192248e-03 -1.1342423e-02 -2.1372371e-03
 -6.1189266e-03 -1.0308810e-02 -5.4714899e-04  1.4561742e-02  3.2471661e-02
  4.3410700e-02  4.2979864e-02  4.4745242e-02  4.6125757e-02  2.6824815e-02
  8.3305093e-03  7.4378374e-03  6.8192983e-04  4.4768885e-04  9.4786618e-03
 -4.8716029e-03 -2.3454309e-02 -1.9361364e-02 -4.9774730e-03  5.5654070e-03
 -3.5360103e-03 -2.9504407e-02 -3.8467904e-02 -2.0791793e-02 -1.6784227e-03
  2.0903443e-02  2.9861686e-02  8.7512314e-03 -3.6241479e-03 -1.4281961e-02
 -2.6484612e-02 -1.3026757e-02 -9.0966886e-03 -2.2780471e-02 -2.1247586e-02
 -1.0215287e-02  4.3144054e-03  1.9360050e-02  2.6312540e-02  2.6475417e-02
  2.7723266e-02  2.9958887e-02  1.7015408e-02 -9.5805913e-03 -2.0929713e-02
 -1.5045120e-02 -1.7803523e-02 -2.6424190e-02 -3.4516820e-02 -3.9590968e-02
 -2.6417622e-02 -1.1848656e-03  1.5121304e-02  1.5445745e-02  1.3092433e-02
  8.6022777e-03 -1.4404119e-02 -1.9557079e-02  4.6463333e-03  6.9426383e-03
 -4.7637625e-03 -1.4721992e-02 -1.8201521e-02  3.5461244e-03  2.6412368e-02
  2.9726393e-02  1.9951137e-02  8.4585780e-03  2.6210085e-03 -4.7694106e-03
 -3.5257648e-03  6.7663632e-03  3.9418896e-03 -4.6518501e-03 -9.1317597e-03
 -9.0892015e-03 -9.7651417e-03 -1.1731358e-02 -4.4544272e-03 -5.3975385e-03
 -1.2511066e-02  4.0196503e-03  1.9738346e-02  3.2425687e-03 -6.8349293e-03
  2.2575561e-02  4.5149808e-02  2.9525423e-02  8.4868188e-03 -9.5059831e-03
 -2.2071167e-02 -2.0942849e-02 -2.5059437e-02 -3.0606455e-02 -2.7154510e-02
 -2.9786815e-02 -3.3137618e-02 -2.6604143e-02 -2.1243646e-02 -1.9844741e-02
 -2.5504722e-02 -2.8691335e-02 -2.0137657e-02 -1.4980757e-02 -5.7544233e-03
  1.3068395e-02  1.8958112e-02  1.8926587e-02  4.3385743e-02  7.1564803e-02
  6.4036989e-02  4.9548804e-02  6.0101667e-02  6.5552797e-02  5.7658510e-02
  4.8057953e-02  2.5633448e-02  5.6708831e-03  2.8374775e-03  7.9170115e-03
  2.0798361e-02  2.5622939e-02  1.6585885e-02  1.5223759e-02  1.7222945e-02
  7.8592164e-03 -3.5248453e-03 -1.0854842e-02 -1.5574470e-02 -1.6076237e-02
 -1.4401492e-02 -1.4276707e-02 -1.5038552e-02 -1.0455925e-02 -5.7147548e-03
 -2.0929713e-03  3.1716384e-03  8.6666404e-04 -8.0868503e-03 -2.3694684e-02
 -3.8093549e-02 -3.1252709e-02 -1.6715924e-02 -7.2086272e-03  3.4942402e-03
  6.0707202e-03 -2.8801671e-06 -3.3265030e-03 -7.6004519e-03 -1.7159895e-02
 -1.6039458e-02 -5.6211005e-03 -6.3402556e-03 -1.0362270e-02 -5.2504236e-03
  2.9165517e-04 -9.0442789e-03 -2.7641828e-02 -2.9789442e-02 -1.6652875e-02
 -1.5682179e-02 -2.1463005e-02 -1.3941758e-02 -1.8962052e-03  1.1839067e-02
  2.4765207e-02  2.5079140e-02  1.9655594e-02  1.7590732e-02  1.4011375e-02
  4.0851953e-03 -4.0376456e-04  1.8380161e-02  2.9559575e-02  1.4259631e-02
  4.1144869e-04 -3.7122854e-03  4.4332795e-03  2.0787853e-02  2.9338903e-02
  2.7754791e-02  2.6279702e-02  2.3347913e-02  1.8045212e-02  1.3831422e-02
  2.6039327e-03 -1.4138787e-02 -2.3154825e-02 -3.1922607e-02 -3.8985433e-02
 -4.0482852e-02 -4.9265083e-02 -4.7410385e-02 -1.3693502e-02  2.6698717e-02
  3.4335553e-02  2.1741472e-02  1.4308232e-02  4.5557000e-03 -6.2576349e-03
 -4.3802131e-03  5.4892225e-03  6.5107512e-03 -2.0408244e-03 -5.1650445e-03
 -3.5353535e-03 -6.9758705e-03 -2.3209993e-02 -4.5094640e-02 -4.5764537e-02
 -2.6488553e-02 -1.2286979e-02 -8.5852018e-03 -6.2178350e-03  7.3227726e-04
  1.1657538e-02  1.6948418e-02  1.6178692e-02  2.1109666e-02  2.1038736e-02
  8.6952752e-03  1.3399272e-02  3.1962013e-02  2.9182593e-02  1.3485965e-02
  6.5186324e-03  1.0719943e-03 -8.8991344e-03 -1.4681273e-02 -1.5571843e-02
 -1.8334187e-02 -1.7271545e-02 -1.1745018e-02 -8.9984369e-03 -3.3082450e-03
  5.5468863e-03  9.2008512e-03  4.5036844e-03 -6.3121462e-03 -2.3710446e-02
 -3.5561072e-02 -2.8404986e-02 -1.7310951e-02 -8.9055707e-03 -2.7696996e-04
  1.1478636e-02  2.7431664e-02  2.3312448e-02  3.0065282e-03 -2.7875635e-03
  3.7895207e-03  1.7272859e-02  3.2993130e-02  3.7485387e-02  3.4501057e-02
  2.6839264e-02  1.0089582e-02 -2.4920203e-03 -3.0808738e-03 -1.0202546e-02
 -2.2278704e-02 -2.8822687e-02 -3.6950782e-02 -2.6669819e-02  3.6427999e-03
  2.0376719e-02  2.3960016e-02  2.8659810e-02  3.3098212e-02  2.8653242e-02
  1.6834141e-02  3.2071035e-03 -1.0360825e-02 -9.6876437e-03  3.7463057e-03
  6.2561900e-03 -3.2508439e-03 -2.4734996e-02 -4.7353903e-02 -3.9273095e-02
 -2.6629100e-02 -3.4784779e-02 -3.8638662e-02 -3.2570175e-02 -1.8120082e-02
  3.4533896e-04  1.1224994e-02  1.6890623e-02  2.3852307e-02  3.4612707e-02
  3.6437194e-02  2.1795326e-02  1.4126965e-02  2.1243646e-02  2.6409741e-02
  2.7863814e-02  2.0663068e-02  1.7396330e-03 -1.9916985e-02 -3.1893710e-02
 -2.5708319e-02 -1.1592650e-02 -2.7034979e-03  8.7767138e-03  2.3425411e-02
  1.9050058e-02  7.6028162e-03  7.3901564e-03  8.4284982e-03  9.1011546e-03
  5.6852005e-03 -2.3274356e-03 -6.0990924e-03 -9.9977670e-03 -5.6220199e-03
  1.1136068e-02  1.7641959e-02  1.2147089e-02  5.2290131e-04 -1.2024405e-02
 -9.3800160e-03  5.8579291e-03  1.6073610e-02  5.9680025e-03 -1.4916394e-02
 -2.0226977e-02 -1.1448950e-02 -3.3745780e-03 -1.5771499e-03 -3.6065466e-03
 -1.4199209e-02 -3.3414772e-02 -3.4198947e-02 -1.7771998e-02 -2.1952950e-02
 -3.4076789e-02 -2.6790663e-02 -1.4724619e-02  7.5159922e-09  9.6775295e-03
  8.6550814e-03  9.2170075e-03  1.1450657e-02  1.2960949e-02  1.0872969e-02
  9.6470557e-03  9.2692858e-03  9.3483601e-04 -1.1789547e-02 -1.5498286e-02
 -8.7558288e-03 -9.3974859e-03 -1.4951859e-02 -5.1991961e-03  7.7902563e-03
  8.1074726e-03  4.6171730e-03  7.4056560e-03  1.1434764e-02  9.1410858e-03
  8.4551628e-03  8.5187374e-03  9.4692044e-03  1.0054905e-02  1.4631359e-03
 -8.6892330e-04 -2.6625159e-03 -1.4199209e-02 -7.5251868e-03  3.6294020e-03
 -4.3464555e-03 -5.6239902e-03  4.1900146e-03  8.1646110e-03  2.3893026e-03
 -1.0574142e-02 -2.2063286e-02 -2.5135621e-02 -2.3161393e-02 -1.0582154e-02
  9.4632935e-03  1.4084933e-02  9.1196753e-03  7.8357042e-03  1.5096347e-02
  2.1369744e-02  1.0738464e-02  8.7390156e-03  2.2248493e-02  2.8767519e-02
  2.2805427e-02  9.8289790e-03  1.0075790e-02  1.7928308e-02  2.6027505e-02
  4.4470715e-02  4.9314997e-02  3.4611394e-02  2.0082489e-02  1.3094534e-04
 -1.0762764e-02 -5.5897072e-03 -1.2834062e-02 -2.9471569e-02 -4.8986615e-02
 -6.4605745e-02 -5.7395805e-02 -3.9099710e-02 -2.6918075e-02 -8.5254364e-03
  6.1421760e-03 -3.8247232e-03 -7.2242582e-03  5.0861016e-03  7.3368273e-03
  5.5376916e-03  5.5684281e-03  1.0030999e-03 -3.7988467e-03 -3.7541869e-03
  5.1670148e-03  1.2340571e-02  8.1769581e-03 -6.7423257e-04 -1.4932156e-02
 -2.2512511e-02 -1.7563148e-02 -2.1614060e-02 -2.8804298e-02 -1.8971247e-02
 -2.8671632e-03  1.3961461e-03 -4.4370887e-03 -4.1349779e-03 -8.5653676e-03
 -2.8749130e-02 -3.1416900e-02 -5.0054511e-03  2.2444208e-02  3.9609358e-02
  4.9699859e-02  6.1518961e-02  6.3413064e-02  4.2815673e-02  3.4202887e-02
  2.6261313e-02 -3.8337865e-03 -1.0626814e-02 -3.0384469e-03 -8.9370953e-03
  2.8257871e-03  2.5678107e-02  3.0237354e-02  1.5549513e-02 -4.4202756e-03
 -1.3099132e-02 -1.8564054e-02 -2.7590600e-02 -2.7175526e-02 -2.3601424e-02
 -2.4507756e-02 -1.0602251e-02  1.5910733e-02  2.4993761e-02  1.5479896e-02
  5.0980547e-03 -7.5171743e-03 -2.3996795e-02 -3.7254207e-02 -3.7432846e-02
 -2.7685174e-02 -2.2523020e-02 -1.0993157e-02  1.4490812e-02  3.5009392e-02
  3.2293021e-02  1.2674075e-02  1.9300942e-03 -3.7524793e-03 -1.4892751e-02
 -1.1742917e-02  8.8220304e-04 -8.0684609e-04 -2.4983253e-03  1.3086653e-02
  3.0606455e-02  3.4485295e-02  2.1557578e-02  2.7050741e-03 -7.2795576e-03
 -1.0518054e-02 -7.2848117e-03 -8.6294676e-04 -1.1587658e-03  3.6824684e-03
  2.1318517e-03 -1.6970748e-02 -2.3286178e-02 -1.4636613e-02 -7.5850836e-03
 -1.0078155e-02 -1.3086916e-02  2.3317702e-03  1.3937818e-02  9.3612326e-03
  8.7211517e-03  8.3607203e-03 -2.3770869e-03 -1.3836676e-02 -1.8041271e-02
 -1.8495751e-02 -1.5432610e-02 -5.6895351e-03  1.4523650e-02  3.2658181e-02
  3.5185404e-02  2.8483798e-02  1.4379162e-02  6.3317177e-04 -5.2661859e-04
  7.1588446e-03  1.1627458e-02  3.1286861e-03 -5.5044594e-03 -7.5504065e-03
 -1.2016130e-02 -8.0444234e-03 -6.8943006e-03 -2.0129776e-02 -2.3692057e-02
 -1.3204871e-02 -8.0902655e-03 -1.1246667e-02 -7.9420998e-03  2.6187755e-04
  8.0818589e-03  1.8173937e-02  2.2566366e-02  1.4235988e-02  8.3536273e-04
 -1.1102048e-03  1.0182317e-02  1.2258344e-02 -4.8859203e-03 -1.1668046e-02
 -9.3512498e-04 -2.6481985e-03 -9.0366605e-03  1.5112109e-03  1.2129225e-02
  7.0425976e-03  6.7337878e-03  1.6697535e-02  1.6492625e-02  9.0475628e-03
 -1.3562149e-03 -2.1110980e-02 -3.7790125e-02 -3.5203793e-02 -2.1327711e-02
 -1.2313775e-02 -5.1135543e-03 -1.3245590e-04 -2.6098436e-03 -4.0995127e-03
 -4.0455268e-03 -4.3578831e-04  1.3880023e-02  2.6232415e-02  1.9051372e-02
  2.8385283e-03  2.5387818e-03  1.4102008e-02  1.4658943e-02  3.4930580e-03
 -1.3585793e-02 -2.5608491e-02 -2.2123708e-02 -2.2327304e-02 -1.9947196e-02
  4.5744835e-03  2.4235857e-02  2.2163114e-02  9.2699426e-03 -6.2054879e-03
 -1.5658536e-02 -2.2984067e-02 -3.3330706e-02 -2.7664158e-02 -8.4111597e-03
 -1.2787826e-03  2.1853122e-03  9.3547963e-03  1.0479962e-02  8.6655896e-03
  1.2159698e-02  1.5529810e-02  3.0510567e-03 -8.7958913e-03 -1.2544430e-03
  9.3428433e-03  1.6387543e-02  2.4585254e-02  2.9518856e-02  2.6748631e-02
  1.4581445e-02  4.0476284e-03  1.4603775e-03 -3.7473565e-03 -6.5295346e-03
 -6.4718709e-04 -8.8421274e-04 -4.6526382e-03 -5.2266488e-03 -1.2635326e-02
 -1.9449370e-02 -1.7310951e-02 -1.6086745e-02 -1.4549921e-02 -8.2095336e-03
 -5.7230300e-04  5.4185549e-03  5.6576165e-03  5.0093917e-03  1.0411790e-02
  1.6426948e-02  1.1303017e-02  3.6711721e-03  9.7422863e-04 -8.0435040e-04
  2.7903219e-03  2.7275354e-03 -1.5905479e-03  4.3423835e-04  1.3029252e-03
  3.3437102e-03  9.5137329e-03  3.3659088e-03 -7.7490116e-03 -2.8123892e-03
  8.0879011e-03  8.2754725e-03  2.8620404e-03  5.6626079e-03  1.2387332e-02
  6.2425293e-03 -8.6410267e-03 -1.7102100e-02 -1.8020255e-02 -1.3501727e-02
 -3.9940366e-03 -1.1667652e-03 -1.1495186e-02 -1.2518159e-02 -2.4436826e-04
  4.0304212e-03  5.9308298e-03  3.9891766e-03 -1.2720180e-03  2.0011559e-03
  1.9562333e-03  4.6393716e-04  4.5609541e-03  4.9881126e-03  2.8788536e-03
  1.2849956e-03 -6.1551799e-03 -1.2127123e-02 -6.6569466e-03 -8.3257806e-04
  7.4241767e-03  2.1000644e-02  2.3916670e-02  1.9529495e-02  1.5021476e-02
  9.1267683e-03  8.5978117e-03  8.4539806e-03  3.0171678e-03  3.4101746e-03
  1.1627327e-02  1.3682994e-02  5.2824736e-03 -2.5909288e-03 -4.9561939e-03
 -7.2090213e-03 -7.5932275e-03 -5.4550709e-03 -7.7536089e-03 -1.1889638e-02
 -1.2814359e-02 -1.0953488e-02 -9.1378019e-03 -9.8778421e-03 -9.4102271e-03
 -4.9397749e-03 -8.3780589e-05  2.6223221e-03  5.9128345e-03  8.9489170e-03
  8.5423809e-03  5.1445535e-03  1.9072388e-03 -1.5264478e-03 -6.7867229e-03
 -9.2164821e-03 -9.8591901e-03 -8.2417149e-03 -3.1185719e-03 -6.0189673e-03
 -1.2924302e-02 -7.5044331e-03  1.1429904e-03  5.7707110e-04 -3.3540870e-03
 -6.1007999e-03 -5.2720968e-03 -7.5475168e-04  7.1072231e-04 -7.1573997e-04
  5.2495041e-04  1.1533804e-03  1.0147115e-03  4.2227214e-03  3.3568454e-03
 -2.5607177e-03 -2.4766521e-03  4.6333294e-03  9.8033653e-03  9.3563726e-03
  6.7819942e-03  1.5106855e-03 -5.0950336e-03 -7.2408086e-03 -4.9760282e-03
 -1.2562163e-03 -1.4452720e-03 -5.0959530e-03 -4.2017050e-03 -9.0064494e-06
  2.0963865e-03  2.8929083e-03  3.6790532e-03  2.8332742e-03  9.1886354e-04
 -2.8087113e-04 -6.9586634e-04 -1.9105227e-03 -3.7967451e-03 -2.6837950e-03
  1.1482839e-03  3.9324323e-03  3.9814268e-03  4.3218925e-03  6.4231391e-03
  8.4035413e-03  7.7932774e-03  3.7172768e-03  1.1224994e-03  2.0443709e-06
 -4.3993905e-03 -9.1727417e-03 -1.0174568e-02 -8.7681759e-03 -5.2667113e-03
 -5.2563345e-04  2.1229197e-03  3.0205829e-03  4.4684820e-03  5.1976199e-03
  3.3249268e-03  1.6228606e-03  2.9472882e-03  4.2906306e-03  4.0046762e-03
  5.0603565e-03  6.2006279e-03  4.7818891e-03  1.3600242e-03 -1.3978537e-03
 -1.1120043e-03 -1.3174659e-03 -3.9872063e-03 -5.7315680e-03 -6.3670515e-03
 -5.1848787e-03 -2.0166555e-03 -1.8398550e-03 -5.0590430e-03 -6.6566839e-03
 -4.9464738e-03 -2.1587789e-03 -6.4746293e-05  1.0057401e-03  1.6320553e-03
  1.7498785e-03  3.0854711e-04 -2.8830568e-03 -5.9438337e-03 -7.6935808e-03
 -9.2206854e-03 -1.0348872e-02 -1.0041113e-02 -7.6554886e-03 -4.2116877e-03
 -1.0207931e-03  1.3342791e-03  2.5439046e-03  3.1063561e-03  2.4587881e-03
  1.1431743e-03  7.6908224e-04  1.5273673e-03  2.1259408e-03  1.5822727e-03
  7.6950257e-04  8.8710249e-04  2.1120174e-03  3.1298683e-03  3.3062747e-03
  3.3090331e-03  3.1265844e-03  2.9048614e-03  2.3332151e-03  4.9265083e-04
 -1.4678646e-03 -2.0224350e-03 -1.5694001e-03 -1.0377770e-03  6.2783886e-06
  2.6770961e-03  4.6040378e-03  4.9680157e-03  7.4419093e-03  1.0504262e-02
  1.0156966e-02  6.9737689e-03  2.6524018e-03 -3.9157505e-04 -8.4131300e-04
 -7.5167803e-04 -1.0225270e-03 -1.0220541e-03 -7.8391194e-04  7.2232074e-04
  3.3270284e-03  5.1973572e-03  5.6019230e-03  4.4343303e-03  2.6789350e-03
  1.2004440e-03 -1.3499100e-03 -3.5850048e-03 -3.2941903e-03 -2.2311542e-03
 -1.5401085e-03 -1.4766652e-03 -1.6589825e-03 -5.2357121e-04  1.5112109e-03
  3.0930895e-03  4.5976015e-03  5.1679342e-03  3.8763447e-03  2.3554137e-03
  1.5955393e-03  7.7169616e-04 -8.1594883e-04 -2.3739344e-03 -3.6720915e-03
 -4.0309467e-03 -3.2511066e-03 -2.3424098e-03 -2.4281830e-03 -4.5662082e-03
 -7.4457186e-03 -8.4221933e-03 -8.0348347e-03 -8.6824027e-03 -9.4149558e-03
 -9.0698927e-03 -8.3642669e-03 -7.3004427e-03 -5.8352051e-03 -3.8815988e-03
 -1.1258226e-03  1.0406273e-03  2.0977000e-03  3.5445482e-03  4.4961973e-03
  4.4311778e-03  4.2614704e-03  3.5322011e-03  1.9919612e-03  4.5289041e-04
 -2.7195229e-04 -7.4995731e-04 -2.2076421e-03 -3.5315443e-03 -4.1324822e-03
 -4.8823738e-03 -3.9312501e-03 -1.0567180e-03  6.3938474e-04  1.2253090e-03
  1.5556081e-03  1.4904572e-03  2.7787629e-03  5.2099670e-03  6.4245839e-03
  7.0844991e-03  7.9727049e-03  7.6698060e-03  6.9427697e-03  6.1792174e-03
  4.6598626e-03  2.6555542e-03 -2.9944438e-04 -2.6458342e-03 -3.3699807e-03
 -3.0787721e-03 -1.3178600e-03  7.4211556e-04  2.2876358e-03  4.1814767e-03
  5.4760873e-03  5.1655699e-03  3.7406576e-03  1.8336814e-03  9.4719628e-04
  1.4959740e-03  1.5742602e-03  1.3681680e-03  2.0145539e-03  2.5102783e-03
  2.9170771e-03  3.9094456e-03  4.4670371e-03  3.4339494e-03  1.1592781e-03
 -2.0434514e-04 -3.2346876e-04 -5.9578884e-04 -2.9788128e-04  1.1824093e-03
  2.0856156e-03  1.6954985e-03  7.1927336e-04 -5.2709146e-04 -1.3793330e-03
 -1.8114828e-03 -2.1573341e-03 -2.5314261e-03 -2.9539872e-03 -2.9676479e-03
 -2.5247271e-03 -1.5550827e-03 -4.5256203e-05  1.2706782e-03  1.5818786e-03
  9.2850481e-04  2.9068316e-04  2.5693870e-04  5.9841589e-04  1.1264531e-03
  1.5410280e-03  1.1371320e-03 -2.0312356e-04 -1.9783006e-03 -4.2475470e-03
 -6.5564619e-03 -8.1727549e-03 -9.0895956e-03 -9.4833905e-03 -9.2487948e-03
 -8.2386938e-03 -6.4276050e-03 -4.1284102e-03 -2.3567272e-03 -1.5196175e-03
 -1.0254299e-03 -6.8748604e-04 -5.1696418e-04 -2.4844019e-04  1.5751796e-04
  3.5886827e-04  4.5065742e-04  1.0864694e-03  1.8477361e-03  1.8868792e-03
  1.3357239e-03  4.1085760e-04 -8.5685201e-04 -1.9172216e-03 -2.2428446e-03
 -2.0451590e-03 -1.5944884e-03 -1.2053434e-03 -4.9384613e-04  8.9313158e-04
  2.0425320e-03  2.4058531e-03  2.4463097e-03  2.7573525e-03  3.1665156e-03
  3.3454178e-03  3.8882978e-03  4.6029870e-03  4.8777765e-03  5.0551024e-03
  4.9768163e-03  4.1659771e-03  3.0278073e-03  2.0492309e-03  1.4724619e-03
  1.3292877e-03  1.4207090e-03  1.8064914e-03  2.4422377e-03  2.9294243e-03
  3.1121357e-03  3.2572802e-03  3.4290893e-03  3.1272412e-03  2.3808961e-03
  1.7572342e-03  1.2979995e-03  1.0922752e-03  1.1361338e-03  1.1277666e-03
  1.1841169e-03  1.1756446e-03  1.0708516e-03  9.3495422e-04  6.9291090e-04
  6.5158740e-04  7.3733433e-04  8.0326017e-04  6.9425070e-04  1.5307825e-04
 -1.5817473e-04 -1.5771499e-04 -3.4598258e-04 -5.7502200e-04 -9.0818458e-04
 -1.4886183e-03 -2.3701252e-03 -3.2342935e-03 -3.6174489e-03 -3.9790624e-03
 -4.3733827e-03 -4.3502647e-03 -4.1374736e-03 -4.0608950e-03 -4.0388278e-03
 -4.0562977e-03 -4.0385651e-03 -3.9391312e-03 -3.7373737e-03 -3.2345562e-03
 -2.7756105e-03 -2.6080046e-03 -2.3634262e-03 -2.3299313e-03 -2.8743876e-03
 -3.8533580e-03 -5.1570320e-03 -6.3302728e-03 -7.0060816e-03 -7.4106474e-03
 -7.4501846e-03 -6.8647463e-03 -5.8223326e-03 -4.6371386e-03 -3.3862684e-03
 -2.0723490e-03 -8.5352879e-04  1.2896455e-04  1.0608294e-03  1.9224757e-03
  2.4409242e-03  2.6341438e-03  2.5454808e-03  2.1116234e-03  1.4765339e-03
  8.6734707e-04  4.3016642e-04  1.5502226e-04 -3.7329078e-07 -3.0002233e-05
  1.2815542e-05  6.9379097e-05  1.7870513e-04  3.3873192e-04  5.5095822e-04
  7.8297934e-04  1.1109404e-03  1.7507980e-03  2.6132587e-03  3.4540463e-03
  4.1734642e-03  4.5807884e-03  4.6543458e-03  4.5935296e-03  4.4172545e-03
  4.1021397e-03  3.8390406e-03  3.6273003e-03  3.3371426e-03  2.9663343e-03
  2.5226255e-03  1.8993577e-03  1.0708647e-03  1.8491810e-04 -5.5654070e-04
 -1.0369626e-03 -1.1496762e-03 -8.4140495e-04 -2.8871288e-04  3.2451958e-04
  9.0543931e-04  1.2679723e-03  1.4302978e-03  1.5296003e-03  1.5718958e-03
  1.5221132e-03  1.3767059e-03  1.1647686e-03  8.0571646e-04  2.4539281e-04
 -3.7078194e-04 -1.1252972e-03 -1.9915672e-03 -2.7527551e-03 -3.3180964e-03
 -3.6454270e-03 -3.7506403e-03 -3.7174082e-03 -3.5951189e-03 -3.4507625e-03
 -3.3032536e-03 -3.1217244e-03 -2.9076198e-03 -2.6752571e-03 -2.4146537e-03
 -2.2017312e-03 -2.1051871e-03 -2.0974373e-03 -2.1440675e-03 -2.2377218e-03
 -2.3125928e-03 -2.3271729e-03 -2.2662253e-03 -2.1164834e-03 -1.8860911e-03
 -1.6059161e-03 -1.2849168e-03 -1.0470242e-03 -9.3055391e-04 -8.7507060e-04
 -8.3360261e-04 -7.7018560e-04 -6.1463793e-04 -3.6716975e-04 -2.0137657e-04
 -1.8087244e-04 -2.5131681e-04 -4.0619459e-04 -5.2447755e-04 -4.3083632e-04
 -2.3833918e-05  5.9954552e-04  1.5001773e-03  2.6827442e-03  3.8192064e-03
  4.7202848e-03  5.3128161e-03  5.5682968e-03  5.5550301e-03  5.3619419e-03
  5.1111899e-03  4.8643785e-03  4.5966820e-03  4.2805165e-03  3.9421523e-03
  3.5383746e-03  3.0421248e-03  2.5613745e-03  2.2675388e-03  2.1390761e-03
  2.2113200e-03  2.5527052e-03  3.0988691e-03  3.7505090e-03  4.3995219e-03
  4.9701173e-03  5.3832210e-03  5.6086220e-03  5.7690034e-03  5.7779354e-03
  5.5509582e-03  5.1787051e-03  4.7875373e-03  4.3120411e-03  3.6698585e-03
  3.1422154e-03  2.6636981e-03  2.0383287e-03  1.4823134e-03  9.7424177e-04
  4.7419579e-04  3.9186402e-05 -3.8311594e-04 -7.8501530e-04 -1.1202270e-03
 -1.3890531e-03 -1.5523243e-03 -1.5902852e-03 -1.5173845e-03 -1.3027807e-03
 -1.0959530e-03 -1.1489275e-03 -1.4120398e-03 -1.8263257e-03 -2.3429352e-03
 -2.9081452e-03 -3.3887641e-03 -3.6139024e-03 -3.6837819e-03 -3.6693331e-03
 -3.5160447e-03 -3.3493583e-03 -3.2450644e-03 -3.2211583e-03 -3.3825905e-03
 -3.7432846e-03 -4.1955314e-03 -4.7103020e-03 -5.1876371e-03 -5.5470176e-03
 -5.7785922e-03 -5.7629612e-03 -5.4531006e-03 -4.9123222e-03 -4.1374736e-03
 -3.2986563e-03 -2.5203925e-03 -1.7945384e-03 -1.2072612e-03 -8.1772208e-04
 -5.9108642e-04 -5.1846160e-04 -5.2245472e-04 -5.2769568e-04 -4.9551431e-04
 -4.1150123e-04 -2.6370335e-04 -6.3000617e-05  1.4706230e-04  3.2159042e-04
  4.5436156e-04  5.5344078e-04  7.0054249e-04  9.3526947e-04  1.2780996e-03
  1.7392389e-03  2.2959110e-03  2.9185220e-03  3.5265529e-03  4.0163665e-03
  4.4109495e-03  4.6894169e-03  4.8101299e-03  4.7703301e-03  4.5813138e-03
  4.2793343e-03  3.8972298e-03  3.4871472e-03  3.1340715e-03  2.8890991e-03
  2.7746910e-03  2.7841484e-03  2.9660716e-03  3.2790847e-03  3.6244106e-03
  3.8988060e-03  4.0125573e-03  3.9036660e-03  3.5804075e-03  3.0934836e-03
  2.4875543e-03  1.8271138e-03  1.2144067e-03  7.0616437e-04  3.9697364e-04
  2.6369022e-04  2.0246680e-04  1.9792200e-04  2.4473605e-04  2.9245642e-04
  2.7020530e-04  1.2188727e-04 -1.4788982e-04 -5.0994995e-04 -9.3201193e-04
 -1.4211031e-03 -1.9306196e-03 -2.4372463e-03 -2.9399325e-03 -3.4367078e-03
 -3.9233689e-03 -4.4201442e-03 -4.9309742e-03 -5.3892632e-03 -5.7659823e-03
 -6.0747921e-03 -6.2697193e-03 -6.3409124e-03 -6.2293941e-03 -5.9678712e-03
 -5.6480277e-03 -5.2694697e-03 -4.8281252e-03 -4.3909840e-03 -4.0125573e-03
 -3.7380305e-03 -3.6177116e-03 -3.6640790e-03 -3.8427185e-03 -4.0770514e-03
 -4.3196595e-03 -4.5931355e-03 -4.8177484e-03 -4.9266396e-03 -4.9035216e-03
 -4.7458985e-03 -4.4348557e-03 -3.9897020e-03 -3.4599572e-03 -2.8834509e-03
 -2.2914450e-03 -1.7253156e-03 -1.2000105e-03 -7.3686146e-04 -3.3301809e-04
  1.8835954e-05  3.4493176e-04  6.4065886e-04  9.4869370e-04  1.3088098e-03
  1.6357331e-03  1.9096032e-03  2.1691558e-03  2.3810274e-03  2.5536247e-03
  2.6717106e-03  2.7883517e-03  2.9136620e-03  3.0060028e-03  3.1079324e-03
  3.2399417e-03  3.4131957e-03  3.6464778e-03  3.8838318e-03  4.0928137e-03
  4.2320474e-03  4.2709277e-03  4.1967136e-03  4.0264807e-03  3.7859742e-03
  3.5294427e-03  3.3012833e-03  3.1377494e-03  3.0523703e-03  3.0511881e-03
  3.0996572e-03  3.1675664e-03  3.2269378e-03  3.2517634e-03  3.2099933e-03
  3.0880981e-03  2.8898872e-03  2.6348005e-03  2.3144317e-03  1.9350856e-03
  1.5020163e-03  1.0364897e-03  5.5236369e-04  7.6254088e-05 -3.7223995e-04
 -7.5397670e-04 -1.0442395e-03 -1.2611157e-03 -1.4264886e-03 -1.5453626e-03
 -1.6522836e-03 -1.7613062e-03 -1.8849089e-03 -2.0173123e-03 -2.1502410e-03
 -2.2642550e-03 -2.3596170e-03 -2.4394793e-03 -2.5248585e-03 -2.6332243e-03
 -2.7803392e-03 -2.9596354e-03 -3.1646767e-03 -3.3731332e-03 -3.5600478e-03
 -3.6827311e-03 -3.7222682e-03 -3.6676255e-03 -3.5343027e-03 -3.3501465e-03
 -3.1398510e-03 -2.9212804e-03 -2.7322641e-03 -2.5802892e-03 -2.4631228e-03
 -2.3631635e-03 -2.2723989e-03 -2.1775624e-03 -2.0785225e-03 -1.9952450e-03
 -1.9277298e-03 -1.8240927e-03 -1.7004899e-03 -1.5690061e-03 -1.4069170e-03
 -1.1914989e-03 -9.0505839e-04 -5.5422889e-04 -1.8796548e-04  1.8091185e-04
  5.2093103e-04  7.8988848e-04  9.6955248e-04  1.0935230e-03  1.1753950e-03
  1.2313512e-03  1.2902366e-03  1.3792016e-03  1.4993892e-03  1.6482116e-03
  1.8070169e-03  1.9725210e-03  2.1314576e-03  2.2797546e-03  2.4111072e-03
  2.5238076e-03  2.5989413e-03  2.6462282e-03  2.6814307e-03  2.6879983e-03
  2.6594948e-03  2.6472790e-03  2.6606770e-03  2.6899686e-03  2.7327895e-03
  2.7874322e-03  2.8196136e-03  2.8049021e-03  2.7241203e-03  2.5940813e-03
  2.4188570e-03  2.2174935e-03  2.0174436e-03  1.8472107e-03  1.7246588e-03
  1.6690967e-03  1.6713297e-03  1.7169090e-03  1.7731279e-03  1.8116142e-03
  1.7991357e-03  1.7174344e-03  1.5592860e-03  1.3432110e-03  1.0914608e-03
  8.4633067e-04  6.3473486e-04  4.8341674e-04  3.9851046e-04  3.7030907e-04
  3.6337366e-04  3.4972613e-04  2.9844610e-04  2.0347822e-04  6.9605023e-05
 -8.3360261e-05 -2.3987600e-04 -3.7139930e-04 -4.6804850e-04 -5.2305894e-04
 -5.4541514e-04 -5.4146143e-04 -5.2644783e-04 -5.0528694e-04 -4.8985302e-04
 -4.7692793e-04 -4.6757563e-04 -4.5693607e-04 -4.5152435e-04 -4.4925195e-04
 -4.5374420e-04 -4.5378361e-04 -4.5868306e-04 -4.7568008e-04 -5.0874151e-04
 -5.5317807e-04 -6.1211596e-04 -6.7542788e-04 -7.3992198e-04 -7.9171428e-04
 -8.2604984e-04 -8.3402293e-04 -8.2338338e-04 -7.9637730e-04 -7.6179217e-04
 -7.1407180e-04 -6.5329498e-04 -5.7177759e-04 -4.6923067e-04 -3.3930987e-04
 -1.9215563e-04 -3.5043543e-05  1.1052791e-04  2.3053684e-04  3.0680012e-04
  3.3381934e-04  3.0228159e-04  2.1935874e-04  9.0454611e-05 -6.4519053e-05
 -2.3094403e-04 -3.8570359e-04 -5.1416637e-04 -5.9384482e-04 -6.1902510e-04
