Scaled from
PEER NGA STRONG MOTION DATABASE RECORD
ACCELERATION TIME SERIES IN UNITS OF G
NPTS= 2999.000000, DT= 0.020000, Scalar= 1.000000
 -1.0431122e-03 -1.9653879e-03 -1.6612173e-03 -1.7771413e-03 -1.7233071e-03
 -1.7535774e-03 -1.7206572e-03 -1.7498471e-03 -1.7176607e-03 -1.7424681e-03
 -1.7144197e-03 -1.7338864e-03 -1.7103429e-03 -1.7268743e-03 -1.7072853e-03
 -1.7214929e-03 -1.7031677e-03 -1.7143789e-03 -1.6928126e-03 -1.6898977e-03
 -1.6526357e-03 -1.6309674e-03 -1.5748909e-03 -1.5271515e-03 -1.4415590e-03
 -1.3584329e-03 -1.2388397e-03 -1.1231603e-03 -9.7229810e-04 -8.2100779e-04
 -6.3304660e-04 -4.4076399e-04 -2.1101553e-04  2.3924742e-05  2.9475315e-04
  5.6991724e-04  8.7822577e-04  1.1894085e-03  1.5322883e-03  1.8798973e-03
  2.2603857e-03  2.6487015e-03  3.0708549e-03  3.4991235e-03  3.9534836e-03
  4.4025439e-03  4.8620001e-03  5.3010722e-03  5.7383098e-03  6.1506788e-03
  6.5638632e-03  6.9603327e-03  7.3645481e-03  7.7538832e-03  8.1407721e-03
  8.4909699e-03  8.8069224e-03  9.0525500e-03  9.2374332e-03  9.3397611e-03
  9.3854213e-03  9.3689103e-03  9.3232500e-03  9.2419177e-03  9.1467243e-03
  9.0138204e-03  8.8480982e-03  8.6136818e-03  8.3130172e-03  7.9198092e-03
  7.4538302e-03  6.9110033e-03  6.3373966e-03  5.7564515e-03  5.2140324e-03
  4.7083045e-03  4.2596518e-03  3.8401484e-03  3.4428635e-03  3.0239716e-03
  2.5771536e-03  2.0795793e-03  1.5581760e-03  1.0257043e-03  5.3342982e-04
  9.9814505e-05 -2.4022586e-04 -5.0128419e-04 -6.8739044e-04 -8.4404175e-04
 -9.8809572e-04 -1.1555098e-03 -1.3364589e-03 -1.5320233e-03 -1.7010274e-03
 -1.8256146e-03 -1.8623874e-03 -1.8069632e-03 -1.6481512e-03 -1.4134494e-03
 -1.1120510e-03 -8.1087692e-04 -5.3559053e-04 -3.0887929e-04 -1.1530841e-04
  5.7409597e-05  2.6470708e-04  5.3289983e-04  8.9883403e-04  1.3459986e-03
  1.8589017e-03  2.3765747e-03  2.8688491e-03  3.2956908e-03  3.6615842e-03
  3.9689755e-03  4.2655632e-03  4.5794774e-03  4.9633087e-03  5.4227649e-03
  5.9637572e-03  6.5387908e-03  7.1020017e-03  7.5771536e-03  7.9387664e-03
  8.1729789e-03  8.3360512e-03  8.4866892e-03  8.7052061e-03  9.0197317e-03
  9.4359737e-03  9.8807534e-03  1.0282930e-02  1.0554038e-02  1.0665335e-02
  1.0615394e-02  1.0471075e-02  1.0294753e-02  1.0159607e-02  1.0062783e-02
  9.9932733e-03  9.9105141e-03  9.7615068e-03  9.5181214e-03  9.2400832e-03
  8.8957968e-03  8.5965592e-03  8.3827306e-03  7.9179746e-03  7.2718007e-03
  6.7589384e-03  6.1072608e-03  5.3259407e-03  4.6361450e-03  4.0229932e-03
  3.5421338e-03  3.2251621e-03  2.8627339e-03  2.5433161e-03  2.1611154e-03
  1.4467161e-03  7.2069795e-04  8.3696849e-06 -9.4971259e-04 -1.9500183e-03
 -2.9163439e-03 -3.6234661e-03 -3.7708427e-03 -3.7761425e-03 -3.8552326e-03
 -3.8042725e-03 -4.0274777e-03 -4.6467447e-03 -5.5695299e-03 -6.3834645e-03
 -7.0534877e-03 -7.7418566e-03 -5.7252640e-03 -4.6591789e-03 -1.0634759e-02
 -1.2718007e-02 -5.7566554e-03 -6.9666517e-03 -1.5339598e-02 -1.3400261e-02
 -8.7779771e-03 -1.1381834e-02 -1.5214236e-02 -1.4927637e-02 -1.1655591e-02
 -1.5562599e-02 -2.2024950e-02 -1.5035061e-02 -1.0832688e-02 -2.2026988e-02
 -2.3337682e-02 -1.3902320e-02 -1.4233356e-02 -2.1900607e-02 -2.9071711e-02
 -2.8998329e-02 -2.5526927e-02 -3.1866362e-02 -3.7241632e-02 -3.0349790e-02
 -2.5453545e-02 -2.4691182e-02 -2.4479188e-02 -2.7186188e-02 -2.6562436e-02
 -2.6427902e-02 -3.0710587e-02 -3.2408578e-02 -3.6921603e-02 -3.9229076e-02
 -3.1837825e-02 -3.0103143e-02 -2.9783114e-02 -2.5475967e-02 -2.6925272e-02
 -2.0030576e-02 -1.0527743e-02 -2.4462881e-02 -3.8515635e-02 -2.8246158e-02
 -2.0119858e-02 -2.8136084e-02 -3.1652330e-02 -1.8326063e-02 -6.8090831e-03
 -1.6234457e-02 -2.2122793e-02 -9.5988422e-03 -7.9187900e-03 -2.1295202e-02
 -2.0532839e-02 -8.5315341e-03 -5.4411105e-03 -1.1431571e-02 -1.3840352e-02
 -1.9429451e-03  6.0813731e-03 -2.0034857e-03 -5.4496718e-03  3.2877410e-03
  2.8784296e-03 -9.2276489e-03  9.9600473e-04  1.5821884e-02 -1.1728362e-02
 -2.6071181e-02  1.4040320e-02  1.9285540e-02 -2.8140161e-02 -2.6409556e-02
  1.8914142e-02  1.6102165e-02 -2.3231685e-02 -7.9909495e-03  1.2150720e-02
 -2.1050593e-02 -1.4414774e-02  1.2815239e-02 -3.0961311e-02 -5.5202006e-02
 -6.8647315e-03 -2.0914020e-02 -6.4452281e-02 -4.7557993e-02 -4.1452974e-02
 -5.6537160e-02 -7.9373395e-02 -9.7398997e-02 -7.0263769e-02 -7.6283175e-02
 -1.2377390e-01 -1.0925843e-01 -7.8770027e-02 -7.2966692e-02 -9.4922337e-02
 -1.2939582e-01 -1.0486567e-01 -9.4579885e-02 -1.4072526e-01 -1.5628847e-01
 -1.0343267e-01 -7.1566309e-02 -8.0384443e-02 -2.3459986e-02  1.7007216e-02
 -2.2683354e-02 -3.5926862e-02  1.9354641e-02  2.5058095e-02 -7.0626605e-02
 -4.0187125e-02  6.8849117e-02  3.4055608e-02 -3.2561458e-02 -1.2848465e-02
  3.8063109e-02  3.6854336e-03 -4.2482368e-02 -1.3694810e-03 -2.8264503e-02
 -9.1713890e-02 -3.7936728e-02  3.9924171e-03  3.1220188e-02  1.1463166e-01
  1.5400954e-01  1.8896408e-01  2.7546985e-01  3.3109788e-01  3.7215133e-01
  3.9840597e-01  4.0635574e-01  4.2718823e-01  3.8283257e-01  4.3691141e-01
  5.1767296e-01  4.3026622e-01  4.7264462e-01  5.4015655e-01  4.5175099e-01
  4.7837254e-01  6.0277631e-01  6.8107138e-01  6.7094052e-01  5.6730808e-01
  5.1722451e-01  4.5442130e-01  2.5590118e-01  1.4112479e-01  1.4516491e-01
  7.5102939e-02 -1.4059277e-02 -4.2433446e-02 -7.4952098e-04  9.5244405e-02
  1.8272861e-01  2.6311713e-01  2.5987607e-01  1.9861389e-01  1.8796730e-01
  1.5537935e-01 -4.1669045e-02 -2.8032125e-01 -4.0755840e-01 -4.9031758e-01
 -5.1019202e-01 -5.4148151e-01 -6.3337274e-01 -6.8834849e-01 -8.0162257e-01
 -9.6985201e-01 -1.0000000e+00 -9.4400506e-01 -9.4047862e-01 -9.4053977e-01
 -8.9371764e-01 -8.2176200e-01 -6.6511069e-01 -3.1354723e-01 -3.6177586e-02
  3.5082963e-02  3.3857883e-02  5.5464960e-02  2.2289943e-01  2.8466305e-01
  2.5135554e-01  2.3298952e-01  6.5740552e-02 -8.1754250e-02 -7.9952301e-02
 -8.8385177e-02 -2.6823352e-02  6.5626401e-02  6.4140405e-02  1.8865221e-01
  4.5749929e-01  5.9594765e-01  6.2385340e-01  6.6949325e-01  6.6042236e-01
  5.1793795e-01  2.9815728e-01  9.3242692e-02 -1.8551918e-01 -5.6997839e-01
 -8.8721513e-01 -9.7252232e-01 -8.8354601e-01 -7.0909943e-01 -4.4400506e-01
 -3.7363937e-01 -3.7400628e-01 -2.1429736e-01 -2.8164621e-02  3.5036080e-01
  6.3901912e-01  5.9988177e-01  5.0631905e-01  4.9504668e-01  4.4304701e-01
  3.4078030e-01  3.4864854e-01  1.6120307e-01 -1.2007012e-02  1.3936565e-01
  1.0921155e-01  2.4935790e-02  1.9321619e-01  1.9632068e-01  1.4501203e-01
  7.4014432e-02 -2.4672836e-01 -4.4003017e-01 -4.7774063e-01 -6.1810510e-01
 -7.8651800e-01 -8.3603082e-01 -5.8316686e-01 -1.8321171e-01  5.4743365e-02
  2.4585185e-01  4.8053325e-01  5.9321619e-01  4.5855926e-01  3.6862489e-01
  4.6601981e-01  5.1759142e-01  5.6188593e-01  5.6378165e-01  3.6210200e-01
  4.8267357e-02 -2.7785478e-01 -5.6088711e-01 -6.6657834e-01 -4.7721065e-01
 -2.4609646e-01 -1.3725386e-01 -3.2967100e-02  2.6020221e-02  1.4333646e-01
  3.2767337e-01  2.6309674e-01  2.7251417e-02 -7.7934282e-02 -8.0429288e-02
 -4.7782217e-02 -1.0631497e-01 -2.0150638e-01 -1.1244649e-01  9.6657018e-02
  3.1220188e-01  3.9365649e-01  1.9727669e-01  8.6583228e-03 -2.5867341e-02
 -1.3685841e-01 -2.3720902e-01 -1.2709242e-01  1.0740552e-01  1.5124343e-01
 -6.7815647e-02 -1.6052224e-01 -1.6763831e-01 -4.5556280e-01 -5.8025195e-01
 -4.2816666e-01 -3.7488279e-01 -2.4774756e-01 -6.6731216e-02  5.1426882e-02
 -4.0723226e-02 -2.5215052e-01 -2.0752986e-01  1.4046027e-02  3.0673896e-01
  5.0762363e-01  5.2048596e-01  5.4859554e-01  5.8750866e-01  5.6005137e-01
  5.7427942e-01  5.5890986e-01  4.0816992e-01  1.9938848e-01 -2.0186310e-02
  1.5415630e-02  2.3256146e-01  7.3651596e-02 -1.7624241e-01 -2.2383709e-01
 -4.0800685e-01 -5.1532879e-01 -5.2615272e-01 -6.8578010e-01 -7.5671654e-01
 -6.2866403e-01 -4.6551021e-01 -3.8911085e-01 -2.8747605e-01 -9.3036814e-02
  1.6856986e-02  3.9304497e-02  1.9395002e-01  4.1644584e-01  5.4510987e-01
  6.4293285e-01  5.8585756e-01  3.7054099e-01  1.8328305e-01  4.1090138e-04
 -3.2015166e-02 -4.6571405e-02 -3.2223083e-01 -3.8652208e-01 -9.4188512e-02
  1.6141914e-02 -6.8105100e-03  3.5362224e-02  6.8651392e-02  1.6352277e-01
  3.0802316e-01  3.3087366e-01  2.2151331e-01  1.5464552e-01  3.3702964e-02
 -1.4738677e-01 -1.1153125e-01  2.5830649e-02  1.5773166e-01  3.2651148e-01
  2.6401402e-01 -1.5164703e-02 -9.1479473e-02 -2.4846101e-02 -6.2578988e-02
 -3.2043703e-02  6.4060907e-02  1.7369440e-01  3.1456643e-01  1.8977129e-01
 -1.2095479e-01 -2.3890089e-01 -2.2063680e-01 -2.5508582e-01 -2.5814342e-01
 -2.7669289e-01 -3.5957438e-01 -3.0135758e-01 -2.0869175e-01 -1.3965306e-01
  1.3011334e-02  2.2850503e-01  4.1357169e-01  4.2659709e-01  2.8659954e-01
  1.7238371e-01  1.2570427e-01  1.0116801e-01  1.6073627e-01  2.7269762e-01
  2.4835909e-01  1.2678462e-01  4.6818052e-02 -8.4261486e-03  3.5596641e-02
  7.7239186e-02 -1.8674222e-02 -1.1651107e-01 -1.5128623e-01 -1.0076848e-01
 -3.9520567e-02 -8.3028252e-02 -2.1605039e-01 -3.1898977e-01 -2.7665213e-01
 -2.0702026e-01 -2.3280607e-01 -2.1643769e-01 -1.7871499e-01 -2.3741286e-01
 -2.4587223e-01 -1.3240450e-01 -2.5229320e-02  1.2545762e-02 -7.4617799e-03
 -6.5530596e-02  1.1208162e-02  1.9951282e-01  2.0340821e-01  1.8470994e-01
  3.2977292e-01  3.6990909e-01  3.4055608e-01  3.0612744e-01  1.1568755e-01
  5.1357577e-02  2.4018509e-01  2.7551062e-01  8.3617351e-02 -1.2897998e-01
 -3.3270822e-01 -3.8546211e-01 -2.7571446e-01 -2.7899629e-01 -3.3238208e-01
 -2.2601818e-01 -8.6613804e-02  2.8770027e-02  9.3860329e-02  1.0238086e-02
 -1.0541808e-01 -1.1173101e-01 -4.1391822e-02 -5.0978434e-02 -1.3417791e-01
 -9.4987566e-02  4.9435362e-02  1.1435036e-01  9.6263606e-02  1.3500754e-01
  1.0405642e-01 -6.2195768e-02 -8.6884912e-02  3.8994659e-03  1.0446410e-01
  2.0783562e-01  1.7179869e-01  6.9478984e-02 -1.1110115e-02 -5.0709364e-02
  1.8192955e-02  6.8449590e-02  7.6774430e-02  6.4790656e-02  1.4806148e-02
  4.9755392e-02  3.3179094e-02 -7.9935994e-02 -1.0690407e-01 -1.3595948e-01
 -1.7352114e-01 -1.1087488e-01 -5.6064250e-02 -8.9076196e-02 -7.5906070e-02
 -1.9792898e-02 -5.1649068e-02 -6.6749562e-02 -6.0375474e-02 -1.0699988e-01
 -1.3549880e-01 -1.4021974e-01 -7.5706307e-02  3.4304293e-02  4.9987770e-02
 -6.1545518e-03 -1.0451303e-02  3.8915162e-02  8.3639773e-02  1.2570019e-01
  1.0207713e-01  2.2942232e-02  8.8833626e-03  3.2294427e-02  3.1432182e-02
  4.6571405e-02  1.0439684e-01  1.4811244e-01  1.5126585e-01  1.1835582e-01
  8.0706511e-02  9.0089282e-02  7.1203473e-02 -1.8178279e-02 -4.6477639e-02
 -8.3886420e-03 -3.1285417e-02 -7.6236292e-02 -1.0137592e-01 -8.1682906e-02
 -2.9799421e-02 -5.5128623e-02 -7.0420726e-02 -2.6715317e-02 -2.8853602e-02
 -2.6625627e-02 -2.9679155e-02 -1.2684577e-01 -2.0293530e-01 -1.4364630e-01
 -5.3691549e-02 -2.8484651e-02  3.3839537e-02  1.0903013e-01  1.5360594e-01
  2.1009825e-01  2.3174610e-01  2.2298096e-01  1.4383994e-01  1.7753475e-02
 -5.6186555e-02 -8.8003995e-02 -9.4088630e-02 -5.4095153e-02  4.3560683e-02
  1.2702108e-01  1.0161442e-01  7.3651596e-03 -4.7761833e-02 -4.4412736e-02
 -5.0746056e-02 -5.8233112e-02 -8.1797057e-02 -1.4137755e-01 -1.6875331e-01
 -1.4819805e-01 -5.6231400e-02  6.1659668e-02  1.5386277e-01  2.2938155e-01
  2.5763382e-01  2.4988789e-01  2.0362020e-01  1.7708019e-01  2.0344490e-01
  1.6204289e-01  1.3172367e-01  1.8236373e-01  1.3401484e-01  1.3183986e-03
 -4.7680297e-02 -6.4941498e-02 -1.1987036e-01 -1.5035264e-01 -1.7118105e-01
 -1.7908190e-01 -1.2762037e-01 -7.5624771e-02 -8.4952505e-02 -1.2204737e-01
 -1.3501366e-01 -1.0299441e-01 -2.8076970e-02  2.1980105e-02 -2.9905418e-02
 -8.7090790e-02 -3.4534632e-02  1.0878348e-01  2.1812956e-01  1.7066126e-01
  6.3102858e-02 -5.9586612e-03 -4.0986180e-02 -2.2471360e-02  4.8083901e-03
  3.9803906e-02  1.0139223e-01  1.0309633e-01  4.9341596e-02  2.2834196e-02
  8.0327368e-03 -2.7157650e-02 -9.2847242e-02 -1.9949651e-01 -2.6933426e-01
 -2.4782910e-01 -1.9243345e-01 -1.1050797e-01 -2.8802642e-02  5.8604101e-03
  1.6676383e-02 -1.4187289e-02 -3.2318888e-02  1.2208610e-03  6.6441763e-02
  1.5900159e-01  1.6653349e-01  9.4651229e-02  3.2002935e-02 -1.4592319e-02
 -4.8081862e-02 -1.2237148e-01 -2.1743650e-01 -2.2497860e-01 -1.2401647e-01
 -6.1965429e-02 -1.2417343e-01 -1.5971299e-01 -1.1463981e-01 -3.7068368e-02
  2.5376085e-02 -8.7239594e-03 -2.7479718e-02  5.3504016e-02  1.2881080e-01
  1.5634555e-01  1.3434914e-01  9.5160830e-02  8.9675486e-02  9.8479351e-02
  1.1911207e-01  9.1063639e-02  3.5423376e-02  6.8506666e-02  7.2481552e-02
 -1.0157365e-02  3.6191855e-03  7.6531860e-02  2.8097354e-02 -8.5633332e-02
 -1.5299645e-01 -1.6241388e-01 -1.2788944e-01 -1.0552204e-01 -9.5452322e-02
  1.5553834e-02  1.2605284e-01  1.0914224e-01  1.1149252e-01  1.5278446e-01
  1.3366627e-01  7.9664886e-02  2.6448286e-03 -5.3889274e-02 -2.9683232e-02
 -5.4482449e-02 -1.5061356e-01 -1.5163480e-01 -7.7883322e-02 -3.2174161e-02
  2.0039545e-02  7.4275348e-02  2.9501814e-02 -1.0427657e-01 -2.0388112e-01
 -1.9440662e-01 -1.2132578e-01 -7.8087162e-02 -4.7058584e-02  2.2591626e-02
  3.1823556e-02 -1.1311305e-02  4.3381304e-02  1.5880386e-01  2.1234049e-01
  1.4317543e-01  2.5204860e-02  2.9187900e-03  3.2475845e-02  1.5211790e-02
 -5.1885523e-02 -8.7918382e-02 -6.2731868e-02 -1.2614864e-02 -2.2210445e-02
 -1.2986465e-01 -1.8665050e-01 -1.4502630e-01 -1.2345795e-01 -8.6707571e-02
 -6.7475233e-03  3.3574544e-02  1.0081740e-01  1.9990420e-01  2.4530148e-01
  2.2400016e-01  1.9136532e-01  1.7900444e-01  1.7787721e-01  1.6933833e-01
  1.3809165e-01  9.9551551e-02  9.1226711e-02  1.5322068e-01  1.9530148e-01
  2.1711036e-01  2.4440458e-01  1.4319581e-01 -6.7081822e-03 -7.7326838e-02
 -1.2074687e-01 -1.3785519e-01 -1.6280933e-01 -1.9023401e-01 -1.4154674e-01
 -1.1520241e-01 -1.6075054e-01 -1.9665090e-01 -2.2210445e-01 -2.4619838e-01
 -2.3698479e-01 -1.6290513e-01 -6.8849117e-02  3.2206776e-02  1.6321293e-01
  2.2324595e-01  2.0991479e-01  1.9068246e-01  1.7841738e-01  1.7316442e-01
  1.4295732e-01  9.6459293e-02  6.9330181e-02  5.0197725e-02  4.4506503e-02
  6.3887643e-02  3.8860125e-02 -6.0008561e-03 -1.2841942e-02 -4.5827388e-02
 -7.6511476e-02 -5.9443924e-02 -3.3967956e-02 -1.9515471e-02 -3.2914102e-02
 -4.7384728e-02 -7.7251417e-02 -1.4750296e-01 -1.4400506e-01 -9.9205023e-02
 -1.0829019e-01 -1.2013127e-01 -8.4681398e-02 -2.2526397e-02 -4.0066860e-02
 -8.3346243e-02 -6.9191569e-02 -5.7156835e-02 -7.7936320e-02 -1.0632924e-01
 -9.2747360e-02 -6.2982592e-02 -3.0461902e-02  2.4640222e-02  7.8113661e-02
  1.3408007e-01  1.6822333e-01  1.3256350e-01  7.8859717e-02  6.8294672e-02
  9.2023727e-02  7.4546455e-02 -2.7373721e-02 -5.0417873e-02  7.9145094e-02
  1.5106405e-01  7.8447960e-02  5.8304456e-03 -4.5890578e-02 -7.8798565e-02
 -8.5386685e-03  4.4592115e-02  3.7433242e-02  1.1778099e-01  1.6457866e-01
  5.6070366e-02  1.3949611e-02  9.9624934e-02  9.7458111e-02 -1.7592442e-02
 -1.0082759e-01 -1.3507685e-01 -1.2732684e-01 -4.3760447e-02  4.2871703e-02
  6.9144686e-02  2.1370623e-02 -9.2480329e-02 -1.6499042e-01 -1.5796404e-01
 -1.3260019e-01 -1.1315789e-01 -1.2285662e-01 -8.8495251e-02 -2.0143096e-02
 -1.1470300e-02 -7.9838151e-03  1.1182886e-02 -1.9396429e-02 -1.0807004e-01
 -1.5693669e-01 -1.6553263e-01 -1.4960659e-01 -3.9135309e-02  8.1697175e-02
  1.0588283e-01  7.1474581e-02  4.4420890e-02  5.5974561e-02  8.6399772e-02
  7.5965184e-02  5.9427616e-02  7.2793428e-02  4.2323372e-02 -2.1201435e-02
 -4.6675364e-02 -9.5026295e-02 -1.5750132e-01 -1.0643116e-01 -6.3795915e-03
  4.3964287e-02  7.5184476e-02  5.9445962e-02  6.0544661e-02  1.4334461e-01
  1.8367239e-01  1.3595948e-01  7.2257328e-02  4.7435688e-02  5.2060826e-02
  1.0565045e-01  1.6811122e-01  1.8547026e-01  1.8040483e-01  1.4810428e-01
  1.2157446e-01  1.1786253e-01  6.3708264e-02 -5.9906641e-02 -1.2938359e-01
 -8.9351380e-02 -2.6387134e-02 -3.9848750e-02 -9.2486445e-02 -9.5325941e-02
 -7.7881283e-02 -7.9083941e-02 -7.9459008e-02 -7.1160667e-02 -1.0818827e-01
 -1.3061886e-01 -6.4786579e-02 -2.4990827e-02 -5.5984753e-04  3.7482164e-02
  2.0269885e-02  1.7211260e-02  1.0808839e-02 -4.9198907e-02 -5.9335888e-02
 -4.2578173e-02 -6.4158751e-02 -5.4457989e-02 -4.8834033e-03  3.1803172e-02
  2.5975376e-02  1.4752538e-02  9.2782013e-03 -2.3031921e-02 -1.0641078e-01
 -1.8366831e-01 -1.2079579e-01 -2.3953280e-02 -1.2565739e-02 -2.9236822e-02
 -6.7721880e-02 -5.2643809e-02  2.7842554e-02  3.5500836e-03 -8.1134575e-02
 -8.9971055e-02 -4.9679971e-02 -8.0415019e-03  2.2285866e-02  5.1567532e-02
  6.7530270e-02  3.9736638e-02  2.1778303e-02  5.4572139e-02  3.9545028e-02
 -3.5547719e-03  3.2520690e-02  1.1988463e-01  2.1986220e-01  2.4505687e-01
  1.7841535e-01  1.3725182e-01  1.0688573e-01  4.8475274e-02  4.0280892e-03
 -1.5651881e-02 -4.6724286e-02 -1.0036895e-01 -1.3554364e-01 -9.6074035e-02
 -1.5392393e-02 -9.8966529e-03 -5.2768152e-02 -3.3570468e-02  1.0759917e-02
  3.9367687e-02  4.5945615e-02 -1.2686208e-02 -6.3382119e-02 -8.2649109e-02
 -1.1794814e-01 -8.6475193e-02  6.3999755e-04  4.1593624e-02  7.4106160e-02
  1.4121040e-01  1.8886420e-01  1.6145990e-01  7.4275348e-02  1.0623344e-03
 -4.0496963e-02 -8.0704472e-02 -1.0698357e-01 -1.1271964e-01 -1.0439480e-01
 -6.8908231e-02 -8.3095520e-03  1.9555017e-02 -7.5802112e-03 -2.6056912e-02
 -4.8913531e-02 -6.8380285e-02 -4.8024787e-02 -4.2425293e-02 -3.4758857e-02
  5.2321742e-03  5.1276041e-02  8.0013453e-02  7.6595051e-02  8.2276081e-02
  8.6813568e-02  5.2976069e-02  4.9724816e-02  5.9007705e-02  2.1578540e-03
 -5.9833259e-02 -5.4714827e-02 -2.4055200e-03  1.4689347e-02 -1.1077704e-02
  1.4949040e-02  2.8095316e-02 -3.0920543e-02 -4.5048718e-02 -2.7023115e-02
 -4.0749725e-02 -3.6130702e-02  1.6686575e-02  8.9082311e-02  1.2315219e-01
  1.0205471e-01  7.7080191e-02  6.1201027e-02  3.6271352e-02  4.5737698e-03
 -6.8296710e-02 -1.5647397e-01 -1.8948184e-01 -1.8530515e-01 -1.6446451e-01
 -1.2931224e-01 -8.5148192e-02 -2.7019039e-02  1.0913001e-02  3.0313099e-02
  7.0216886e-02  8.9748869e-02  8.6063435e-02  6.9945778e-02  4.3393534e-02
  4.5664316e-02  7.8319540e-02  8.8507481e-02  3.0245831e-02 -4.6754862e-02
 -3.8627747e-02  4.8791227e-02  1.0642709e-01  1.0912186e-01  6.8276326e-02
  1.1013494e-02 -1.6529210e-02 -3.2100779e-02 -4.7861715e-02 -5.5273350e-02
 -6.0748502e-02 -6.2517836e-02 -7.2536589e-02 -5.8186229e-02  6.9417832e-03
  6.9346488e-02  9.7608953e-02  9.1717966e-02  8.1452566e-02  7.5610502e-02
  8.2910025e-02  8.3486893e-02 -9.5566472e-04 -1.1246280e-01 -1.3827306e-01
 -1.0869787e-01 -7.0485955e-02 -2.9544621e-02 -4.7425496e-02 -8.2553304e-02
 -4.3346651e-02  1.9672021e-02  6.5844511e-02  8.8513596e-02  8.4895430e-02
  7.2952424e-02  6.4878307e-02  8.6515961e-02  1.0345917e-01  5.4608830e-02
 -1.6086469e-02  1.9199315e-03  4.1426475e-02 -1.9426393e-02 -9.1330670e-02
 -1.1685556e-01 -1.4897264e-01 -1.6044682e-01 -1.3144645e-01 -1.1571813e-01
 -7.7265686e-02  1.7445065e-03  4.1785234e-02  3.7800155e-02  3.3760039e-02
  4.0454156e-02  6.3606344e-02  7.3111419e-02  5.7597130e-02  6.1604631e-02
  4.5191406e-02 -8.5702638e-03 -2.8676261e-02 -2.2923886e-02 -3.1845978e-02
 -6.3592075e-02 -1.0151046e-01 -1.1891842e-01 -1.0973949e-01 -7.1525541e-02
 -2.2634433e-02  1.4436789e-02  5.1080354e-02  9.2643402e-02  1.1265237e-01
  1.0515308e-01  7.9852420e-02  5.1467651e-02  5.0169187e-02  4.2635248e-02
  2.9088018e-03  7.5759305e-03  5.3053528e-02  2.9389702e-02 -4.8157283e-02
 -7.4827755e-02 -6.2564719e-02 -5.3053528e-02 -2.2887195e-02 -2.1015940e-03
 -9.3813445e-03 -4.7431612e-03  4.8889070e-03 -9.1801541e-03 -2.0653104e-02
 -8.0001223e-03 -1.8534592e-02 -4.7979942e-02 -6.8608586e-02 -9.5745852e-02
 -1.0101309e-01 -7.7145420e-02 -6.1545518e-02 -4.6648865e-02 -1.0566676e-02
  2.6739777e-02  5.0715480e-02  5.7548208e-02  5.1223042e-02  5.8381915e-02
  8.3509316e-02  1.0586041e-01  8.5908516e-02  2.9108402e-02 -1.3125688e-02
 -2.1969913e-02 -1.6680256e-02 -2.6109911e-02 -5.4957397e-02 -7.9901341e-02
 -5.9350157e-02  7.8751682e-03  5.4990012e-02  6.5620286e-02  7.5775613e-02
  7.7665213e-02  6.5073994e-02  6.9552367e-02  8.4218680e-02  7.8185006e-02
  6.0399935e-02  4.1249134e-02  8.1990705e-03 -3.7991765e-02 -7.2359248e-02
 -1.0686127e-01 -1.3677076e-01 -1.2366790e-01 -1.0078886e-01 -9.3104081e-02
 -6.1839048e-02 -7.9420278e-03  3.0461902e-02  5.1697990e-02  7.6060989e-02
  9.8799380e-02  7.0979249e-02  1.8282034e-02  4.4039708e-03  1.4382364e-02
  2.8855640e-02  2.9648579e-02  2.9781075e-02  3.1951975e-02  1.9534836e-02
  1.9745200e-02  1.2071426e-02 -1.8360716e-02 -2.1580578e-02 -2.9950263e-03
 -2.0828407e-02 -4.1139060e-02 -1.2867218e-02  4.3346651e-03 -1.4389702e-02
 -1.4518937e-02 -1.3908843e-03 -1.7176811e-02 -4.6903665e-02 -4.9771699e-02
 -3.5062579e-02 -2.0317583e-02  2.7473603e-03  2.4744180e-02  2.8992213e-02
  7.9475315e-03 -2.8476497e-03  1.0302091e-02  1.4069265e-02  1.0229320e-02
  1.6812141e-02  2.1682498e-02  2.0246851e-02  3.8101839e-02  7.0508378e-02
  8.2467691e-02  5.0915243e-02 -7.0369766e-03 -5.6078519e-02 -8.1876554e-02
 -7.5950915e-02 -4.7678258e-02 -2.7956704e-02 -6.0811692e-03  1.9131232e-02
  2.5090709e-02  2.9283705e-02  3.9644910e-02  3.8682784e-02  1.0020588e-02
 -4.3159118e-02 -7.6931387e-02 -7.1264626e-02 -5.8977129e-02 -5.5128623e-02
 -5.0923397e-02 -3.8425945e-02 -1.2652167e-02  1.2161727e-02  2.7216764e-02
  4.4376045e-02  5.4684251e-02  5.5956215e-02  5.4859554e-02  3.6120510e-02
  1.9412328e-02  2.6721432e-02  3.6147010e-02  2.7875168e-02  9.9084757e-03
  1.6314566e-02  3.0529170e-02  6.0404012e-03 -2.6387134e-02 -3.0951119e-02
 -1.4901749e-02  1.6462962e-02  4.2510905e-02  4.3721717e-02  3.3334013e-02
  2.0856945e-02  9.6485792e-03  7.2238982e-03  4.7708834e-03 -1.3003995e-02
 -3.5080925e-02 -4.1057524e-02 -5.0668596e-02 -6.7385544e-02 -7.0090505e-02
 -5.3082066e-02 -1.2228994e-02  1.7741449e-02  1.7263647e-02  2.5742998e-03
 -9.6324758e-03 -2.5420930e-03 -3.9045619e-04 -1.7940601e-03  1.0109055e-02
  3.8878470e-03 -1.0253170e-02  3.3613274e-03  2.3176648e-02  1.0211586e-02
 -1.8921481e-02 -3.4736434e-02 -4.8430429e-02 -6.0414204e-02 -6.3053936e-02
 -6.5004688e-02 -6.4334054e-02 -5.4474296e-02 -4.8240858e-02 -3.4862815e-02
  1.7714746e-03  3.2455461e-02  4.6514330e-02  5.2533736e-02  4.0641689e-02
  2.7339068e-02  3.7855192e-02  5.1638876e-02  3.6579151e-02 -6.6837213e-03
 -4.3067390e-02 -5.1045701e-02 -3.9661217e-02 -2.4399690e-02 -1.1656407e-02
  1.6835379e-02  5.5943985e-02  6.7587346e-02  5.6547352e-02  5.4368299e-02
  5.5862449e-02  4.6722247e-02  2.3298952e-02 -7.0180195e-03 -2.5883648e-02
 -1.7567981e-02  1.3276326e-02  3.6371234e-02  4.1322516e-02  3.1752212e-02
  1.1608708e-02  6.7096090e-03  1.8217008e-02  2.4277386e-02  1.3710302e-02
 -2.3833014e-02 -6.9966163e-02 -8.1114191e-02 -4.6687594e-02 -1.1400791e-04
  1.1234865e-02 -7.1331893e-03 -1.1196135e-02 -4.7869868e-03 -3.5089078e-03
  9.9323250e-03  3.2227160e-02  3.3668311e-02  2.4507726e-02  3.2936524e-02
  5.3581475e-02  6.0222594e-02  4.1614008e-02  1.6333116e-02  4.2837050e-04
 -1.0812508e-02 -2.8767989e-02 -4.7315423e-02 -5.4780056e-02 -6.1949121e-02
 -6.6529414e-02 -5.0984549e-02 -3.1978474e-02 -3.0398712e-02 -2.8203351e-02
 -9.3998940e-03  1.4276571e-02  2.9836112e-02  3.8319948e-02  3.4718089e-02
  2.6346366e-02  3.2952831e-02  3.2604264e-02  1.2709650e-02 -1.2477883e-03
 -5.1204696e-03 -2.7563292e-03  7.4000163e-04  3.0867545e-03  9.1516165e-03
  1.0902197e-02  9.8978760e-03  6.6085042e-03 -1.3350320e-03 -5.4494680e-03
 -5.6176363e-03 -1.2318480e-02 -1.8478128e-02 -1.7061437e-02 -2.1462351e-02
 -1.2931020e-02  1.6144360e-02  2.5147784e-02  1.4760691e-02  1.4946390e-02
  2.0504301e-02  2.3417180e-02  2.4945982e-02  9.5837580e-03 -1.3442456e-02
 -2.2212483e-02 -2.3015614e-02 -2.0628644e-02 -1.3609605e-02 -6.8971422e-04
  1.0391170e-02  2.1776265e-02  3.3955726e-02  3.1315993e-02  2.4748257e-02
  2.1596885e-02  1.3257369e-02  1.7459334e-03 -6.9464715e-05  1.6424436e-03
 -9.0062783e-03 -9.5436015e-03  8.8160952e-03  2.1370623e-02  1.7258347e-02
 -7.3356028e-05 -1.7944882e-02 -2.5282319e-02 -2.7577561e-02 -2.8884178e-02
 -1.9505279e-02 -7.7300338e-03 -9.9484284e-03 -1.2170288e-02 -2.3608790e-03
  5.8404338e-03  4.1255249e-03 -5.3785315e-03 -1.3354805e-02 -1.0316360e-02
  4.5994537e-04  6.6458070e-03  1.6254434e-03 -5.3978964e-03 -1.3204574e-02
 -2.4183619e-02 -3.0700395e-02 -2.4868523e-02 -1.1774838e-02 -5.7535978e-03
  1.4786987e-03  1.6410575e-02  2.1494965e-02  1.9823474e-02  2.2826043e-02
  1.5378735e-02 -1.1481919e-04 -6.9336296e-03 -8.4232949e-03 -1.4654898e-02
 -2.8286926e-02 -3.3894574e-02 -2.4477149e-02 -1.8532553e-02 -1.7901464e-02
 -1.1804395e-02 -5.9297158e-03 -5.6003098e-03 -6.7628114e-03  1.8720290e-03
  2.0067267e-02  2.4870561e-02  1.4843451e-02  1.3209059e-02  1.7528028e-02
  1.2751641e-02  7.8362347e-03  8.1034694e-03  6.7664805e-03  3.8460598e-03
 -4.4991643e-03 -9.8145053e-03 -7.5064210e-03 -1.1370011e-02 -1.2184965e-02
 -3.7622814e-03 -9.6457255e-04 -5.8088385e-03 -1.2675812e-02 -1.6297444e-02
 -1.0653308e-02 -7.5206898e-03 -1.1183497e-02 -1.5029761e-02 -2.2173754e-02
 -2.1708998e-02 -8.6136818e-03  1.8082066e-03  7.9230707e-03  1.4063557e-02
  1.4732561e-02  1.2667455e-02  1.5680623e-02  2.0555261e-02  2.1592809e-02
  1.8157691e-02  1.1143544e-02  5.7529863e-03  7.1639692e-03  1.1243834e-02
  7.7763056e-03  1.4379918e-03 -1.9004851e-03 -6.7369236e-03 -1.0698153e-02
 -8.2873334e-03 -3.7971381e-03 -7.7023115e-03 -1.2737372e-02 -8.5973745e-03
 -3.7370052e-03 -3.9025235e-03 -5.6388357e-04  4.3256961e-03  7.1554079e-03
  1.2204126e-02  1.5635982e-02  1.4585593e-02  1.1958090e-02  8.1303763e-03
  4.1035101e-03  4.2510905e-03  6.3157895e-03  6.1512903e-03  4.8919646e-03
  4.3909250e-03  4.2902279e-03  6.1896123e-03  9.0623344e-03  4.0450079e-03
 -5.3027029e-03  2.6908965e-04  1.2880468e-02  9.1430552e-03  1.1977863e-03
 -2.3335644e-04 -6.0143096e-03 -1.2143993e-02 -8.0765624e-03  1.2384321e-03
  6.5434791e-03  6.2352725e-03  2.0191406e-03  7.8602878e-04  3.2168046e-03
 -1.5846345e-03 -7.0516531e-03 -9.7378613e-03 -1.8999144e-02 -2.3439602e-02
 -1.8499327e-02 -1.4722166e-02 -5.0933589e-03  7.2746545e-03  7.4053162e-03
  2.6923234e-03  2.4358922e-03 -9.2205145e-04 -8.1000041e-03 -1.4306943e-02
 -1.7749806e-02 -1.8513392e-02 -2.3886012e-02 -2.2265482e-02 -7.6817237e-03
 -1.2957927e-03  7.0512455e-04  1.1963594e-02  1.9631253e-02  1.7789759e-02
  1.9414367e-02  2.6130295e-02  2.2033104e-02  5.6832729e-03 -4.5868156e-03
 -3.0355905e-03  5.5874679e-03  1.4291247e-02  1.6168617e-02  8.8474866e-03
  3.3264707e-03  1.0022219e-02  1.1948918e-02  2.4888907e-03  6.9605365e-04
  4.1302132e-03  1.6966244e-03 -1.2495414e-03  4.9675894e-03  1.7476253e-02
  2.2919809e-02  1.7225937e-02 -2.9273513e-03 -2.5198744e-02 -3.6273391e-02
 -4.2353948e-02 -3.7156019e-02 -1.7354356e-02 -3.4917852e-03  1.1055078e-03
  1.1659668e-02  1.7576542e-02  1.1640099e-02  6.3308737e-03 -8.9206653e-04
 -1.5127400e-02 -3.2481960e-02 -3.7720657e-02 -2.0306372e-02 -1.1450120e-03
  7.2098333e-04  4.2633210e-03  1.8177871e-02  2.6177178e-02  2.6970117e-02
  1.9348934e-02  6.6392841e-03  2.0463533e-03 -5.9831220e-04 -1.2480329e-02
 -2.2041257e-02 -2.4167312e-02 -2.9454931e-02 -3.2190468e-02 -1.9932325e-02
 -1.3625097e-03  8.0506747e-03  1.0258062e-02  1.1816014e-02  1.0807004e-02
  7.5526927e-03  7.6493131e-03  1.4953321e-02  1.8903135e-02  2.5512658e-03
 -1.6625831e-02 -1.6876554e-02 -1.0816788e-02 -1.2005178e-03  9.1577317e-03
  9.6930164e-03  9.9449631e-03  1.1056301e-02  7.0088467e-03 -2.9085980e-03
 -1.2836846e-02 -8.8071263e-03  1.0738310e-03  2.8661992e-03 -3.5988014e-03
 -1.2655021e-02 -1.4106772e-02 -6.7128705e-03  8.6346773e-03  2.1140283e-02
  1.9091891e-02  1.9559297e-02  2.5388316e-02  2.2797505e-02  1.7532513e-02
  1.3968160e-02  6.2933670e-03 -4.5421746e-03 -1.1636838e-02 -1.2721473e-02
 -9.4671613e-03 -1.0037507e-02 -1.7222675e-02 -1.6120918e-02 -5.2048596e-03
 -1.4232133e-03 -4.2806474e-03  1.6713482e-03  2.0206694e-02  3.4312446e-02
  3.2306657e-02  2.2281789e-02  1.7862938e-02  2.1419544e-02  1.9505076e-02
  1.2807697e-02  1.1029190e-02  5.2227975e-03 -8.5965592e-03 -1.6756696e-02
 -7.1751804e-03  4.8874801e-03 -3.6338620e-03 -1.8183171e-02 -1.6907538e-02
 -4.2855396e-03 -8.1493334e-04 -1.1655999e-02 -1.1639488e-02  2.0114151e-03
  6.6007583e-03  5.3367443e-03  2.5649232e-03 -5.4494680e-03 -8.4854662e-03
 -6.9803090e-03 -5.2629541e-03  2.0801908e-03  9.1654776e-03  9.4335277e-03
  5.9166701e-03  4.4565616e-04 -5.3094297e-03 -5.4121652e-03 -7.7281993e-03
 -2.0345306e-02 -2.9532390e-02 -2.6682702e-02 -1.5887929e-02 -1.9816136e-03
  4.6188185e-03  5.4912552e-03  1.2842961e-02  2.2732276e-02  3.3352358e-02
  4.0293122e-02  2.5692038e-02  1.8947980e-03 -9.7152350e-03 -1.7875984e-02
 -2.4456765e-02 -2.2163561e-02 -1.7930409e-02 -9.3387419e-03  2.5806189e-03
  8.1244649e-03  1.3264911e-02  1.6103184e-02  8.5720983e-03  6.6951364e-04
 -1.0948673e-03 -1.5985772e-04  2.4831832e-03  4.9557666e-03  5.3232908e-03
  4.3815484e-03  3.8966122e-03  4.8530311e-03  6.6570182e-03  5.5340617e-03
 -7.0339190e-04 -6.3632843e-03 -8.9451262e-03 -1.4354234e-02 -1.7005178e-02
 -1.0133515e-02 -4.1573240e-03 -6.7520078e-03 -1.1622773e-02 -1.0077459e-02
 -2.4638183e-03  5.2764075e-03  8.6723878e-03  9.4182396e-03  8.4762934e-03
  1.1661910e-02  1.8099596e-02  1.1559379e-02  8.6250968e-04 -4.2541482e-03
 -2.0129235e-02 -3.1642138e-02 -2.2577357e-02 -8.3344205e-03  4.6524522e-03
  1.4842024e-02  2.1617269e-02  2.5467814e-02  1.9686901e-02  5.4211342e-03
 -2.8686453e-03 -3.0922581e-03 -4.2172530e-03 -2.9065596e-03  3.1442374e-03
  8.5105385e-03  1.2682539e-02  1.3915162e-02  1.0540177e-02  2.4560724e-03
 -3.5981899e-03 -3.8440214e-03 -7.1123976e-03 -9.8214359e-03 -7.2112601e-03
 -3.2498267e-03 -6.4009947e-04 -6.3227200e-03 -1.3897428e-02 -1.5867341e-02
 -1.6245057e-02 -1.0867137e-02 -4.2981777e-03 -3.5152269e-03 -2.2375555e-03
  2.4742142e-03  4.2062457e-03  3.6560806e-03  4.5217905e-03  3.9351380e-03
  4.6281952e-03  3.9377879e-03  9.0276815e-04  9.8560887e-04 -4.4176281e-03
 -9.5902809e-03 -6.2615679e-03 -8.8220066e-03 -1.2075299e-02 -9.5729545e-03
 -1.1105019e-02 -7.9051327e-03  6.7399812e-04 -2.4475111e-04 -6.5133108e-03
 -8.8423906e-03 -1.1700232e-02 -1.4242325e-02 -1.2795263e-02 -1.3215174e-02
 -1.2581230e-02 -7.0797831e-03  3.6809491e-03  1.8183171e-02  2.2932040e-02
  1.8301398e-02  1.3974072e-02  7.7830323e-03  3.0117412e-03  3.5833096e-04
 -5.5517958e-03 -1.1527172e-02 -1.4476334e-02 -1.5125566e-02 -8.4057646e-03
  1.5059318e-03  7.2854580e-03  1.3373558e-02  1.6982551e-02  1.2860696e-02
  7.8694606e-03  4.2488483e-03  1.9176281e-05  2.2308288e-03  4.7841331e-03
  2.0993518e-03  4.5305557e-03  6.8037833e-03  8.1197766e-03  1.2747768e-02
  5.6840882e-03 -8.0802316e-03 -1.5255208e-02 -1.6462962e-02 -1.4882384e-02
 -1.3178890e-02 -1.0228505e-02 -4.9288597e-03  2.6266868e-03  1.0946838e-02
  1.5851441e-02  1.4145094e-02  9.2535366e-03  4.3240654e-03  2.3816707e-03
 -2.3623058e-04 -4.0971911e-03 -4.2596518e-03 -7.5084594e-03 -1.0776020e-02
 -9.8306087e-03 -1.4059481e-02 -1.6632354e-02 -1.2818501e-02 -5.7036569e-03
  4.6985201e-03  1.2763667e-02  1.4124710e-02  9.7449957e-03  1.1541645e-02
  2.0319214e-02  2.0171837e-02  6.8007257e-03 -4.7688450e-03 -1.0372824e-02
 -1.6740797e-02 -1.6397937e-02 -9.7871907e-03 -5.8494027e-03 -3.8998736e-03
 -5.6196747e-03 -7.0842676e-03 -2.6189408e-03 -1.1771169e-03 -4.9062334e-03
 -5.9857719e-03 -6.3848914e-03 -7.8417384e-03 -2.8619185e-03  5.7154796e-03
  1.2203922e-02  2.1011864e-02  2.6692894e-02  2.6156794e-02  2.9658771e-02
  2.9964532e-02  1.5800073e-02 -1.0404215e-02 -2.7518448e-02 -2.6189408e-02
 -1.9810836e-02 -7.3616943e-03  5.4382568e-04  2.2742468e-03  1.5017530e-02
  2.4008317e-02  1.7956093e-02  1.3106119e-02  5.3638550e-03 -6.7165396e-03
 -5.9378695e-03 -1.6977863e-03 -4.7780179e-03 -7.0447226e-03 -3.6026744e-03
 -2.2281789e-03 -2.7241225e-03 -1.2446084e-03 -6.4431897e-03 -1.4245995e-02
 -1.7138285e-02 -1.2699254e-02 -5.5619879e-04  9.3012353e-03  9.9657548e-03
  1.0502670e-02  1.5370786e-02  1.2515390e-02  3.1527987e-03 -1.1154756e-03
 -6.0238901e-03 -6.2707408e-03  4.7437727e-03  1.0176933e-02  5.7519671e-03
  2.0360797e-03 -3.3615312e-03 -7.2860696e-03 -4.5631701e-03 -7.7950589e-03
 -1.0622936e-02 -5.4031962e-03  1.3272045e-03  9.3236577e-03  1.0279465e-02
  3.0688165e-03 -3.9648987e-03 -9.0370582e-03 -1.1784826e-02 -1.6132129e-02
 -1.6959517e-02 -1.1509845e-02 -6.0157365e-03  1.4504464e-03  5.6826613e-03
  3.5127808e-03  1.3870317e-03 -5.9965755e-05  3.1703290e-05  1.0279873e-03
  1.3266338e-03  5.6579967e-03  9.6190224e-03  6.7644421e-03  3.2280158e-03
  1.7573077e-03 -4.5042603e-03 -1.1671287e-02 -9.2090994e-03 -5.8675445e-03
 -9.1096253e-03 -4.6283990e-03  4.8736190e-03  9.1273595e-03  1.3714379e-02
  1.6029394e-02  1.2840515e-02  9.6695748e-03  7.2520282e-03  1.2000897e-03
 -5.4343838e-03 -1.0402381e-02 -1.5778059e-02 -2.1034286e-02 -1.6123976e-02
  6.8088793e-04  1.1721228e-02  1.5889967e-02  2.4817563e-02  3.3906804e-02
  3.3166864e-02  2.6087488e-02  1.7434873e-02  8.6171471e-03 -3.0172449e-03
 -1.8960414e-02 -2.7832362e-02 -2.4948021e-02 -2.0516531e-02 -1.4070488e-02
 -1.1499042e-03  7.2569204e-03  6.7193934e-03  3.4830201e-03  2.5757267e-04
  2.5412777e-03  7.2903502e-03  7.4424151e-03  4.8587386e-03  4.1028986e-03
  6.6062620e-03  8.4012801e-03  9.3391496e-03  7.4299808e-03 -1.4348730e-03
 -9.9708508e-03 -9.6363488e-03 -6.4550124e-03 -6.0304130e-03 -4.1885116e-03
  2.9212361e-03  1.2593665e-02  1.6923641e-02  1.3987729e-02  1.0005911e-02
  1.2442007e-02  1.0996575e-02 -3.1560602e-03 -1.6546129e-02 -2.3810592e-02
 -1.8210486e-02  3.7229402e-04  8.5943169e-03  8.8833626e-03  1.0450079e-02
  7.1935260e-03  2.6429940e-03 -1.7681316e-03  7.9679155e-04  7.9711770e-03
  4.1762811e-03 -5.2827266e-04  9.9781891e-04 -5.4529333e-03 -1.4926821e-02
 -2.4574993e-02 -3.5971707e-02 -2.8211505e-02 -2.5003058e-03  1.4901545e-02
  2.1857801e-02  2.3229647e-02  1.7073260e-02  1.2295854e-02  9.9355864e-03
  2.6870235e-03 -4.6010844e-03 -1.0559134e-02 -1.9749684e-02 -2.2605895e-02
 -2.5804150e-02 -3.2920217e-02 -2.9075788e-02 -2.5677769e-02 -1.8271026e-02
  5.3155449e-03  1.9657548e-02  1.3224958e-02  2.7551062e-03 -6.0202210e-03
 -1.2074687e-02 -5.7397366e-03  8.3605120e-03  7.1378776e-03 -3.1401606e-03
  7.3349912e-03  1.9442497e-02  1.2646459e-02  1.2107098e-02  2.0418688e-02
  2.0089078e-02  1.3073301e-02  8.0370174e-03  4.0955604e-03 -1.2803620e-03
 -7.7630560e-04  1.3997105e-03 -8.5586449e-03 -2.0298015e-02 -2.0626605e-02
 -1.1850463e-02 -1.0951527e-03 -4.2802397e-03 -1.0176526e-02 -3.4603938e-03
 -4.2166415e-03 -8.2471768e-03 -1.1166374e-03  1.3714175e-02  3.1075462e-02
  3.0147988e-02  8.4528517e-03 -1.0805985e-02 -1.3853602e-02 -8.6526153e-03
 -1.7923886e-03  1.5396469e-02  2.8896408e-02  2.4589262e-02  1.0685107e-02
 -1.0707938e-02 -2.0948673e-02 -2.1066900e-02 -2.9697501e-02 -2.4817563e-02
 -7.0585837e-03  7.3971625e-04  3.7926536e-04 -5.0741979e-03 -3.2157854e-03
  1.0192629e-02  1.3234946e-02  1.1047332e-02  1.1839048e-02  9.0007746e-03
  8.3013983e-03  3.1870439e-03 -4.3542338e-03 -1.0760732e-02 -2.6888581e-02
 -3.5943169e-02 -2.6173101e-02 -1.3768804e-02 -1.3816911e-03  8.9759061e-03
  1.0100901e-02  1.3482612e-02  1.9860573e-02  1.6464797e-02  9.6575482e-03
  7.9330588e-03 -9.0880183e-03 -3.7863345e-02 -3.9102695e-02 -1.6740593e-02
  1.9458804e-04  1.1889804e-02  2.2092217e-02  2.9520160e-02  3.3880305e-02
  2.4440458e-02  1.1914061e-02  9.1923845e-03  4.9451669e-03 -7.5851033e-03
 -2.1947491e-02 -2.1362469e-02 -7.3504831e-03  6.2644217e-03  1.1820906e-02
  6.3592075e-03  8.9483876e-03  1.8868890e-02  1.3678911e-02  6.7697419e-03
  4.2023727e-03 -1.2326430e-02 -2.3916589e-02 -2.0783562e-02 -2.4540340e-02
 -2.4020547e-02 -7.1794610e-03  7.2220637e-03  1.1821517e-02  1.3076155e-02
  1.1441967e-02  1.2191895e-02  1.2743283e-02  5.1198581e-03  3.6389580e-03
  9.0005708e-03  5.9611073e-03 -2.4617799e-04 -9.1919768e-03 -1.5371397e-02
 -4.0409311e-03  8.7665620e-03  1.0874679e-02  1.6301724e-02  2.6707163e-02
  3.1053039e-02  2.6933426e-02  1.6377757e-02 -6.6651718e-03 -3.3739655e-02
 -4.3870521e-02 -3.8152799e-02 -2.4012393e-02 -7.1904684e-03  5.8522565e-04
  4.9209099e-03  1.0965388e-02  9.9188715e-03  8.8888662e-03  8.0345713e-03
  1.3972645e-03 -6.2831750e-03 -1.3276938e-02 -1.1923641e-02 -7.3543561e-03
 -9.4634922e-03 -9.9050104e-03 -9.0651881e-03 -1.2947531e-02 -1.3425945e-02
 -9.5024257e-03 -4.9645318e-03  1.0028945e-03  1.8197236e-03 -9.5118024e-04
 -3.0769701e-03 -2.2104448e-03  9.9449631e-03  1.8695626e-02  1.0176730e-02
  3.8915162e-05 -4.3089812e-03  2.2742468e-04  1.4491214e-02  2.0459456e-02
  1.7403889e-02  1.3543765e-02  8.5105385e-03  5.6343512e-03  2.2330711e-04
 -1.2425904e-02 -2.4750296e-02 -3.1142729e-02 -3.3580660e-02 -2.5657385e-02
 -1.1360227e-02 -7.5274165e-03 -8.2465653e-03 -6.6484569e-03 -1.0370582e-03
  5.4767826e-03  4.6897550e-03  5.6714501e-03  6.5526520e-03  2.4493457e-03
  3.2647071e-03  5.2888418e-03  2.1313547e-03  5.7480941e-04 -3.0282523e-03
 -1.0945208e-02 -7.4548494e-03  5.4582331e-03  1.3483632e-02  1.6226304e-02
  1.5398304e-02  1.3132211e-02  8.4921929e-03 -1.8234743e-03 -3.0700395e-03
  5.8695829e-03  1.0079294e-02  1.0235639e-02  8.6905296e-03  4.5878348e-03
 -5.8059848e-03 -1.1288271e-02 -6.9334257e-03 -1.2262832e-02 -1.9327938e-02
 -6.5090301e-03  1.7513352e-02  4.2056341e-02  5.3962656e-02  4.4174243e-02
  2.9668963e-02  1.7745730e-02  1.8557626e-03 -7.5763382e-03 -1.8347059e-03
  7.3256146e-03  9.7831139e-03  4.5535896e-03 -2.4409882e-03 -1.7797913e-03
 -3.6715724e-03 -1.8301602e-02 -2.3845244e-02 -2.1191243e-02 -2.7679481e-02
 -2.2483591e-02 -8.4080068e-03 -7.2993192e-03 -1.0468629e-03  1.1861470e-02
  1.4109422e-02  1.6340658e-02  1.5008765e-02 -9.8662807e-04 -2.0147784e-02
 -3.3066982e-02 -3.0125566e-02 -1.6382649e-02 -7.4122467e-03  6.5153492e-03
  1.5471483e-02  5.8895593e-04 -7.4440458e-03  5.2974031e-03  8.3837498e-03
 -8.0602552e-04  3.6654572e-05  2.2497860e-03 -6.9688940e-03 -1.3069836e-02
 -1.6421379e-02 -1.6988870e-02 -1.0232174e-02 -6.9387256e-03  1.4258021e-03
  2.0312895e-02  2.3368258e-02  1.2473603e-02  1.1804802e-02  1.8402911e-02
  2.8223735e-02  4.0044437e-02  4.4987566e-02  3.2420808e-02  9.5162868e-03
 -2.8152391e-03 -1.4922541e-03 -3.7836846e-03 -2.0027111e-02 -3.7606507e-02
 -3.7482164e-02 -2.1327816e-02 -9.9423132e-03 -3.2940601e-03  4.3876636e-03
  5.1416690e-03 -3.8945738e-04 -5.5683069e-03 -1.2545558e-02 -2.0967019e-02
 -2.2344979e-02 -1.8152187e-02 -1.6908353e-02 -1.5653104e-02 -2.7659097e-03
  1.5854295e-02  2.1908761e-02  1.6600554e-02  1.0261935e-02  5.5261119e-03
  6.3681764e-03  1.1064862e-02  1.6559379e-02  1.7415100e-02  6.5950508e-03
 -1.6294182e-03  3.2626687e-03  3.5992091e-03 -7.5800073e-03 -9.7411228e-03
 -9.4453504e-04 -2.3054344e-03 -5.6959110e-03  3.3244323e-03  9.7592645e-03
  4.2971585e-03 -2.6419748e-03 -3.9928248e-03 -1.2104448e-03  7.6825390e-04
 -4.4769457e-03 -1.0974765e-02 -1.3080028e-02 -1.6374292e-02 -1.7585919e-02
 -8.5773982e-03  9.5821273e-03  2.3875820e-02  2.2699662e-02  1.2033308e-02
  5.9988177e-04 -6.4217865e-03 -6.5232990e-03 -4.2196991e-03 -2.6313751e-03
 -1.8059644e-03 -3.8986506e-03 -9.5213829e-03 -1.2397163e-02 -1.0183252e-02
 -5.7383098e-03  1.8237596e-03  9.8444698e-03  8.6379388e-03 -3.7561662e-04
 -6.9428024e-03 -1.1541848e-02 -1.3583106e-02 -1.1152717e-02 -5.2272820e-03
 -1.6705125e-04 -1.7778956e-03 -3.7655428e-03  2.6044682e-03  1.1008194e-02
  9.4820417e-03  3.3682580e-03  4.5945615e-03  3.5627217e-03 -3.4385829e-03
 -3.1381222e-03 -6.3636920e-04 -2.8977944e-03 -6.1484365e-03 -1.1065474e-02
 -1.5240532e-02 -1.8562314e-02 -2.3052305e-02 -1.4126748e-02  6.0126789e-03
  1.0251539e-02  4.8558849e-03  8.2520690e-03  1.3001345e-02  1.4720943e-02
  1.6122345e-02  1.4054996e-02  9.4793917e-03  6.2892902e-03  3.0841045e-03
  3.8116107e-03  9.8921685e-03  1.1871051e-02  7.1036324e-03  1.6430144e-03
 -5.3008684e-04 -1.3476701e-03 -4.2981777e-03 -6.9476946e-03 -4.7345999e-03
 -2.8806719e-03 -1.7948143e-03  4.8200090e-03  8.8629785e-03  9.5446207e-03
  1.2352725e-02  9.7425496e-03  3.8434098e-03  3.4000571e-03  3.9905826e-03
  5.3304252e-03  1.1030209e-02  1.0840026e-02  4.6650903e-03  5.0085613e-03
  5.4286763e-03  4.9887888e-04 -2.1698805e-03 -5.9627380e-03 -9.8155245e-03
 -5.0340413e-03  2.8040279e-03  7.5174284e-03  9.0138204e-03  4.2262220e-03
 -3.7249786e-03 -9.2906356e-03 -1.2183334e-02 -1.2383301e-02 -1.0674915e-02
 -8.8705206e-03 -7.3360104e-03 -7.1395083e-03 -9.0333890e-03 -9.5173060e-03
 -7.1490888e-03 -5.2205553e-03 -5.1920176e-03 -6.6574259e-03 -5.6808268e-03
 -6.3367850e-06  2.7563292e-03  7.7502140e-04  1.1352277e-03  1.5897101e-03
 -3.8136491e-03 -9.0091320e-03 -7.9112479e-03 -6.3455502e-03 -7.9444739e-03
 -7.7182111e-03 -3.2019243e-03  1.0078071e-03  6.9126340e-04 -2.7506217e-03
 -4.3509723e-03 -3.5981899e-03 -2.3029883e-03 -1.4976355e-04  4.3089812e-05
 -2.9728077e-03 -3.5423376e-03 -4.4178320e-04  1.9191773e-03  2.3062497e-03
  1.4292470e-03  9.3990786e-04  1.7665416e-03  1.2839700e-03 -2.1199397e-03
 -3.0543438e-03  5.1585878e-04  3.0781932e-03  4.1216519e-03  5.2570427e-03
  4.8302010e-03  4.6457255e-03  7.1128053e-03  9.2309104e-03  8.2704146e-03
  6.3879490e-03  5.8284072e-03  4.9457785e-03  3.4228872e-03  3.0932773e-03
  5.2464430e-03  7.9149170e-03  8.0366097e-03  8.2801989e-03  9.9394594e-03
  9.7578377e-03  7.0626605e-03  3.8195605e-03  1.7007827e-03 -4.5489013e-04
 -3.9227037e-03 -5.2651963e-03 -3.7716580e-03 -1.8621020e-03  2.1812956e-03
  5.8893555e-03  6.3486078e-03  7.5316972e-03  1.0389947e-02  1.1395287e-02
  9.4174243e-03  6.2585103e-03  3.6124587e-03  4.3328305e-04 -4.2466061e-03
 -6.5069917e-03 -5.1620531e-03 -4.1100330e-03 -2.6670472e-03  7.6075258e-04
  4.1442782e-03  6.0611929e-03  6.4132252e-03  5.1239349e-03  2.6890619e-03
 -3.5111501e-04 -4.0262546e-03 -7.3427372e-03 -9.1713890e-03 -8.9987362e-03
 -7.2605895e-03 -4.9209099e-03 -2.4913368e-03 -2.7644829e-04  8.5142077e-04
 -3.3886420e-04 -2.9283705e-03 -5.3163602e-03 -7.2137062e-03 -8.7221248e-03
 -9.7845407e-03 -1.0434995e-02 -8.6988870e-03 -2.5524889e-03  4.6860859e-03
  8.8169106e-03  1.0268865e-02  1.0563822e-02  8.2072241e-03  3.3315667e-03
 -2.0182029e-03 -7.8187044e-03 -1.2811570e-02 -1.6466427e-02 -1.9321619e-02
 -1.8790615e-02 -1.4514248e-02 -8.4457173e-03 -9.0562192e-04  6.1417098e-03
  1.0791716e-02  1.3613886e-02  1.3946961e-02  9.5595010e-03  2.8325655e-03
 -2.4401729e-03 -6.7067553e-03 -8.6253007e-03 -7.7110767e-03 -5.4515064e-03
 -1.0207713e-03  4.3446533e-03  9.0388927e-03  1.2383913e-02  1.3194382e-02
  1.0582372e-02  5.2967916e-03 -1.3426964e-03 -7.8653838e-03 -1.2315219e-02
 -1.3730075e-02 -1.1633984e-02 -7.6166986e-03 -2.8857679e-03  2.9872804e-03
  7.8068817e-03  1.0155530e-02  1.1394880e-02  1.1451139e-02  9.5548127e-03
  6.2063272e-03  1.4115333e-03 -3.9828366e-03 -7.2744507e-03 -7.4842024e-03
 -6.1561825e-03 -3.9763138e-03 -7.9703616e-04  2.6397326e-03  5.0085613e-03
  5.7902890e-03  4.6200416e-03  1.4763749e-03 -2.3729055e-03 -5.8465490e-03
 -8.3085328e-03 -9.2337641e-03 -8.8619593e-03 -6.6294998e-03 -1.9681805e-03
  3.1163113e-03  6.7791186e-03  9.2231644e-03  1.0347955e-02  9.4916222e-03
  6.8474051e-03  3.1389376e-03 -7.9622080e-04 -4.4192588e-03 -7.2628318e-03
 -8.0370174e-03 -6.2434261e-03 -3.4114721e-03 -1.2974438e-03  7.8780219e-04
  3.5040157e-03  4.9337519e-03  4.6214685e-03  3.4612092e-03  1.2802397e-03
 -1.1590159e-03 -3.3450202e-03 -5.3120796e-03 -6.0328591e-03 -5.0305761e-03
 -3.2850911e-03 -1.7304823e-03 -1.1755677e-03 -8.4518325e-04  7.2958539e-04
  1.9599658e-03  1.9418036e-03  1.7025765e-03  8.0219332e-04 -8.9956786e-04
 -2.1692690e-03 -2.0006319e-03 -8.3511354e-04  6.6313343e-04  2.1523503e-03
  3.2755106e-03  4.8768804e-03  7.0763178e-03  8.2437115e-03  8.0494517e-03
  6.2609564e-03  2.5339394e-03 -1.6827836e-03 -4.9292674e-03 -7.1217742e-03
 -8.4377675e-03 -8.6844144e-03 -7.4581108e-03 -5.4068653e-03 -2.9285743e-03
  8.3179094e-04  4.5717314e-03  6.4729504e-03  7.4650414e-03  7.5712422e-03
  6.2776713e-03  4.3890905e-03  1.7994619e-03 -1.1502915e-03 -3.2314811e-03
 -4.1406091e-03 -4.0729341e-03 -3.3289168e-03 -1.8417180e-03  2.7216764e-04
  2.3425333e-03  3.8397407e-03  4.1522280e-03  3.1452566e-03  1.4294305e-03
 -8.4495903e-04 -3.3470586e-03 -5.2389009e-03 -5.8673407e-03 -5.1190428e-03
 -3.4090261e-03 -1.1428309e-03  1.2871907e-03  2.8737413e-03  3.1281340e-03
  2.5950915e-03  1.6752619e-03  4.1043255e-04 -1.2790371e-03 -2.9834074e-03
 -3.8175221e-03 -3.6754454e-03 -2.7966896e-03 -1.3995882e-03  3.2934486e-04
  2.1162705e-03  3.4995312e-03  4.2174569e-03  4.0876106e-03  2.8935138e-03
  9.2447715e-04 -1.2298708e-03 -2.8973868e-03 -3.6630111e-03 -3.7524970e-03
 -3.1046924e-03 -1.4998165e-03  4.5413592e-04  1.9890538e-03  2.6323943e-03
  2.3476293e-03  1.2370052e-03 -5.5623955e-04 -2.6841698e-03 -4.8249011e-03
 -6.4552163e-03 -6.9336296e-03 -6.2371071e-03 -4.5254597e-03 -2.2114640e-03
  4.8732113e-05  2.0738717e-03  3.8348485e-03  4.9618819e-03  4.9861389e-03
  3.6634188e-03  1.6046313e-03 -3.2589996e-04 -1.8019895e-03 -2.7571446e-03
 -3.1079539e-03 -2.8535611e-03 -1.9559501e-03 -5.4011578e-04  8.0084798e-04
  1.3486078e-03  9.1477435e-04 -1.8688695e-04 -1.6095234e-03 -3.3678503e-03
 -5.0968242e-03 -5.8595948e-03 -5.0415834e-03 -2.4434343e-03  1.1280117e-03
  4.1081985e-03  5.9560113e-03  7.0167964e-03  7.3914550e-03  6.7018631e-03
  4.9604550e-03  2.4764564e-03 -1.0560969e-04 -1.9984304e-03 -3.0145950e-03
 -3.4903584e-03 -2.9630234e-03 -8.8226181e-04  1.2295242e-03  2.1939337e-03
  3.2219006e-03  4.2828896e-03  4.0093359e-03  2.4316116e-03  5.9578458e-04
 -8.8030495e-04 -2.0591952e-03 -2.5378124e-03 -1.5088874e-03  5.9668148e-04
  2.5871418e-03  4.1976844e-03  5.3092258e-03  5.5130662e-03  5.1090546e-03
  4.4210934e-03  2.6870235e-03 -2.2469322e-04 -2.6213869e-03 -3.8501366e-03
 -4.4812263e-03 -4.3065351e-03 -2.9269436e-03 -8.2952831e-04  1.6232419e-03
