Scaled from
PEER NGA STRONG MOTION DATABASE RECORD
ACCELERATION TIME SERIES IN UNITS OF G
NPTS= 2999.000000, DT= 0.020000, Scalar= 1.000000
  1.5354324e-03  2.9035677e-03  2.4647795e-03  2.6480564e-03  2.5774524e-03
  2.6348487e-03  2.5953887e-03  2.6527850e-03  2.6167493e-03  2.6703953e-03
  2.6426755e-03  2.6888208e-03  2.6666449e-03  2.7065941e-03  2.6880055e-03
  2.7238782e-03  2.7083877e-03  2.7419776e-03  2.7312158e-03  2.7670884e-03
  2.7630120e-03  2.8016567e-03  2.8036134e-03  2.8445408e-03  2.8509001e-03
  2.8929690e-03  2.9027524e-03  2.9466149e-03  2.9606379e-03  3.0077615e-03
  3.0274915e-03  3.0798330e-03  3.1082051e-03  3.1695147e-03  3.2096269e-03
  3.2823506e-03  3.3348552e-03  3.4170363e-03  3.4768784e-03  3.5621576e-03
  3.6242825e-03  3.7116815e-03  3.7806548e-03  3.8807722e-03  3.9701278e-03
  4.0943778e-03  4.2083551e-03  4.3498891e-03  4.4690843e-03  4.5995304e-03
  4.6934516e-03  4.7886773e-03  4.8454213e-03  4.9086877e-03  4.9458649e-03
  5.0024459e-03  5.0430472e-03  5.1038677e-03  5.1400665e-03  5.1770806e-03
  5.1653405e-03  5.1296308e-03  5.0265784e-03  4.8914036e-03  4.6945930e-03
  4.4829442e-03  4.2352596e-03  3.9986629e-03  3.7470650e-03  3.5160123e-03
  3.2675124e-03  3.0253718e-03  2.7496413e-03  2.4740738e-03  2.1650796e-03
  1.8562484e-03  1.5234966e-03  1.2084855e-03  8.9075137e-04  6.1138469e-04
  3.4591051e-04  1.2837529e-04 -7.2753065e-05 -2.3018849e-04 -3.8059288e-04
 -5.0019567e-04 -6.2654905e-04 -7.3565093e-04 -8.6236303e-04 -9.7775894e-04
 -1.1079931e-03 -1.2140784e-03 -1.3125489e-03 -1.3594932e-03 -1.3730433e-03
 -1.3201963e-03 -1.2356672e-03 -1.1059059e-03 -9.8132990e-04 -8.5373728e-04
 -7.6624054e-04 -6.9428320e-04 -6.6230759e-04 -6.3202779e-04 -6.1996152e-04
 -5.8751304e-04 -5.5491782e-04 -4.8829246e-04 -4.1398709e-04 -3.0764088e-04
 -2.0799635e-04 -1.0555537e-04 -5.1537634e-05 -4.0469280e-05 -1.1425939e-04
 -2.4558114e-04 -4.4666384e-04 -6.5858988e-04 -8.6958649e-04 -1.0149687e-03
 -1.1024817e-03 -1.1125261e-03 -1.1092975e-03 -1.1201246e-03 -1.2253946e-03
 -1.4314343e-03 -1.7675450e-03 -2.1792656e-03 -2.6474041e-03 -3.0964649e-03
 -3.5151970e-03 -3.8566397e-03 -4.1501435e-03 -4.3926102e-03 -4.6508936e-03
 -4.9409731e-03 -5.3236694e-03 -5.7862640e-03 -6.3541938e-03 -6.9875098e-03
 -7.6950170e-03 -8.4230694e-03 -9.1563397e-03 -9.8159079e-03 -1.0381718e-02
 -1.0806157e-02 -1.1148252e-02 -1.1455942e-02 -1.1838801e-02 -1.2344117e-02
 -1.3020806e-02 -1.3775763e-02 -1.4527622e-02 -1.5141860e-02 -1.5573148e-02
 -1.5794906e-02 -1.5899589e-02 -1.5954213e-02 -1.6075528e-02 -1.6263697e-02
 -1.6496543e-02 -1.6669384e-02 -1.6731346e-02 -1.6615575e-02 -1.6390556e-02
 -1.6100313e-02 -1.5842845e-02 -1.5629892e-02 -1.5471726e-02 -1.5304266e-02
 -1.5110716e-02 -1.4791449e-02 -1.4323311e-02 -1.3677439e-02 -1.2947593e-02
 -1.2210899e-02 -1.1610357e-02 -1.1289460e-02 -1.1157872e-02 -1.0902361e-02
 -1.0767186e-02 -1.0797189e-02 -1.0500587e-02 -9.9980433e-03 -9.9320050e-03
 -1.0041091e-02 -1.0047287e-02 -1.0094084e-02 -1.0341769e-02 -1.0687125e-02
 -1.0772404e-02 -1.0632664e-02 -1.0842845e-02 -1.1034275e-02 -1.1001663e-02
 -1.1599270e-02 -1.2852041e-02 -1.3924798e-02 -1.4753783e-02 -1.5459170e-02
 -1.6237771e-02 -1.7047678e-02 -1.7615119e-02 -1.8179298e-02 -1.9053287e-02
 -1.9821289e-02 -2.0589290e-02 -2.1603509e-02 -2.2938951e-02 -2.4735847e-02
 -2.6927342e-02 -2.9079703e-02 -3.0393947e-02 -3.0377642e-02 -3.0058049e-02
 -2.9621054e-02 -2.8504109e-02 -2.8292134e-02 -2.9709105e-02 -3.1380446e-02
 -3.3723585e-02 -3.6234673e-02 -3.6926037e-02 -3.6414036e-02 -3.6117271e-02
 -3.5127511e-02 -3.2789264e-02 -2.9986303e-02 -2.8321484e-02 -2.8546504e-02
 -2.8786199e-02 -2.8010044e-02 -2.8709562e-02 -3.1639708e-02 -3.3376272e-02
 -3.3072985e-02 -3.3205061e-02 -3.3443125e-02 -3.1908753e-02 -2.9032416e-02
 -2.7891012e-02 -2.7300744e-02 -2.4770089e-02 -2.4652687e-02 -2.8584007e-02
 -3.1078789e-02 -3.2324550e-02 -3.6528176e-02 -4.0113814e-02 -3.7813071e-02
 -3.5301983e-02 -3.6143360e-02 -3.1962562e-02 -2.3540634e-02 -2.2025828e-02
 -2.5208714e-02 -2.6143034e-02 -2.7473585e-02 -3.3581724e-02 -3.9742043e-02
 -3.7800026e-02 -3.4524198e-02 -3.4116554e-02 -2.7424667e-02 -2.2453039e-02
 -2.3602596e-02 -1.8399426e-02 -1.6480237e-02 -2.5975085e-02 -3.2906666e-02
 -3.6345552e-02 -3.7371184e-02 -3.3987738e-02 -3.8225607e-02 -4.3753261e-02
 -3.9784438e-02 -3.9247978e-02 -4.8486825e-02 -5.6197822e-02 -4.5537112e-02
 -3.3588247e-02 -4.2799374e-02 -4.6373598e-02 -3.3359966e-02 -2.2467715e-02
 -1.9134816e-02 -1.5777622e-02 -2.7315419e-03  1.0770774e-02  2.2211714e-02
  5.2625228e-02  8.0036851e-02  7.6831137e-02  8.1160318e-02  9.8700430e-02
  9.9805961e-02  9.7203561e-02  1.1280818e-01  1.4717095e-01  1.6400339e-01
  1.6122163e-01  1.8714127e-01  2.2740021e-01  2.6778959e-01  3.1528829e-01
  3.5580811e-01  3.9432233e-01  4.2072137e-01  4.4201670e-01  4.7260631e-01
  4.7713932e-01  4.8416710e-01  5.2144208e-01  5.5633642e-01  5.8881751e-01
  6.1097704e-01  5.9721498e-01  5.7570767e-01  5.8637164e-01  5.5390686e-01
  5.1715367e-01  5.6910384e-01  5.6044547e-01  5.0970193e-01  5.4966736e-01
  5.4937386e-01  4.3311375e-01  3.2071811e-01  3.1225541e-01  4.0309483e-01
  4.3692930e-01  3.8916971e-01  3.8851748e-01  3.6144991e-01  2.7339877e-01
  2.4641273e-01  2.3183538e-01  1.5107129e-01  2.5251109e-02 -9.9822267e-02
 -1.9027198e-01 -2.9577028e-01 -3.4046439e-01 -2.9249283e-01 -3.1823963e-01
 -3.7966345e-01 -2.8941104e-01 -2.1386642e-01 -2.6219671e-01 -3.0429820e-01
 -4.0826376e-01 -5.1576768e-01 -5.6925059e-01 -6.4952387e-01 -6.6548722e-01
 -6.2749478e-01 -6.4694756e-01 -7.1342617e-01 -7.6767545e-01 -7.8719345e-01
 -8.1360879e-01 -9.1664493e-01 -1.0000000e+00 -8.9590399e-01 -8.4902492e-01
 -9.0823115e-01 -9.1486760e-01 -8.7710344e-01 -8.0936929e-01 -7.6844182e-01
 -6.5671471e-01 -5.6188038e-01 -5.4873793e-01 -5.4066658e-01 -5.1087595e-01
 -4.3172776e-01 -3.7438038e-01 -3.4039917e-01 -2.2312810e-01 -8.9513762e-02
 -5.1919189e-02 -7.9601487e-02 -1.3464649e-01 -1.1103248e-01  3.6008022e-02
  1.7626533e-01  3.0134686e-01  4.3560853e-01  4.6221954e-01  3.7545656e-01
  2.7356183e-01  2.8412797e-01  4.2267806e-01  5.1602857e-01  4.3834790e-01
  3.8592486e-01  3.7056483e-01  3.5222085e-01  4.2103118e-01  3.1039656e-01
  1.0369978e-01  5.4456366e-02  3.1709823e-03  1.8989695e-02  1.9366358e-01
  2.7020284e-01  2.5761479e-01  3.7821224e-01  4.7901448e-01  4.9114597e-01
  4.5701800e-01  3.3061571e-01  2.2404122e-01  1.2753881e-01  6.7147143e-02
  7.4114597e-02  1.1265817e-02 -1.7236825e-01 -2.9487347e-01 -2.2885142e-01
 -2.5321224e-01 -4.7656861e-01 -5.8513240e-01 -4.5217519e-01 -4.2249870e-01
 -5.1087595e-01 -3.8003848e-01 -1.3522208e-01  4.1692212e-02  2.1735586e-01
  3.0883120e-01  1.9454409e-01  1.1994521e-01  2.3721628e-01  3.0341769e-01
  1.6218530e-01  7.6477302e-02  5.9931842e-02 -1.0649133e-01 -1.5569397e-01
 -6.0486238e-03  2.6010957e-02 -3.8028307e-02 -1.1032807e-01 -8.8411492e-02
  1.0774361e-01  2.1288808e-01  2.1957344e-01  3.0605922e-01  3.7663058e-01
  3.9768132e-01  4.2494456e-01  3.6249348e-01  2.2126924e-01  2.8337790e-01
  3.8056027e-01  1.8433668e-01  6.5467649e-02  6.0388403e-02 -1.5506294e-01
 -3.5934646e-01 -4.0505153e-01 -3.2492499e-01 -2.4161884e-01 -3.6087921e-01
 -4.2717845e-01 -3.2236499e-01 -2.5887034e-01 -1.3772828e-01  1.6913971e-02
 -2.0294156e-03 -9.5015327e-02 -4.7040504e-02  1.2009849e-01  2.4422776e-01
  2.6291417e-01  1.9082638e-01  1.6056614e-01  1.8815223e-01  9.2298787e-02
  4.6489369e-02  1.5335899e-01  6.8384751e-02 -5.4870532e-02  2.6865380e-02
  5.4513436e-02  4.8126468e-02  3.8533786e-02 -8.2425646e-02 -1.9593008e-01
 -1.7874380e-01 -8.3821419e-02  5.7546308e-03  1.4676004e-01  2.5873989e-01
  2.4261349e-01  1.9801722e-01  1.4885044e-01  1.1009816e-01  1.8365184e-01
  2.1791025e-01  2.3025372e-02 -1.6626989e-01 -1.9180472e-01 -1.5364923e-01
 -1.2939277e-01 -1.9317441e-01 -2.3472150e-01 -1.5707181e-01 -8.3350183e-02
 -1.1252935e-02  3.8440843e-02 -3.4866619e-02 -1.3923656e-01 -1.7134099e-01
 -1.1289786e-01  1.1423819e-02  1.0708486e-01  1.3970780e-01  5.4037308e-02
 -8.0948343e-02 -4.7467715e-02  9.3921211e-02  1.4795037e-01  1.5758055e-01
  2.0044678e-01  2.1003457e-01  2.1044221e-01  1.8084725e-01  1.0456561e-01
  5.4430277e-02  1.3768915e-02  1.2036101e-02  8.6290112e-02  1.3604226e-01
  1.1520513e-01  1.7165080e-01  2.9016110e-01  1.7934712e-01 -9.1778633e-02
 -1.0619456e-01  1.0415145e-01  1.7582507e-01  8.5199256e-02  1.3696517e-02
 -1.3809353e-02 -5.0502218e-03  3.8960997e-02  4.3725541e-02  4.5439277e-02
  7.3136251e-02 -2.0996935e-02 -1.3288058e-01 -1.0222248e-01 -6.7833616e-02
 -7.3072658e-02 -6.0072071e-02 -1.6716671e-03  1.1428385e-01  2.2340530e-01
  1.9571811e-01 -2.8316593e-03 -1.0001794e-01  2.4854879e-02  6.5033916e-02
 -5.4105792e-02 -1.0365412e-01 -7.4062418e-02 -1.0961062e-01 -2.0674080e-01
 -2.2141599e-01 -1.2496576e-01 -2.8888925e-02  3.1444039e-02  1.7269436e-02
 -6.3789786e-02 -1.1932722e-01 -1.0664297e-01 -5.4621054e-02  1.4377609e-02
  1.0018752e-01  9.9695082e-02  1.4463051e-02  4.4449517e-02  1.6760697e-01
  2.0077289e-01  1.0079898e-01 -7.3413449e-02 -1.8301591e-01 -1.6135697e-01
 -9.8211258e-02 -1.0255837e-01 -1.4154220e-01 -1.0646524e-01 -5.1822985e-02
  1.9266893e-02  1.6165210e-01  2.0996935e-01  1.6578072e-01  1.5226161e-01
  1.1504370e-01  7.3848813e-02  9.2373793e-02  1.0571843e-01  7.9180798e-02
  2.0511023e-02 -2.9021002e-02 -2.1582312e-02 -1.3508512e-02 -8.0620597e-02
 -1.9283199e-01 -2.5490804e-01 -2.9322658e-01 -2.7917101e-01 -1.9692473e-01
 -1.6165373e-01 -1.5332801e-01 -1.1804885e-01 -8.0449387e-02 -2.5660384e-02
  4.5119684e-02  7.2348682e-02  1.2475541e-01  1.7143882e-01  6.3008740e-02
  2.0023480e-02  1.3704507e-01  1.1369684e-01 -7.0194691e-04 -5.1796895e-02
 -1.2578105e-01 -1.5591736e-01 -7.5873989e-02 -6.3406601e-03  7.1952452e-02
  1.2721269e-01  6.1006392e-02  4.8348226e-02  7.0427863e-02  1.6171569e-02
 -1.0445963e-03  1.6943321e-02  1.1075528e-02  2.8957409e-02  1.2166221e-01
  1.7425972e-01  1.1824452e-01  7.0444169e-02  4.4226128e-02 -1.4603770e-02
 -6.0129142e-02 -8.3656731e-02 -1.2512882e-01 -1.1317832e-01 -6.8790764e-02
 -9.2176494e-02 -1.2565060e-01 -1.9514740e-01 -2.9984673e-01 -2.9906405e-01
 -2.4510827e-01 -1.9961518e-01 -1.5956496e-01 -1.0737184e-01 -2.1370337e-02
 -3.4323637e-03 -2.7933407e-02  4.9951083e-03  4.5031633e-02  5.2545330e-02
  7.4898904e-02  9.2711323e-02  6.3889251e-02  3.0873337e-02  3.5316658e-02
  9.4904448e-02  1.5153274e-01  1.1123141e-01  2.5075007e-02 -3.5135664e-02
 -7.8846530e-02 -8.8975672e-02 -1.2353085e-01 -1.7183016e-01 -1.0692832e-01
  2.6139773e-03  8.8607161e-02  1.5362151e-01  1.7220519e-01  1.9017415e-01
  1.7981998e-01  8.1382077e-02 -2.7861662e-02 -4.3895121e-02 -2.9252544e-03
 -5.5857031e-02 -1.7642839e-01 -1.7354226e-01 -5.8607814e-02  6.5801918e-02
  1.1395774e-01  7.1455127e-02  1.1494260e-02 -5.8746413e-02 -8.6642317e-02
 -7.7664362e-02 -1.3451441e-01 -2.1720911e-01 -2.0111531e-01 -1.0899752e-01
  7.5635925e-03  1.6626989e-01  2.6113684e-01  1.9516371e-01  8.8944691e-02
  6.0372098e-02  9.3981542e-02  1.2983792e-01  8.6898317e-02 -7.1324680e-03
 -6.9506588e-02 -6.1797221e-02  1.0907253e-02  6.1161297e-02  4.4048396e-02
  1.5700333e-02 -5.7048983e-03 -2.4246674e-02 -1.2219378e-02  3.3813266e-02
  9.7821550e-02  1.4953366e-01  1.5989597e-01  1.0645545e-01  1.7303679e-02
 -4.5437647e-02 -8.4535612e-02 -1.1916580e-01 -1.1387784e-01 -2.6118576e-02
  7.7713279e-02  8.9957279e-02 -1.7422711e-03 -8.0464062e-02 -3.3953496e-02
  5.1537634e-03 -6.5748109e-02 -1.4197756e-01 -1.7895578e-01 -1.4156503e-01
 -4.0480694e-02  3.5147078e-02  8.6865706e-02  1.1552798e-01  9.6204018e-02
  6.7060723e-02  5.9895969e-02  5.6991912e-02  8.3121902e-03 -6.6110097e-02
 -1.0737999e-01 -1.3255283e-01 -1.1292232e-01  7.4598878e-03  1.1820702e-01
  1.3317245e-01  1.2362705e-01  1.2025502e-01  1.4586812e-01  1.7380316e-01
  1.1741456e-01  4.8711845e-02 -6.5017610e-03 -5.8808375e-02 -1.2704474e-02
  2.2912862e-02 -3.8674015e-02 -7.8127446e-02 -4.1056288e-02  5.8343660e-04
 -7.6200104e-03 -8.3930668e-04  2.0641469e-02 -2.0140882e-02 -8.2008218e-02
 -1.0469769e-01 -1.2095128e-01 -1.5024948e-01 -1.4098617e-01 -7.8833486e-02
 -1.8418993e-02  2.8063853e-02  6.8591834e-02  6.5343726e-02  1.0962692e-02
 -2.4409731e-02 -1.7773285e-02 -3.9931190e-02 -9.0873663e-02 -9.8252022e-02
 -7.4047743e-02 -5.6853313e-02 -3.4331790e-02 -3.0276546e-03  2.7514349e-02
  3.8341378e-02  2.9743347e-02  2.0139251e-02  2.7230629e-02  5.6740804e-02
  9.1884620e-02  1.0731314e-01  8.9301787e-02  7.4331464e-02  5.2005609e-02
 -1.2273676e-02 -5.1068028e-02 -2.8054070e-02  1.1407677e-02  7.1981803e-02
  1.2878620e-01  1.5271002e-01  1.9907709e-01  2.3808049e-01  1.9206561e-01
  1.3243706e-01  1.1224563e-01  4.9543439e-02 -4.5638208e-02 -9.1093791e-02
 -7.3472150e-02 -6.2444560e-02 -7.9855857e-02 -9.3541286e-02 -1.3173428e-01
 -1.5120010e-01 -7.9683016e-02 -1.7445539e-02 -6.0083486e-03 -1.2084203e-03
 -6.3388664e-02 -1.2571582e-01 -1.1352074e-01 -8.0017284e-02 -6.0864532e-02
 -4.2742304e-02 -1.5997098e-02 -1.4946680e-02 -2.9239499e-02  4.7953626e-03
  2.5554396e-02 -2.5518523e-02 -6.3757175e-02 -6.0015001e-02 -3.2097900e-02
 -2.4013501e-02 -4.5846921e-02 -2.3393882e-03  4.4191886e-02 -2.1221954e-02
 -1.1082866e-01 -9.3813592e-02 -2.7074093e-02 -2.8117662e-02 -4.0268719e-02
 -3.1918536e-03 -4.5887686e-04 -3.4411688e-02  2.5466345e-02  1.4095845e-01
  1.4563821e-01  6.8391273e-02  5.2853509e-02  7.5699517e-02  9.1680798e-02
  1.0760664e-01  1.0543960e-01  1.2030720e-01  1.5687451e-01  1.4825528e-01
  1.1389088e-01  1.1098846e-01  8.8463671e-02  6.3109836e-02  7.4884229e-02
  7.1442082e-02  2.2108988e-02 -5.7510436e-02 -1.1970063e-01 -1.0838769e-01
 -8.0274915e-02 -1.1114010e-01 -9.7343791e-02 -1.2418960e-02  1.5401611e-02
 -2.6720258e-02 -8.1016828e-02 -1.2368739e-01 -1.2033492e-01 -9.0327420e-02
 -9.0529611e-02 -7.0083812e-02  2.6868641e-02  1.1568778e-01  1.3045102e-01
  9.2804266e-02  3.9052309e-02  7.6190321e-03  1.4389512e-03  2.9262327e-03
 -1.2837366e-02 -1.9981085e-02  1.6587855e-02  1.0561408e-03 -5.6625033e-02
 -2.8440517e-02  3.1837008e-02  2.8365510e-02 -2.8153535e-02 -6.9183733e-02
 -2.7566528e-02  3.3847508e-02  4.0599726e-02 -7.1117597e-03 -6.7672189e-02
 -7.8422580e-02 -7.0450691e-02 -7.0005544e-02 -4.4397339e-02 -4.7505218e-04
  3.3663253e-02  3.7426624e-02 -2.8771524e-02 -9.7919384e-02 -7.0274589e-02
 -1.8234738e-02 -1.2717519e-02 -3.1365771e-02 -2.9451474e-02  2.7851878e-02
  1.0077452e-01  1.3325072e-01  1.3216638e-01  9.2776546e-02  3.3531177e-02
  3.3195278e-02  6.6450887e-02  5.6938103e-02  5.2189864e-02  6.1880381e-02
  2.5562549e-02 -1.0953398e-02 -1.2709529e-02 -6.0621576e-02 -1.4272926e-01
 -1.4197430e-01 -6.9418536e-02 -5.5550483e-03  4.4783786e-02  8.6520023e-02
  8.9270806e-02  7.7899165e-02  9.3577159e-02  9.2225411e-02  3.3162666e-02
 -1.9682690e-02 -1.3340236e-02  1.6886251e-02  4.1007370e-02  4.4120141e-02
  7.7688821e-03 -5.1293047e-02 -9.8666188e-02 -1.5227955e-01 -2.0028372e-01
 -1.7952648e-01 -1.0386610e-01 -4.1447626e-02 -3.9265914e-02 -7.1073572e-02
 -7.2306288e-02 -4.1728085e-02 -2.0269697e-02 -5.3420950e-02 -8.9324615e-02
 -6.3077224e-02 -5.5945082e-02 -4.2636316e-02  3.8458779e-02  1.2092193e-01
  1.5551624e-01  1.0930896e-01  2.0550157e-02 -2.4757044e-02 -5.9998696e-02
 -1.1925059e-01 -1.1507468e-01 -1.3622489e-02  6.8285286e-02  2.9068289e-02
 -4.2975476e-02 -5.6792982e-02 -3.7237477e-02 -4.6823637e-03  5.9907383e-02
  1.2549243e-01  1.1295656e-01  6.0259588e-02  8.5707996e-02  2.0219149e-01
  2.8313332e-01  2.6606118e-01  1.8797287e-01  8.5427537e-02  5.4994456e-02
  8.0798330e-02  6.2889708e-02  4.0394273e-02  4.1697104e-02  4.6173037e-02
  5.6104879e-02  7.2924276e-02  5.5806483e-02 -1.9064701e-02 -9.2916775e-02
 -9.8949909e-02 -4.1605792e-02 -3.4881294e-02 -9.0415471e-02 -1.0440093e-01
 -1.1639056e-01 -1.5306711e-01 -1.4432722e-01 -1.1295819e-01 -1.2175026e-01
 -1.5392154e-01 -1.4626924e-01 -7.8857944e-02  2.0015327e-02  7.0279481e-02
  4.9150470e-02  5.4219932e-02  7.1024654e-02  5.2716541e-02  5.8914362e-02
  3.0362966e-02 -4.3197235e-02 -4.0521458e-02 -3.0759196e-02 -6.6542199e-02
 -5.8511610e-02 -4.1405231e-02 -5.5346661e-02 -6.4231672e-02 -5.3145382e-02
 -2.3100378e-02 -2.7105074e-02 -5.1019110e-02 -2.2976454e-02 -1.0369652e-02
 -2.9829768e-02 -5.4524850e-03  4.4488651e-02  7.6930603e-02  8.5275894e-02
  8.5580811e-02  8.6409144e-02  4.2752087e-02 -3.2769697e-02 -4.3453235e-02
 -2.9286786e-02 -4.8863488e-02 -3.5626468e-02 -4.0700822e-03 -2.6633838e-03
 -8.1111401e-04  3.9365380e-02  1.1549048e-01  1.5182135e-01  1.2676755e-01
  1.1585083e-01  1.0671961e-01  6.7416188e-02  3.4566593e-02  1.6397078e-02
  1.6845487e-02  9.1340008e-03 -7.4099922e-02 -1.4910644e-01 -1.1095584e-01
 -3.6807005e-02 -1.9089160e-02 -4.8708583e-02 -6.0346008e-02 -5.4488977e-02
 -4.1669384e-02 -4.7122032e-03 -9.1597639e-03 -5.7784373e-02 -6.4300157e-02
 -3.7270089e-02 -4.1059549e-02 -6.5131751e-02 -4.0218171e-02  1.9460931e-02
  5.8475737e-02  6.7965693e-02  1.6004761e-02 -5.7018002e-02 -6.4694756e-02
 -4.4203300e-02 -3.5401448e-02 -2.3697169e-02 -1.0634131e-02  5.5089029e-03
  1.6928646e-02  3.3222998e-02  7.5575594e-02  1.0101259e-01  8.5756914e-02
  6.9558766e-02  3.8810984e-02 -4.5555048e-03 -1.6705257e-02  1.1912014e-02
  5.6042917e-02  9.0720389e-02  1.2497228e-01  1.3686734e-01  1.0074191e-01
  5.1695800e-02  4.8235716e-02  6.3025046e-02  4.1807983e-03 -1.0764740e-01
 -1.6597639e-01 -1.4365053e-01 -7.6831137e-02 -8.6255870e-03  3.0905948e-02
  3.1417949e-02 -1.0399980e-02 -3.6355335e-02 -2.5904970e-02 -4.1615575e-02
 -6.3108205e-02 -4.3689669e-02 -1.8295069e-02 -4.7687842e-03  2.3837399e-02
  5.7520219e-02  7.1001826e-02  5.0552765e-02  1.2006751e-02 -2.6195213e-02
 -6.0985194e-02 -6.6300874e-02 -5.8340399e-02 -5.2630120e-02 -5.5389056e-02
 -7.8280720e-02 -7.7939930e-02 -4.4185364e-02 -1.3101846e-02  1.0903992e-02
  3.5156861e-02  4.0081203e-02  1.9734868e-02  1.4099922e-02  3.5543308e-02
  5.1720258e-02  6.3315288e-02  7.5262523e-02  6.4490934e-02  2.7207801e-02
 -2.5169580e-03  9.2424341e-03  5.0070115e-02  7.9894991e-02  7.8143752e-02
  4.9222215e-02  9.6699713e-03 -2.4921732e-02 -5.1439799e-02 -4.3143426e-02
  7.2405753e-04  1.1748956e-02 -3.2048983e-02 -9.2362379e-02 -1.0567441e-01
 -4.7927537e-02  3.3363227e-02  9.5845291e-02  9.8625424e-02  5.1351748e-02
  2.5551135e-02  3.5590595e-02  5.0932690e-02  4.2685233e-02  8.1285873e-03
 -3.1620141e-02 -7.0199583e-02 -7.4628229e-02 -4.2329768e-02 -3.5060657e-02
 -5.0396230e-02 -2.7061049e-02  1.0743543e-02  6.5294808e-03 -1.2545656e-02
 -3.8329963e-02 -6.6718302e-02 -3.6301526e-02  3.1018458e-02  3.5266110e-02
 -1.8627707e-02 -3.7738064e-02 -3.1250000e-02 -3.6526546e-02 -2.1546439e-02
  2.5631033e-03 -6.7693386e-03 -2.4201017e-02 -2.1812223e-02 -3.7213019e-02
 -4.5975737e-02 -1.2761381e-02  5.5989108e-03  1.2675450e-02  4.4495173e-02
  6.2659797e-02  2.8342682e-02 -3.1284242e-02 -2.8975346e-02  2.1401318e-02
  1.5121804e-02 -3.4233955e-02 -5.6302178e-02 -5.0588638e-02 -2.1939408e-02
  1.8689669e-03 -1.8719019e-02 -3.4506261e-02 -1.2583812e-02  1.7831985e-02
  4.3668471e-02  5.7384881e-02  5.3455192e-02  6.4983368e-02  1.0221595e-01
  1.3079833e-01  1.1743086e-01  5.4554200e-02  6.5607879e-04 -2.1463279e-02
 -4.9543439e-02 -6.4463214e-02 -4.2934712e-02 -2.7948082e-02 -3.5631359e-02
 -2.0493086e-02 -5.4374837e-03 -1.7047678e-02  1.0136479e-02  4.5426233e-02
  3.0493412e-02  2.3669450e-02  1.4498272e-02 -3.0415145e-02 -3.6114010e-02
  1.8844573e-02  6.2804918e-02  6.0422645e-02  4.9664101e-02  3.7702191e-02
 -3.5778111e-03 -3.1029872e-02 -3.5015001e-02 -4.3679885e-02 -4.4601161e-02
 -5.7559353e-02 -7.9091117e-02 -7.5479390e-02 -5.4012849e-02 -2.5316332e-02
  1.0818549e-02  4.9034699e-02  6.7033003e-02  5.0598422e-02  1.5795558e-02
 -9.0461127e-03 -1.5887686e-02 -1.8161362e-02 -1.9653339e-02 -3.9034373e-02
 -5.5366227e-02 -2.3204735e-02  1.7889056e-02  3.7925580e-02  5.4771067e-02
  5.4891730e-02  2.4802700e-02 -1.3951213e-02 -2.5319593e-02  2.0527328e-04
  2.4510827e-02  2.0859966e-02  4.8450952e-03 -3.6226520e-03 -4.1278046e-03
 -1.4312060e-02 -3.6288482e-02 -5.7618054e-02 -6.7805896e-02 -5.0940843e-02
 -1.4588769e-02  2.9966736e-02  6.3034829e-02  5.9719867e-02  5.2211062e-02
  5.4860749e-02  2.5401122e-02 -1.2805407e-02 -1.8397795e-02 -1.4045460e-02
  1.3725378e-03  3.9146882e-02  8.0997261e-02  1.0067995e-01  8.2714258e-02
  6.3797939e-02  4.9460279e-02  8.5500913e-03 -1.8404318e-02 -1.4349400e-02
 -2.3765654e-02 -3.3942082e-02 -7.0489825e-03  1.4828137e-02 -1.1666775e-02
 -4.3277133e-02 -6.3900665e-02 -8.7589682e-02 -9.7426950e-02 -9.3997848e-02
 -9.1941691e-02 -7.9185690e-02 -4.4661492e-02 -1.3178972e-02  1.1734281e-02
  2.8870989e-02  2.2634033e-02  1.8702713e-02  3.5543308e-02  4.6337725e-02
  3.7361401e-02  3.2477824e-02  4.1979194e-02  5.5170558e-02  6.9774002e-02
  7.0621902e-02  4.8403666e-02  1.9747913e-02 -8.6692865e-03 -2.2611205e-02
 -2.5986499e-02 -3.9738782e-02 -5.8868706e-02 -7.5358727e-02 -6.3853379e-02
 -4.4182103e-02 -5.4011218e-02 -5.4329181e-02 -2.6330550e-02 -4.8527589e-03
 -1.9596269e-02 -4.2297156e-02 -2.3954800e-02 -2.0142512e-03 -1.3163808e-02
 -2.4109705e-02 -1.7499348e-02 -6.6273154e-03  8.3255609e-03  4.2411297e-02
  7.5745173e-02  7.4949452e-02  5.9478542e-02  6.6268262e-02  7.9283525e-02
  6.7429233e-02  4.2768393e-02  1.5560103e-02 -1.4614206e-02 -2.7168667e-02
 -1.6626989e-02 -8.0697235e-05  1.5819365e-02  2.4196126e-02  2.1075202e-02
  2.0484933e-02  3.4504631e-02  3.4291025e-02 -5.5193386e-03 -3.9000130e-02
 -3.1298917e-02 -1.4364238e-02 -2.6666449e-02 -5.2447495e-02 -4.3922841e-02
 -6.8795656e-03  1.8029285e-02  2.5714193e-02  1.8480955e-02  4.8517806e-03
  1.1714225e-03  4.3202126e-04 -2.9560723e-03 -2.3035155e-02 -4.4920754e-02
 -2.2043765e-02  7.6224563e-03 -5.2126272e-03 -2.3746087e-02 -1.6793308e-02
  2.0546895e-03  2.0936603e-02  4.7154644e-02  5.4172645e-02  2.1513827e-02
 -7.7604031e-03 -1.3013142e-02 -1.7500978e-02 -3.1895708e-02 -3.6560788e-02
 -3.3214845e-02 -4.1346530e-02 -4.9615184e-02 -5.4348748e-02 -5.9114923e-02
 -5.9827485e-02 -4.7876989e-02 -1.2506522e-02  3.3495304e-02  6.5164362e-02
  6.3395187e-02  3.7791873e-02  2.1138795e-02  2.4866293e-02  3.3485520e-02
  2.3137882e-02 -9.4464193e-03 -2.9412340e-02 -3.5507435e-02 -4.3670102e-02
 -2.2156274e-02  2.4897274e-02  5.4078072e-02  4.6709496e-02  1.4018067e-02
 -1.3314799e-02 -1.8123859e-02 -2.1629598e-02 -2.9898252e-02 -1.3328170e-02
  1.4162862e-02  2.1960605e-02  2.2019306e-02  2.9201996e-02  4.3029285e-02
  5.2941560e-02  4.4504957e-02  2.2787308e-02  2.5331007e-03 -1.0042069e-02
 -1.2273350e-02 -1.3111792e-02 -1.5634620e-02 -1.1540243e-02 -7.1057266e-03
 -1.1075039e-02 -1.8508675e-02 -1.6406861e-02 -7.5655492e-03 -7.5198930e-03
 -3.8122880e-03  1.0265295e-02  1.2557070e-02  5.0044026e-03  4.8165601e-03
  1.1744391e-02  1.4208355e-02  2.9366684e-03 -4.2704800e-03  4.9318419e-03
  6.2653274e-03 -7.2492173e-03 -1.3647926e-02 -1.7831985e-02 -3.1796243e-02
 -3.0979324e-02 -1.8391273e-02 -1.8702713e-02 -2.1089877e-02 -1.7478150e-02
 -2.4624967e-03  2.0206105e-02  2.9451474e-02  3.4982390e-02  4.5899100e-02
  4.3911427e-02  3.3131685e-02  2.1445343e-02  2.7530655e-03 -1.1870108e-02
 -8.8432690e-03  5.0988129e-04  2.2017675e-03  2.1448604e-03  1.1084007e-02
  2.2580224e-02  1.8702713e-02  4.7924276e-03 -3.0961388e-03  1.0545265e-03
  1.2712953e-02  7.3825985e-03 -2.1621445e-02 -4.3347248e-02 -4.0139903e-02
 -2.6837660e-02 -1.4353966e-02 -7.1195865e-03 -1.2052570e-02 -1.1811734e-02
 -4.8581398e-03 -4.5378946e-03 -9.5512653e-04  1.9309288e-03 -2.7690451e-03
 -6.4052309e-03 -8.6061831e-03 -5.5173819e-03  9.6205648e-03  1.7465106e-02
  1.9834333e-02  3.5818876e-02  4.2548265e-02  3.4677472e-02  2.8311701e-02
  1.1389414e-02 -8.8339747e-03 -1.5434549e-02 -1.3368445e-02 -7.8404644e-03
  2.8603574e-03  1.4251891e-02  1.4683994e-02  8.3024067e-03 -2.8685103e-04
 -1.4018230e-02 -2.1042591e-02 -1.6300548e-02 -2.2588377e-02 -3.2494130e-02
 -2.4303744e-02 -1.0701637e-02 -3.4547026e-03 -2.4321680e-03 -4.8891208e-04
  8.9486042e-03  1.5762621e-02  1.0842682e-02  7.9890099e-03  1.1866521e-02
  7.1947561e-03 -4.2820571e-03 -4.4379403e-03  5.5609183e-03  7.2224759e-03
  1.1805374e-03 -1.4931353e-03 -2.9263958e-03 -3.1442408e-03 -1.5679624e-03
 -5.5160775e-03 -6.1435233e-03 -2.7889382e-04  2.6496869e-03  6.0804200e-03
  7.4139056e-03  4.7255740e-04 -8.3858923e-03 -1.2674309e-02 -1.0699680e-02
 -4.5969215e-03  5.8800222e-04  3.7700561e-03  3.7064636e-03 -2.9498761e-03
 -1.2113390e-02 -9.8046569e-03  1.0030818e-04  3.0871706e-03  3.2145187e-03
  1.9480498e-03 -5.5884751e-03 -1.1421374e-02 -7.9808570e-03 -1.4708616e-03
 -4.8320506e-04 -4.0412210e-03 -4.0240999e-03 -8.3764349e-04 -1.8019502e-03
 -3.9083290e-03 -3.1122815e-03 -5.0270676e-03 -4.6760044e-03  1.1355824e-03
  5.5682559e-03  9.1752544e-03  1.1650633e-02  7.9232977e-03 -2.2749804e-04
 -8.5147078e-03 -1.2279220e-02 -1.4125359e-02 -2.1073572e-02 -2.7543699e-02
 -2.7683929e-02 -2.0008805e-02 -1.3223324e-02 -1.5645219e-02 -1.6644926e-02
 -9.3277133e-03 -1.3322789e-03  4.7828072e-03  9.7940582e-03  1.4923689e-02
  1.8965236e-02  1.7233564e-02  1.5694789e-02  1.6816136e-02  1.2013273e-02
  3.0967910e-03 -5.7960475e-05  2.6273480e-03  3.2291938e-03  1.0519828e-03
  2.2991130e-03  4.3836421e-03  2.4070571e-03 -3.4181777e-03 -1.1326148e-02
 -1.4736010e-02 -9.6655687e-03 -2.3889577e-03  1.3657383e-03  5.6186408e-03
  1.2394828e-02  1.4299504e-02  1.3442473e-02  1.7210736e-02  1.8873924e-02
  1.5181972e-02  1.2296341e-02  7.9216671e-03 -5.7821876e-04 -4.2248239e-03
  1.1564701e-04  4.3329311e-03  5.2238782e-03  5.1385990e-03  6.9332116e-03
  1.2324061e-02  1.2699093e-02  3.6873859e-03 -4.8242238e-03 -1.1532905e-02
 -1.7339551e-02 -1.9180472e-02 -1.7179755e-02 -1.2427439e-02 -9.5116423e-03
 -7.2381294e-03 -2.1078463e-03  7.3186799e-04 -1.1279840e-03 -3.8747391e-03
 -6.1546113e-03 -7.5427211e-03 -3.6462953e-03  2.3706953e-03  4.5465367e-03
  1.0730824e-03 -3.9603444e-03 -1.8981542e-03 -1.6985716e-03 -5.8174080e-03
  1.1969900e-03  1.0164036e-02  1.2741325e-02  1.5526187e-02  1.4184223e-02
  1.2700724e-02  1.1068354e-02  4.4602792e-03 -1.3725378e-03 -7.0215888e-03
 -1.2411786e-02 -1.4640295e-02 -1.3390784e-02 -1.2030557e-02 -1.0240673e-02
 -6.2687516e-03 -6.4371902e-03 -9.8276481e-03 -2.9903144e-03  1.8260827e-02
  3.0707018e-02  2.4871184e-02  1.7830355e-02  7.8510631e-03 -3.3353444e-03
  4.6068680e-03  1.8992956e-02  1.4343204e-02 -7.6399035e-03 -2.2345421e-02
 -9.0407318e-03  1.1791841e-02  2.0574615e-02  2.2175841e-02  1.5276220e-02
  8.1378816e-04 -1.5704735e-02 -2.8129076e-02 -3.0605922e-02 -3.0464062e-02
 -3.3979585e-02 -2.9872163e-02 -9.8855335e-03  1.4566919e-02  2.8861205e-02
  3.0985847e-02  2.3749348e-02  1.4465660e-02  9.8922189e-03  3.4485064e-03
 -9.2083551e-03 -2.0798004e-02 -2.5013045e-02 -2.3597704e-02 -1.9694104e-02
 -1.5100117e-02 -7.4055896e-03  4.6965497e-03  1.2701539e-02  1.7585768e-02
  1.8425515e-02  5.1356640e-03 -8.0641795e-03 -5.1922450e-03  1.2071321e-04
 -2.5446778e-04 -1.0883120e-03 -6.2413579e-03 -1.4696876e-02 -1.8635860e-02
 -1.2324224e-02  2.5617989e-03  1.2805733e-02  8.6903209e-03 -7.0287634e-06
  1.6886251e-03  1.3350509e-02  1.7559679e-02  4.0482325e-03 -1.2469997e-02
 -1.1628131e-02  3.7206496e-03  9.2328137e-03  5.2039851e-03  7.3561831e-03
  9.5005544e-03  9.3086355e-03  1.1958649e-02  1.3371054e-02  1.2922482e-02
  8.4196452e-03 -1.4283362e-03 -1.0791482e-02 -1.6941691e-02 -1.5311929e-02
 -5.5020545e-03 -6.1927668e-04 -4.7348682e-03 -6.7223780e-03 -1.9116880e-03
  6.8588573e-03  1.4929070e-02  1.5759686e-02  8.0051526e-03  4.4619097e-03
  1.1123467e-02  1.4836779e-02  8.9913253e-03 -2.4479846e-03 -9.9336355e-03
 -5.6898969e-03 -7.7008870e-04 -2.8520415e-03 -5.1604487e-03 -4.5305570e-03
 -2.9855857e-03 -2.5529937e-03  1.7469997e-03  8.2172906e-03  1.3709236e-02
  1.6744391e-02  1.0386936e-02  4.8583029e-03  1.3177668e-03 -6.8906535e-03
 -7.0603966e-03 -2.2678059e-03 -3.5619945e-03 -1.0803385e-02 -1.7256392e-02
 -1.5672613e-02 -1.3481281e-02 -7.5119032e-03  4.1692212e-03  2.4111336e-03
 -4.9339616e-03 -5.1671341e-04  5.8682820e-03  1.2314114e-02  1.7724367e-02
  1.3309092e-02  2.7214323e-03 -7.8323115e-03 -1.4984999e-02 -1.8642382e-02
 -1.6734607e-02 -8.9455061e-03 -1.0163221e-03 -8.2127250e-04 -6.3967519e-03
 -1.0829963e-03  1.3607651e-02  1.7535220e-02  1.1050091e-02  5.6124446e-03
  8.0881490e-04  2.5644078e-03  6.9545721e-03  6.3367467e-04 -2.3294417e-03
  8.6704279e-03  1.3350835e-02  5.8532807e-03 -2.4810853e-04  5.9264936e-04
  3.6883642e-03  9.9481477e-04 -1.4431092e-03 -3.9655622e-03 -1.6530785e-02
 -2.2376402e-02 -1.3662438e-02 -9.4224498e-03 -9.9631490e-03 -4.2121054e-03
  8.6255870e-04 -8.6008022e-05  2.5587008e-03  1.0327420e-02  1.4973748e-02
  1.5336225e-02  1.3839682e-02  1.2490543e-02  1.4100411e-02  1.7261284e-02
  1.7253131e-02  1.4137914e-02  1.3267186e-02  1.2002022e-02  4.8310723e-03
 -3.9733890e-03 -1.1508936e-02 -1.8394534e-02 -2.1945930e-02 -2.0145774e-02
 -1.1512523e-02 -1.9129924e-03  1.4458486e-03  1.8306483e-03  2.1711127e-03
  3.2611531e-03  2.1880707e-03  1.8291808e-03  4.4377772e-03  5.3308440e-03
  2.5236434e-03 -3.2371837e-03 -5.2582833e-03 -5.1224563e-03 -9.1191625e-03
 -1.3663579e-02 -1.9769110e-02 -2.0049570e-02 -6.0226976e-03  8.6216736e-03
  1.0900078e-02  6.0116097e-03  4.8543895e-03  6.4557788e-03  5.8708909e-03
  5.5509718e-04 -6.8343986e-03 -9.1276415e-03 -7.4563005e-03 -2.9883577e-03
  3.4436147e-03  6.5404057e-03  7.1084986e-03  5.7593595e-03  3.1773415e-03
  1.9496804e-04 -3.3682820e-03 -2.6423493e-03  6.0866162e-04 -1.0693973e-03
 -8.0193386e-03 -1.2648382e-02 -1.1023350e-02 -7.8489434e-03 -4.5300678e-03
 -2.0555048e-03 -3.7557070e-03 -7.3084073e-03 -8.5827028e-03 -3.9640947e-03
  2.0724628e-03  6.4569202e-03  1.0157677e-02  8.5336225e-03  5.1315875e-03
  3.7659797e-03  1.9884881e-03  1.4004533e-03  1.8604879e-03  2.7082246e-03
  4.2929820e-03  2.8810657e-03 -1.7991782e-03 -6.5466019e-03 -8.3319202e-03
 -7.8262784e-03 -8.9561049e-03 -8.1119554e-03 -2.8675320e-03  3.1015197e-03
  5.5632011e-03  4.4082638e-03  2.2846008e-03 -4.2202583e-03 -1.2452713e-02
 -1.3281698e-02 -8.6404253e-03 -2.1474693e-03  5.0438625e-03  8.7853835e-03
  1.1067375e-02  1.1422352e-02  6.0773219e-03 -1.9111988e-03 -7.4272763e-03
 -8.3914362e-03 -7.5169580e-03 -6.7791221e-03 -3.1695147e-03  1.5966606e-03
  4.8488456e-03  7.2469345e-03  9.6009979e-03  1.1769502e-02  8.4349726e-03
  2.0555048e-03 -2.2969932e-03 -9.6145317e-03 -1.6631881e-02 -1.4488488e-02
 -7.2614466e-03 -2.9454735e-03 -9.4426689e-05  1.8358662e-03  7.3168863e-04
  2.9943908e-04 -2.3361271e-03 -1.0122293e-02 -1.7357488e-02 -1.8660318e-02
 -1.5128000e-02 -9.6091508e-03 -5.3893817e-03 -3.6922776e-03  1.0652557e-03
  6.3745761e-03  1.1552798e-02  1.8710866e-02  1.8839682e-02  7.3503131e-03
 -3.4462236e-03 -2.5534829e-03  2.4214062e-03 -1.4802211e-03 -1.1098356e-02
 -1.4058668e-02 -1.2002348e-02 -7.8748696e-03  6.4854553e-04  5.5522763e-03
  7.3980890e-03  9.5641469e-03  8.5285677e-03  9.0312745e-03  8.2569136e-03
  4.1623728e-03  3.9629533e-04 -1.3406927e-03 -1.0310136e-03 -2.6790373e-03
 -4.4170689e-03 -6.5017610e-03 -9.4690843e-03 -4.9934777e-03  3.7235847e-03
  7.2198669e-03  7.9847704e-03  6.1624380e-03 -4.2176494e-05  1.0373402e-03
  1.0418080e-02  1.3032057e-02  1.1431972e-02  1.3590203e-02  1.2716541e-02
  1.0451344e-02  1.0375685e-02  1.1536003e-02  1.8016241e-02  1.7949387e-02
  5.0600052e-03 -5.8294743e-03 -7.3552048e-03 -7.9555831e-03 -1.1476324e-02
 -1.2108172e-02 -4.9867923e-03  3.8876207e-03  5.5292852e-03  4.4579963e-03
  6.3108205e-03  1.3665536e-02  2.1826898e-02  1.8453235e-02  6.9529416e-03
  3.1828855e-03  3.3219736e-03 -3.7547287e-03 -8.0574941e-03 -4.1421537e-03
 -3.3540960e-03 -7.1675254e-03 -1.0188658e-02 -1.3408068e-02 -1.6726454e-02
 -1.3441332e-02 -6.4404513e-03 -2.3084073e-03  4.5952909e-03  9.1907448e-03
  4.9447235e-03 -2.8438886e-03 -7.9141664e-03 -7.9565614e-03 -8.7464127e-03
 -1.1218693e-02 -1.0811864e-02 -6.9914232e-03 -3.1163579e-03 -2.5510370e-03
 -4.9986955e-03 -5.5799961e-03 -3.0920624e-03 -2.4572789e-03 -2.7654579e-03
 -2.1751891e-03  1.6767219e-03  8.4793243e-03  9.6481216e-03  7.4285807e-03
  6.9245695e-03  1.8228215e-03 -6.7331398e-03 -1.2807201e-02 -1.4086877e-02
 -1.1649491e-02 -9.0239369e-03 -6.9169058e-03 -5.2639903e-03 -2.3987412e-03
  2.1217062e-03  6.1324354e-03  8.1002152e-03  1.0265784e-02  1.1177113e-02
  9.3301591e-03  1.0961551e-02  1.2981020e-02  8.9717584e-03  5.7781111e-03
  3.5161753e-03 -5.2468693e-03 -1.1001174e-02 -8.8753913e-03 -5.1330550e-03
  1.5040764e-03  3.8325072e-03  3.2813723e-04  4.0730172e-03  1.1115967e-02
  1.1171406e-02  7.1686668e-03  4.1445995e-03  8.3788808e-04 -3.3307788e-03
 -2.2518262e-03  3.0796700e-03  3.5072071e-03 -3.8776741e-04  5.4288416e-03
  1.6051559e-02  1.5300189e-02  1.3044776e-02  1.9511479e-02  2.4201017e-02
  1.9131555e-02  1.2483042e-02  8.8747391e-03  9.9621706e-05 -9.7643817e-03
 -1.2043765e-02 -1.3938005e-02 -1.8193973e-02 -2.2162797e-02 -2.4758675e-02
 -2.3035155e-02 -1.4779220e-02 -1.4642904e-03  6.6838964e-03  6.5071419e-03
  7.3132990e-03  1.2176494e-02  1.5033916e-02  1.2173885e-02  8.8292460e-03
  8.2631098e-03  5.4731933e-03 -3.9605074e-04 -6.5565484e-03 -1.2270904e-02
 -1.2784536e-02 -8.6503718e-03 -6.7368902e-03 -7.9508544e-03 -1.3116032e-02
 -1.9081007e-02 -1.6031992e-02 -1.0068647e-02 -1.2069039e-02 -1.5217356e-02
 -1.1253098e-02 -2.4936408e-03  4.6399687e-03  6.3995239e-03  4.6725802e-03
  1.8560853e-03 -2.3369423e-03 -4.8132990e-03 -1.4764056e-03  9.1305766e-04
 -2.7569789e-03 -1.2483694e-03  4.9201017e-03  4.7182364e-03  3.1135860e-03
  3.8639773e-03  3.3395839e-03 -1.4679592e-03 -1.0487705e-02 -1.4871348e-02
 -1.3688527e-02 -8.3488782e-03  5.5863553e-03  1.8507044e-02  2.1712758e-02
  2.4665732e-02  2.6027263e-02  2.0307201e-02  1.9410384e-02  1.7196061e-02
  4.8713475e-03 -2.1747000e-03 -2.0196321e-03 -7.8955779e-03 -2.2030720e-02
 -3.1165210e-02 -2.2523154e-02 -3.4035025e-03  7.6182168e-03  5.0678320e-03
 -1.3081790e-03 -2.6979520e-03  1.8957083e-03  7.1269241e-03  6.2066267e-03
 -1.4482781e-03 -1.0049570e-02 -1.3669939e-02 -1.2618054e-02 -8.8980564e-03
  2.1813853e-03  1.7699909e-02  2.8052439e-02  3.1468497e-02  2.5327746e-02
  1.2339877e-02 -1.0018915e-04 -9.8635207e-03 -1.3705811e-02 -1.1507468e-02
 -1.1463279e-02 -1.1803092e-02 -4.5783329e-03  5.1774067e-03  9.7183994e-03
  1.0758381e-02  1.2593432e-02  1.1110749e-02  8.1277720e-03  4.0803548e-03
 -3.8135925e-03 -3.8470193e-03  7.1505674e-03  1.2548265e-02  6.8513566e-03
  8.1863097e-04 -9.6287177e-03 -2.3752609e-02 -2.4499413e-02 -1.2011642e-02
 -1.3608303e-03  8.9495826e-04  2.3545526e-03  6.1197169e-03  4.1910710e-03
 -1.0203496e-02 -2.6371315e-02 -2.7131164e-02 -2.0012066e-02 -1.3706953e-02
 -7.5606574e-03 -4.1189995e-03 -2.1019763e-03 -2.2673167e-03 -1.2423852e-03
 -2.3579768e-03 -3.4683994e-03  1.0268556e-02  2.2394339e-02  1.5174146e-02
  1.1795102e-03 -8.6105857e-03 -1.4615184e-02 -1.9288090e-02 -2.4463540e-02
 -2.7162145e-02 -2.5291873e-02 -2.4362445e-02 -2.0003913e-02 -2.8833486e-03
  2.1115967e-02  3.7501631e-02  4.3311375e-02  3.8983825e-02  2.1579050e-02
  1.1708681e-03 -1.7505870e-02 -3.0214584e-02 -2.4465171e-02 -1.1421047e-02
 -6.3336486e-03  6.3434320e-03  2.9761284e-02  3.9929559e-02  3.9362118e-02
  3.4268197e-02  1.3286916e-02 -8.7185299e-03 -8.3307788e-03 -3.8020154e-03
 -1.6556875e-02 -2.1375228e-02 -5.8087660e-03  1.1880055e-02  2.1376859e-02
  2.1732325e-02  1.9019045e-02  1.5347639e-02  1.1170591e-02  1.1282448e-02
  1.3625424e-02  7.4717910e-03 -2.4584203e-03 -5.0300026e-03 -9.1995500e-03
 -1.4549798e-02 -1.4695571e-02 -1.3276807e-02 -5.3272567e-03  2.3115053e-03
  2.3371054e-03  7.1238260e-03  1.6527524e-02  1.8647274e-02  1.1596987e-02
  4.1969410e-03  2.6686016e-03 -3.0431451e-03 -1.7217258e-02 -2.6937125e-02
 -2.2656861e-02 -6.2394013e-03  1.1295493e-02  2.2751435e-02  2.8169841e-02
  2.6901252e-02  1.8661949e-02  5.2315419e-03 -1.2950854e-02 -2.4706496e-02
 -2.5785938e-02 -2.4931516e-02 -2.3328659e-02 -2.7431190e-02 -3.1987021e-02
 -2.4178189e-02 -9.5690386e-03 -3.3989369e-04 -2.0995304e-04 -4.2491195e-03
 -9.9390164e-03 -1.6768849e-02 -1.8132011e-02 -1.2080779e-02 -6.4466475e-03
 -4.7757957e-03 -5.5775502e-03 -6.1971693e-03 -8.4729650e-03 -1.1674602e-02
 -1.0178874e-02 -4.3339095e-03  3.1827224e-03  4.5313723e-03  1.0651578e-03
  3.6948865e-03  9.9993478e-03  1.1991097e-02  1.2084855e-02  1.0568582e-02
  3.9111010e-03 -1.7383577e-03  2.1844834e-03  1.1231248e-02  1.4267219e-02
  1.5151970e-02  1.6498174e-02  1.2793993e-02  5.4748239e-03 -1.0018426e-03
 -3.0979324e-03 -6.5377968e-03 -1.2619684e-02 -1.0570702e-02 -1.8495630e-03
  4.8770545e-04 -6.3326702e-03 -9.0214910e-03 -5.2158883e-03 -7.9369945e-04
  8.6149883e-03  1.7686864e-02  1.9019045e-02  1.6876468e-02  1.3083094e-02
  9.3531503e-03  7.8372032e-03  6.1342291e-03  6.2491847e-03  5.9895969e-03
  1.7094965e-03 -1.0232846e-03 -1.7725998e-03 -1.5350900e-03  1.3462366e-03
  2.9273741e-03  1.9079376e-03 -9.2942865e-04 -7.8448669e-03 -8.0662992e-03
  9.6667101e-03  2.4458649e-02  1.6301689e-02  2.2108988e-03 -4.6490999e-03
 -8.8664232e-03 -1.9555505e-03  1.1283264e-02  8.2414232e-03 -3.2644143e-03
 -7.0119684e-03 -9.1010631e-03 -4.6189343e-03  1.2130674e-02  2.3729781e-02
  2.2818289e-02  1.1029872e-02 -4.6155100e-03 -8.8855009e-03 -9.7470976e-03
 -1.8218432e-02 -2.0391991e-02 -1.3789134e-02 -1.6107651e-02 -1.9540830e-02
 -1.1807983e-02 -1.2025828e-03  5.5046634e-03  1.0219965e-03 -1.0004076e-02
 -1.4122750e-02 -1.9423428e-02 -2.5037503e-02 -1.1654546e-02  5.9892708e-03
  9.2835247e-03  9.5778437e-03  8.6673298e-03  3.7922319e-03 -3.5259588e-04
 -1.0000000e-02 -1.9596269e-02 -1.7708062e-02 -1.0958779e-02 -7.7705127e-03
 -7.4678776e-03 -5.0441886e-03 -1.7199322e-03  1.2595226e-03  3.1572854e-03
  4.4235912e-03  3.8564767e-04 -1.5566788e-02 -2.2366619e-02 -9.3195604e-03
  1.6675907e-03  1.2509131e-02  2.9787373e-02  2.8856314e-02  1.0555700e-02
  1.0168439e-02  2.8354096e-02  3.7552178e-02  3.2927863e-02  2.5596791e-02
  1.8852726e-02  1.2508153e-02  1.3328333e-02  2.0325137e-02  2.2454670e-02
  1.0881653e-02 -7.1446974e-03 -1.1191462e-02 -4.0513306e-03 -2.0235455e-03
  1.1126239e-03  9.8914036e-03  1.2009523e-02  8.0912471e-03  4.8235716e-03
  1.5274915e-03 -3.4315484e-03 -1.1498174e-02 -1.5127348e-02 -8.1926689e-03
  3.9880642e-04  5.2054526e-03  6.0590595e-03  1.9275046e-03 -1.1449093e-03
 -2.2239434e-03 -2.3313984e-03 -3.0437973e-04 -2.0310462e-03 -7.8217128e-03
 -7.9878685e-03 -2.7656209e-03 -3.1936473e-04  1.9169058e-03  5.1744717e-03
  3.4333420e-03 -2.5180994e-03 -5.9926950e-03 -1.1157546e-03  7.5479390e-03
  6.2058114e-03 -8.2913188e-04  1.5922580e-04 -1.4080518e-03 -1.2267643e-02
 -1.7019958e-02 -1.5513469e-02 -1.6829181e-02 -1.3884849e-02 -8.5812353e-03
 -1.5130446e-02 -2.2464453e-02 -1.9390817e-02 -1.8735325e-02 -2.3033525e-02
 -2.2461192e-02 -1.4623989e-02 -6.6216084e-03 -3.3002870e-03 -2.4271132e-03
  1.9227759e-03  9.5007175e-03  1.0259914e-02  6.0324811e-03  3.3162666e-03
 -3.1130968e-03 -1.0487705e-02 -9.5422972e-03 -5.3406274e-03 -5.0549504e-03
 -1.3593954e-04  9.6833420e-03  9.8025372e-03  3.7159209e-03  3.1867989e-03
  3.2494130e-03 -9.8834138e-04 -1.6180048e-03 -1.6070474e-03 -6.3346269e-03
 -5.1498500e-03  1.1996804e-04  2.8300287e-03  1.0762458e-02  2.1883968e-02
  2.6573506e-02  2.4693452e-02  1.8409209e-02  1.1506816e-02  7.3362901e-03
  2.8034503e-03 -3.2942538e-03 -5.9264936e-03 -3.5871054e-03  9.8256914e-04
  4.3679885e-03  4.1240543e-03  2.1448604e-03  5.6130968e-03  1.2826931e-02
  1.1063136e-02  5.7955583e-03  6.6920493e-03  6.5180668e-03  3.5823767e-03
  2.8153535e-03  5.3993282e-03  1.1108140e-02  1.5504663e-02  1.2515164e-02
  7.0784960e-03  8.2115836e-03  1.4108075e-02  1.5197626e-02  8.1406535e-03
  6.8432038e-04 -4.6355661e-03 -1.1385175e-02 -1.3811962e-02 -5.3316593e-03
  3.1349465e-03 -4.0516567e-04 -7.9091117e-03 -8.6487412e-03 -3.1801135e-03
  2.4579311e-03  2.9312875e-03  2.1164884e-03  1.7052570e-03 -5.5703757e-03
 -1.2477498e-02 -1.1621282e-02 -1.1672156e-02 -1.6426428e-02 -2.0634947e-02
 -2.0292525e-02 -1.8257566e-02 -1.8198865e-02 -1.7523806e-02 -1.3028307e-02
 -7.2493804e-03 -4.6926363e-03 -4.5887686e-03 -4.5484933e-03 -5.5881490e-03
 -8.7850574e-03 -1.1976259e-02 -1.4298689e-02 -1.7231933e-02 -1.6865053e-02
 -1.0259751e-02 -3.5267741e-03 -9.5871380e-04 -2.6656666e-03 -6.2322267e-03
 -8.2792525e-03 -1.1543015e-02 -1.3747391e-02 -1.0214421e-02 -6.9275046e-03
 -7.7631751e-03 -9.4694104e-03 -7.6399035e-03 -2.1802439e-03 -6.7096595e-06
 -2.2125294e-04  3.1783199e-03  4.5082181e-03  9.4407122e-04  5.3151905e-04
  4.7516632e-03  8.6114010e-03  1.1360390e-02  1.4078235e-02  1.4834007e-02
  1.1603183e-02  8.4134490e-03  7.6743086e-03  8.0465693e-03  1.0785612e-02
  1.3713638e-02  1.3637164e-02  1.1333486e-02  9.3241260e-03  1.1579213e-02
  1.5327909e-02  1.4803842e-02  1.2170460e-02  9.7743282e-03  8.0211323e-03
  8.4439408e-03  1.0510044e-02  1.2453855e-02  1.3321158e-02  1.1847606e-02
  9.0035547e-03  8.7501631e-03  1.0547711e-02  1.1475672e-02  1.1174178e-02
  9.5194691e-03  6.5981281e-03  2.9045460e-03  4.2533590e-04  7.3628685e-04
  1.4247489e-03  1.3478509e-03  1.5617336e-03  2.5624511e-03  2.6726781e-03
  9.5491456e-04 -1.6913971e-04 -9.4389186e-04 -2.8001891e-03 -4.6174667e-03
 -5.8149622e-03 -6.9291351e-03 -8.0972802e-03 -8.3715432e-03 -8.0173819e-03
 -7.4667362e-03 -5.4342225e-03 -2.5329376e-03 -1.4975052e-03 -3.1280981e-03
 -5.1935494e-03 -6.1177602e-03 -7.6650143e-03 -1.0057396e-02 -1.1834236e-02
 -1.3202452e-02 -1.4122750e-02 -1.4295102e-02 -1.2988195e-02 -1.0501728e-02
 -8.1152165e-03 -5.7771328e-03 -4.1692212e-03 -4.5263175e-03 -6.1471106e-03
 -6.7675450e-03 -6.3770219e-03 -7.1109444e-03 -8.4238847e-03 -8.6808636e-03
 -7.9815093e-03 -6.5927472e-03 -5.2600770e-03 -4.9758675e-03 -5.4850965e-03
 -5.0184255e-03 -3.8020154e-03 -4.1860162e-03 -5.4304722e-03 -5.4056875e-03
 -4.0542656e-03 -1.5255348e-03  1.9897926e-03  6.4049048e-03  1.1013566e-02
  1.3871478e-02  1.4926135e-02  1.4651057e-02  1.2847150e-02  9.4302765e-03
  4.5568093e-03 -3.0219476e-04 -3.9202322e-03 -5.5159144e-03 -5.0231542e-03
 -2.6107161e-03  2.2363358e-03  7.8642708e-03  1.1926852e-02  1.4375489e-02
  1.5939864e-02  1.6276741e-02  1.4223030e-02  1.0729683e-02  7.6950170e-03
  3.8308766e-03 -8.2163123e-04 -3.1667428e-03 -2.7511088e-03  5.2990477e-04
  6.0649296e-03  1.0833877e-02  1.3985455e-02  1.5883773e-02  1.4806614e-02
  1.0213442e-02  4.1516110e-03 -1.8112445e-03 -7.5079898e-03 -1.1700691e-02
 -1.2254272e-02 -9.6944300e-03 -5.5826050e-03 -8.4956301e-04  3.6208583e-03
  7.7015393e-03  1.0540373e-02  1.0596954e-02  7.6183799e-03  3.1859836e-03
 -8.3984477e-04 -3.7803287e-03 -5.2512718e-03 -5.4655296e-03 -5.2196387e-03
 -4.3352139e-03 -2.7012131e-03 -3.7028763e-04  2.0403405e-03  3.2662079e-03
  3.0739630e-03  1.8678255e-03 -3.0677668e-04 -3.3627381e-03 -6.8226585e-03
 -9.4968041e-03 -1.0312092e-02 -9.1419906e-03 -6.7545004e-03 -4.2453692e-03
 -1.4771719e-03  2.2673167e-03  5.4537895e-03  6.4000130e-03  5.6461975e-03
  3.4127968e-03  3.8824028e-04 -2.3736303e-03 -4.6828529e-03 -6.2863619e-03
 -7.1879076e-03 -6.5891599e-03 -4.6357292e-03 -2.8130707e-03 -5.3652492e-04
  2.2144860e-03  3.9862705e-03  4.6261088e-03  3.9435494e-03  2.0057722e-03
 -2.8060592e-04 -2.0781698e-03 -3.3283329e-03 -4.3758153e-03 -4.5261544e-03
 -3.6164558e-03 -2.3755870e-03 -1.0935788e-03 -3.3405622e-04  2.2107357e-04
  9.2655883e-04  7.7529024e-04 -1.5164036e-04 -7.6485455e-04 -1.1101128e-03
 -1.6312288e-03 -1.9747913e-03 -1.3313005e-03  2.2025828e-04  1.7691756e-03
  3.4359510e-03  5.4795526e-03  6.8068419e-03  7.0372424e-03  6.3166906e-03
  4.6624706e-03  2.4574420e-03 -3.8912079e-04 -3.4997065e-03 -5.6903861e-03
 -6.9791938e-03 -7.7054526e-03 -7.3253652e-03 -5.2100183e-03 -1.8599987e-03
  1.3427472e-03  3.8657709e-03  5.5460801e-03  6.2739695e-03  6.5247522e-03
  5.8330616e-03  4.1615575e-03  2.5587008e-03  8.1280981e-04 -1.0548363e-03
 -2.3149296e-03 -2.8438886e-03 -2.3733042e-03 -8.7147795e-04  9.7167688e-04
  2.3371054e-03  2.9645513e-03  3.1731020e-03  2.5350574e-03  5.2046374e-04
 -1.9524524e-03 -4.1245434e-03 -5.7978411e-03 -6.2998956e-03 -5.3000261e-03
 -3.4118184e-03 -1.2993249e-03  5.6690256e-04  1.9283199e-03  2.5436995e-03
  2.2728607e-03  1.3583681e-03  1.0042721e-05 -1.4087529e-03 -2.7224106e-03
 -3.8230498e-03 -3.8197887e-03 -2.5476128e-03 -8.5606901e-04  7.1391534e-04
  1.9348422e-03  2.7504566e-03  3.2192473e-03  3.0009131e-03  1.8055374e-03
 -1.0949974e-06 -1.8733694e-03 -3.4992173e-03 -4.5135990e-03 -4.5613749e-03
 -3.6901578e-03 -2.2350313e-03 -4.9266241e-04  1.0010436e-03  1.7535220e-03
  1.6064440e-03  4.7927537e-04 -1.3087334e-03 -3.1558179e-03 -4.9867923e-03
 -6.6265001e-03 -7.2407383e-03 -6.4988260e-03 -4.8653144e-03 -2.6379468e-03
 -1.8559223e-04  2.0046308e-03  3.7239108e-03  4.6481216e-03  4.4801722e-03
  3.4617141e-03  1.7796113e-03 -3.2145187e-04 -2.0708322e-03 -2.9508544e-03
 -3.0928776e-03 -2.5440256e-03 -1.4184059e-03 -2.5702779e-04  4.6218693e-04
  6.8376598e-04  4.3851096e-04 -7.3858596e-05 -7.2552505e-04 -1.6571550e-03
 -2.7977433e-03 -3.6539590e-03 -3.3788808e-03 -1.7253131e-03  4.3490738e-04
  2.4067310e-03  4.0536134e-03  5.0966932e-03  5.3213866e-03  4.6722541e-03
  3.0871706e-03  1.1565190e-03 -5.6535351e-04 -1.9204931e-03 -2.8932951e-03
 -3.6451539e-03 -3.6927668e-03 -2.3168863e-03  1.1011610e-05  2.0646361e-03
  3.3658362e-03  3.8558244e-03  3.2138664e-03  1.8461388e-03  4.9187973e-04
 -7.5017936e-04 -1.5413351e-03 -1.2833616e-03 -7.7113227e-05  1.5880022e-03
  3.1876141e-03  4.3471171e-03  4.6763306e-03  4.1861792e-03  3.5606901e-03
  2.6141404e-03  5.1232716e-04 -1.9997391e-03 -3.3728476e-03 -3.3907840e-03
 -3.0542330e-03 -2.8559549e-03 -2.2712301e-03 -1.1822822e-03  3.4499739e-04
